# Created on 2022-09-13 07:27:41 
# Sources: obs\TPKL1681.22O, nav\TPKL1681.22N
# Satellite: G30
# Interval: 30.0
# Sampling interval: 0.0 (not used).
# Site: TPKL
# Position (L, B, H): 78.5290569025, 42.4638637031, 1886.01891334
# Position (X, Y, Z): 937429.6846, 4619604.6444, 4285027.6573
# datetime format: %Y-%m-%dT%H:%M:%S
# Columns: tsn, hour, el, az, tec.l1l2, tec.p1p2, validity
# (I11,1X,F14.11,1X,F10.5,1X,F11.5,1X,F21.3,1X,F10.3,1X,I7)
       2770 23.08333333333   52.83960   306.33195               -73.250    114.965    4096
       2771 23.09166666667   53.04911   306.42752               -73.244    116.031    4096
       2772 23.10000000000   53.25890   306.52261               -73.243    111.539    4096
       2773 23.10833333333   53.46896   306.61722               -73.224    111.539    4096
       2774 23.11666666667   53.67930   306.71135               -73.216    120.647    4096
       2775 23.12500000000   53.88992   306.80498               -73.208    121.761    4096
       2776 23.13333333333   54.10082   306.89810               -73.238    119.714    4096
       2777 23.14166666667   54.31200   306.99072               -73.174    122.322    4096
       2778 23.15000000000   54.52345   307.08283               -73.160    125.701    4096
       2779 23.15833333333   54.73518   307.17441               -73.207    129.641    4096
       2780 23.16666666667   54.94718   307.26546               -73.182    124.625    4096
       2781 23.17500000000   55.15947   307.35597               -73.195    121.351    4096
       2782 23.18333333333   55.37202   307.44594               -73.157    122.579    4096
       2783 23.19166666667   55.58486   307.53535               -73.162    122.988    4096
       2784 23.20000000000   55.79797   307.62420               -73.150    124.473    4096
       2785 23.20833333333   56.01136   307.71248               -73.129    121.494    4096
       2786 23.21666666667   56.22502   307.80018               -73.118    124.207    4096
       2787 23.22500000000   56.43896   307.88728               -73.096    123.921    4096
       2788 23.23333333333   56.65317   307.97379               -73.077    115.774    4096
       2789 23.24166666667   56.86766   308.05969               -73.065    121.761    4096
       2790 23.25000000000   57.08242   308.14497               -73.075    112.386    4096
       2791 23.25833333333   57.29745   308.22963               -73.057    114.137    4096
       2792 23.26666666667   57.51276   308.31364               -73.039    112.757    4096
       2793 23.27500000000   57.72834   308.39701               -73.039    115.327    4096
       2794 23.28333333333   57.94420   308.47972               -73.027    117.934    4096
       2795 23.29166666667   58.16032   308.56175               -73.027    117.934    4096
       2796 23.30000000000   58.37672   308.64310               -66.078    117.934    4096
       2797 23.30833333333   58.59339   308.72376               -66.066    115.365    4098
       2798 23.31666666667   58.81033   308.80371               -66.066    115.365    4098
       2799 23.32500000000   59.02754   308.88294               -63.758    117.411    4096
       2800 23.33333333333   59.24502   308.96143               -63.758    117.411    4096
       2801 23.34166666667   59.46277   309.03918               -70.744    123.245    4096
       2802 23.35000000000   59.68078   309.11618               -70.744    123.245    4096
       2803 23.35833333333   59.89907   309.19239               -70.744    123.245    4096
       2804 23.36666666667   60.11762   309.26782               -66.112    119.162    4096
       2805 23.37500000000   60.33644   309.34245               -75.413    124.921    4096
       2806 23.38333333333   60.55552   309.41625               -75.413    124.921    4096
       2807 23.39166666667   60.77487   309.48923               -75.413    122.921    4096
       2808 23.40000000000   60.99449   309.56135               -72.413    121.921    4096
       2809 23.40833333333   61.21437   309.63260               -70.710    121.618    4096
       2810 23.41666666667   61.43451   309.70296               -70.710    121.618    4096
       2811 23.42500000000   61.65491   309.77242               -66.075    118.639    4096
       2812 23.43333333333   61.87558   309.84096               -66.049    119.305    4098
       2813 23.44166666667   62.09650   309.90856               -68.341    120.124    4098
       2814 23.45000000000   62.31769   309.97520               -75.297    124.368    4096
       2815 23.45833333333   62.53913   310.04085               -75.297    124.368    4096
       2816 23.46666666667   62.76084   310.10550               -71.297    121.368    4096
       2817 23.47500000000   62.98280   310.16912               -70.558    120.542    4096
       2818 23.48333333333   63.20501   310.23169               -70.532    120.542    4098
       2819 23.49166666667   63.42748   310.29320               -70.502    123.398    4098
       2820 23.50000000000   63.65021   310.35360               -65.813    117.373    4096
       2821 23.50833333333   63.87318   310.41289               -61.109    116.183    4096
       2822 23.51666666667   64.09641   310.47102               -65.681    115.888    4098
       2823 23.52500000000   64.31989   310.52798               -65.648    118.896    4098
       2824 23.53333333333   64.54362   310.58374               -65.648    118.896    4098
       2825 23.54166666667   64.76760   310.63827               -70.186    121.761    4096
       2826 23.55000000000   64.99183   310.69153               -70.186    121.761    4096
       2827 23.55833333333   65.21630   310.74350               -70.186    121.761    4096
       2828 23.56666666667   65.44101   310.79414               -68.186    122.761    4096
       2829 23.57500000000   65.66597   310.84342               -67.704    123.245    4096
       2830 23.58333333333   65.89117   310.89131               -67.704    123.245    4096
       2831 23.59166666667   66.11661   310.93777               -67.704    123.245    4096
       2832 23.60000000000   66.34228   310.98275               -72.176    120.381    4096
       2833 23.60833333333   66.56820   311.02623               -72.176    120.381    4096
       2834 23.61666666667   66.79435   311.06816               -72.176    120.381    4096
       2835 23.62500000000   67.02073   311.10850               -72.176    120.381    4096
       2836 23.63333333333   67.24735   311.14719               -76.724    125.444    4096
       2837 23.64166666667   67.47419   311.18421               -72.044    121.608    4096
       2838 23.65000000000   67.70127   311.21949               -74.310    123.245    4098
       2839 23.65833333333   67.92857   311.25300               -78.935    124.625    4098
       2840 23.66666666667   68.15609   311.28467               -76.574    128.975    4098
       2841 23.67500000000   68.38384   311.31445               -76.574    128.975    4098
       2842 23.68333333333   68.61181   311.34228               -76.574    128.975    4098
       2843 23.69166666667   68.83999   311.36812               -76.574    128.975    4098
       2844 23.70000000000   69.06840   311.39188               -76.407    127.186    4096
       2845 23.70833333333   69.29701   311.41351               -78.734    125.701    4098
       2846 23.71666666667   69.52583   311.43294               -74.017    116.745    4098
       2847 23.72500000000   69.75487   311.45010               -76.305    121.608    4096
       2848 23.73333333333   69.98411   311.46492               -76.305    121.608    4096
       2849 23.74166666667   70.21355   311.47731               -76.305    121.608    4096
       2850 23.75000000000   70.44319   311.48719               -76.169    121.056    4096
       2851 23.75833333333   70.67303   311.49449               -71.458    117.259    4096
       2852 23.76666666667   70.90307   311.49910               -73.713    120.238    4096
       2853 23.77500000000   71.13329   311.50094               -73.713    120.238    4096
       2854 23.78333333333   71.36370   311.49990               -80.576    123.921    4096
       2855 23.79166666667   71.59430   311.49588               -75.896    122.722    4096
       2856 23.80000000000   71.82508   311.48877               -75.857    122.313    4096
       2857 23.80833333333   72.05603   311.47846               -73.469    119.971    4096
       2858 23.81666666667   72.28716   311.46482               -78.095    126.776    4098
       2859 23.82500000000   72.51846   311.44773               -78.095    126.776    4098
       2860 23.83333333333   72.74992   311.42705               -77.966    123.540    4096
       2861 23.84166666667   72.98154   311.40264               -77.966    123.540    4096
       2862 23.85000000000   73.21331   311.37434               -77.966    123.540    4096
       2863 23.85833333333   73.44524   311.34201               -77.881    120.266    4096
       2864 23.86666666667   73.67731   311.30546               -77.881    120.266    4096
       2865 23.87500000000   73.90952   311.26453               -77.849    119.305    4098
       2866 23.88333333333   74.14186   311.21902               -70.812    116.707    4096
       2867 23.89166666667   74.37433   311.16873               -70.812    116.707    4096
       2868 23.90000000000   74.60693   311.11346               -70.812    116.707    4096
       2869 23.90833333333   74.83963   311.05297               -73.072    116.707    4096
       2870 23.91666666667   75.07245   310.98703               -73.072    116.707    4096
       2871 23.92500000000   75.30536   310.91539               -74.072    116.707    4096
       2872 23.93333333333   75.53837   310.83777               -74.072    126.520    4096
       2873 23.94166666667   75.77146   310.75388               -74.072    126.520    4096
       2874 23.95000000000   76.00463   310.66342               -80.006    126.520    4096
       2875 23.95833333333   76.23786   310.56606               -80.006    126.520    5200
       2876 23.96666666667   76.47115   310.46144               -80.006    126.520    5200
       2877 23.97500000000   76.70449   310.34920               -82.310    125.177    4096
       2878 23.98333333333   76.93785   310.22893               -82.310    125.177    5200
       2879 23.99166666667   77.17124   310.10019               -82.310    125.177    5200