# Created on 2022-09-13 07:27:26 
# Sources: obs\TPKL1681.22O, nav\TPKL1681.22N
# Satellite: G05
# Interval: 30.0
# Sampling interval: 0.0 (not used).
# Site: TPKL
# Position (L, B, H): 78.5290569025, 42.4638637031, 1886.01891334
# Position (X, Y, Z): 937429.6846, 4619604.6444, 4285027.6573
# datetime format: %Y-%m-%dT%H:%M:%S
# Columns: tsn, hour, el, az, tec.l1l2, tec.p1p2, validity
# (I11,1X,F14.11,1X,F10.5,1X,F11.5,1X,F21.3,1X,F10.3,1X,I7)
        722  6.01666666667   14.20737   183.38814              -160.536    166.151    4096
        723  6.02500000000   14.42177   183.35948              -161.070    121.608    4096
        724  6.03333333333   14.63650   183.33106              -161.543    154.035    4096
        725  6.04166666667   14.85158   183.30285              -162.182    155.263    4096
        726  6.05000000000   15.06700   183.27486              -162.833    171.757    4096
        727  6.05833333333   15.28275   183.24708              -163.521    160.060    4096
        728  6.06666666667   15.49884   183.21952              -164.146    152.132    4096
        729  6.07500000000   15.71527   183.19217              -164.618    155.254    4096
        730  6.08333333333   15.93204   183.16502              -165.128  -2269.575    4096
        731  6.09166666667   16.14914   183.13809              -165.916    160.165    4096
        732  6.10000000000   16.36658   183.11135              -166.469    155.263    4096
        733  6.10833333333   16.58435   183.08481              -167.000    160.279    4096
        734  6.11666666667   16.80246   183.05847              -167.684    169.169    4096
        735  6.12500000000   17.02090   183.03232              -168.302    155.920    4096
        736  6.13333333333   17.23967   183.00636              -168.784    145.336    4096
        737  6.14166666667   17.45877   182.98059              -169.297    149.790    4096
        738  6.15000000000   17.67820   182.95501              -169.833    147.782    4096
        739  6.15833333333   17.89795   182.92961              -170.235    156.634    4096
        740  6.16666666667   18.11804   182.90438              -170.742    163.696    4096
        741  6.17500000000   18.33846   182.87934              -171.192    163.544    4096
        742  6.18333333333   18.55920   182.85446              -171.568    158.794    4096
        743  6.19166666667   18.78027   182.82976              -171.963    160.983    4096
        744  6.20000000000   19.00166   182.80522              -172.370    156.491    4096
        745  6.20833333333   19.22338   182.78085              -172.712    159.489    4096
        746  6.21666666667   19.44542   182.75664              -173.020    163.287    4096
        747  6.22500000000   19.66778   182.73258              -173.391    162.506    4096
        748  6.23333333333   19.89046   182.70868              -173.776    158.385    4096
        749  6.24166666667   20.11347   182.68493              -174.060    160.279    4096
        750  6.25000000000   20.33679   182.66134              -174.485    157.966    4096
        751  6.25833333333   20.56044   182.63788              -174.718    154.587    4096
        752  6.26666666667   20.78440   182.61457              -175.122    153.103    4096
        753  6.27500000000   21.00868   182.59139             18865.503  -2292.037    4096
        754  6.28333333333   21.23327   182.56836              -175.740    143.690    4096
        755  6.29166666667   21.45818   182.54545              -176.103    152.808    4096
        756  6.30000000000   21.68340   182.52267              -176.467    147.934    4096
        757  6.30833333333   21.90894   182.50002              -176.836    153.512    4096
        758  6.31666666667   22.13479   182.47749              -177.248    162.992    4096
        759  6.32500000000   22.36096   182.45508              -177.675    150.761    4096
        760  6.33333333333   22.58743   182.43278              -178.126    160.431    4096
        761  6.34166666667   22.81421   182.41059              -178.565    154.140    4096
        762  6.35000000000   23.04130   182.38852              -179.024  -2282.215    4096
        763  6.35833333333   23.26870   182.36654              -179.444    153.369    4096
        764  6.36666666667   23.49641   182.34467              -179.918    158.118    4096
        765  6.37500000000   23.72442   182.32289              -180.400    158.528    4096
        766  6.38333333333   23.95273   182.30121              -180.941    157.452    4096
        767  6.39166666667   24.18135   182.27961              -181.384    146.259    4096
        768  6.40000000000   24.41028   182.25811              -181.912    154.702    4096
        769  6.40833333333   24.63950   182.23668              -182.434    153.217    4096
        770  6.41666666667   24.86903   182.21533              -182.968    147.639    4096
        771  6.42500000000   25.09885   182.19406             18857.450  -2291.513    4096
        772  6.43333333333   25.32898   182.17285              -183.972    136.703    4096
        773  6.44166666667   25.55940   182.15171              -184.488    140.682    4096
        774  6.45000000000   25.79012   182.13064              -184.976    138.788    4096
        775  6.45833333333   26.02113   182.10962              -185.520    139.045    4096
        776  6.46666666667   26.25244   182.08866              -186.086    146.155    4096
        777  6.47500000000   26.48404   182.06774              -186.656    131.136    4096
        778  6.48333333333   26.71593   182.04687              -187.132    146.821    4096
        779  6.49166666667   26.94812   182.02604              -187.691    143.138    4096
        780  6.50000000000   27.18059   182.00525              -188.184    145.745    4096
        781  6.50833333333   27.41335   181.98449              -188.719    137.712    4096
        782  6.51666666667   27.64641   181.96376              -189.215    144.261    4096
        783  6.52500000000   27.87974   181.94305              -189.776    146.412    4096
        784  6.53333333333   28.11337   181.92236              -190.284    143.138    4096
        785  6.54166666667   28.34727   181.90169              -190.795    140.130    4096
        786  6.55000000000   28.58146   181.88102              -191.235    135.105    4096
        787  6.55833333333   28.81594   181.86036              -191.683    141.767    4096
        788  6.56666666667   29.05069   181.83970              -192.111    144.622    4096
        789  6.57500000000   29.28572   181.81904              -192.599    143.690    4096
        790  6.58333333333   29.52103   181.79836              -192.897    131.726    4096
        791  6.59166666667   29.75662   181.77767              -193.310    124.892    4096
        792  6.60000000000   29.99248   181.75696              -193.603    129.232    4096
        793  6.60833333333   30.22862   181.73623              -193.924    143.290    4096
        794  6.61666666667   30.46503   181.71546              -194.229    134.962    4096
        795  6.62500000000   30.70171   181.69466              -194.555  -2301.288    4096
        796  6.63333333333   30.93866   181.67382              -194.831    140.273    4096
        797  6.64166666667   31.17588   181.65293              -195.115    139.978    4096
        798  6.65000000000   31.41337   181.63200              -195.398    140.016    4096
        799  6.65833333333   31.65113   181.61100              -195.588    137.151    4096
        800  6.66666666667   31.88915   181.58994              -195.783    129.641    4096
        801  6.67500000000   32.12743   181.56881              -196.009    132.801    4096
        802  6.68333333333   32.36597   181.54761              -196.160    138.226    4096
        803  6.69166666667   32.60478   181.52633              -196.483    134.286    4096
        804  6.70000000000   32.84385   181.50496              -196.630    128.147    4096
        805  6.70833333333   33.08317   181.48349              -196.903    126.929    4096
        806  6.71666666667   33.32275   181.46193              -197.113    126.110    4096
        807  6.72500000000   33.56258   181.44027              -197.290    128.461    4096
        808  6.73333333333   33.80267   181.41849              -197.467    125.596    4096
        809  6.74166666667   34.04301   181.39660              -197.732    122.170    4096
        810  6.75000000000   34.28360   181.37458              -198.006    123.664    4096
        811  6.75833333333   34.52444   181.35243              -198.209    131.164    4096
        812  6.76666666667   34.76553   181.33014              -198.447    128.414    4096
        813  6.77500000000   35.00686   181.30771              -198.727    132.135    4096
        814  6.78333333333   35.24843   181.28512              -199.003    128.042    4096
        815  6.79166666667   35.49025   181.26238              -199.352    134.400    4096
        816  6.80000000000   35.73231   181.23947              -199.545    122.436    4096
        817  6.80833333333   35.97460   181.21638              -199.873    125.444    4096
        818  6.81666666667   36.21714   181.19312              -200.097    119.305    4096
        819  6.82500000000   36.45991   181.16967             18840.571    119.457    4096
        820  6.83333333333   36.70291   181.14602              -200.604    122.579    4096
        821  6.84166666667   36.94615   181.12216              -200.821    125.292    4096
        822  6.85000000000   37.18961   181.09810              -201.079    130.717    4096
        823  6.85833333333   37.43331   181.07381              -201.368    132.249    4096
        824  6.86666666667   37.67723   181.04930              -201.664    127.747    4096
        825  6.87500000000   37.92137   181.02454              -201.936    131.535    4096
        826  6.88333333333   38.16574   180.99955              -202.188    124.892    4096
        827  6.89166666667   38.41033   180.97429              -202.386    114.955    4096
        828  6.90000000000   38.65514   180.94878              -202.565    102.430    4096
        829  6.90833333333   38.90016   180.92299              -202.735    114.660    4096
        830  6.91666666667   39.14540   180.89692              -202.956    123.540    4096
        831  6.92500000000   39.39086   180.87056              -203.174    124.359    4096
        832  6.93333333333   39.63652   180.84390              -203.408    125.035    4096
        833  6.94166666667   39.88239   180.81692              -203.670    129.384    4096
        834  6.95000000000   40.12847   180.78963              -203.867    129.936    4096
        835  6.95833333333   40.37476   180.76201              -204.167    124.368    4096
        836  6.96666666667   40.62125   180.73405              -204.321    124.368    4096
        837  6.97500000000   40.86793   180.70573              -204.537    128.309    4096
        838  6.98333333333   41.11482   180.67706              -204.751    124.882    4096
        839  6.99166666667   41.36190   180.64801              -204.944    118.344    4096
        840  7.00000000000   41.60918   180.61857              -205.125    128.556    4096
        841  7.00833333333   41.85665   180.58874              -205.390    130.726    4096
        842  7.01666666667   42.10431   180.55851              -205.563    121.761    4096
        843  7.02500000000   42.35215   180.52785              -205.755    123.245    4096
        844  7.03333333333   42.60018   180.49677              -205.948    126.415    4096
        845  7.04166666667   42.84840   180.46524              -206.131    120.086    4096
        846  7.05000000000   43.09679   180.43326              -206.295    121.618    4096
        847  7.05833333333   43.34536   180.40081              -206.464    124.892    4096
        848  7.06666666667   43.59410   180.36787              -206.624    111.948    4096
        849  7.07500000000   43.84302   180.33444              -206.772    117.106    4096
        850  7.08333333333   44.09210   180.30051              -206.855    112.909    4096
        851  7.09166666667   44.34135   180.26605              -206.998    111.681    4096
        852  7.10000000000   44.59077   180.23105              -207.140    115.774    4096
        853  7.10833333333   44.84035   180.19551              -207.275    107.969    4096
        854  7.11666666667   45.09009   180.15940              -207.399    118.487    4096
        855  7.12500000000   45.33998   180.12270              -207.535    115.888    4096
        856  7.13333333333   45.59003   180.08542              -207.710    126.405    4096
        857  7.14166666667   45.84023   180.04751              -207.808    117.106    4096
        858  7.15000000000   46.09058   180.00899              -207.913    120.086    4096
        859  7.15833333333   46.34107   179.96981              -208.067    121.085    4096
        860  7.16666666667   46.59170   179.92998              -208.181    119.153    4096
        861  7.17500000000   46.84247   179.88946              -208.295    114.289    4096
        862  7.18333333333   47.09338   179.84825              -208.438    122.731    4096
        863  7.19166666667   47.34442   179.80633              -208.559    119.315    4096
        864  7.20000000000   47.59559   179.76367              -208.690    117.516    4096
        865  7.20833333333   47.84688   179.72026              -208.839    116.554    4096
        866  7.21666666667   48.09830   179.67609              -208.918    121.094    4096
        867  7.22500000000   48.34984   179.63112              -209.046    122.541    4096
        868  7.23333333333   48.60150   179.58533              -209.222    121.504    4096
        869  7.24166666667   48.85326   179.53872              -209.320    117.668    4096
        870  7.25000000000   49.10514   179.49126              -209.483    121.761    4096
        871  7.25833333333   49.35712   179.44292              -209.561    116.440    4096
        872  7.26666666667   49.60921   179.39368              -209.687    120.942    4096
        873  7.27500000000   49.86139   179.34353              -209.790    110.568    4096
        874  7.28333333333   50.11367   179.29243              -209.923    116.592    4096
        875  7.29166666667   50.36603   179.24037              -210.049    114.441    4096
        876  7.30000000000   50.61849   179.18731              -210.131    118.487    4096
        877  7.30833333333   50.87103   179.13324              -210.253    111.386    4096
        878  7.31666666667   51.12365   179.07813              -210.345    119.610    4096
        879  7.32500000000   51.37634   179.02195                 0.000      0.000    5200
        880  7.33333333333   51.62910   178.96467                42.779    118.087    4096
        881  7.34166666667   51.88193   178.90628                42.648    120.390    4096
        882  7.35000000000   52.13483   178.84673                42.552    122.322    4096
        883  7.35833333333   52.38778   178.78600                42.479    113.575    4096
        884  7.36666666667   52.64078   178.72406                42.349    113.061    4096
        885  7.37500000000   52.89384   178.66089                42.277    115.212    4096
        886  7.38333333333   53.14693   178.59644                42.163    116.183    4096
        887  7.39166666667   53.40007   178.53068                42.064    116.031    4096
        888  7.40000000000   53.65325   178.46359                41.940    122.284    4096
        889  7.40833333333   53.90645   178.39513                41.841    111.948    4096
        890  7.41666666667   54.15968   178.32526                41.731    117.116    4096
        891  7.42500000000   54.41293   178.25395                41.630    115.774    4096
        892  7.43333333333   54.66619   178.18116                41.529    121.761    4096
        893  7.44166666667   54.91946   178.10685                41.440    110.463    4096
        894  7.45000000000   55.17274   178.03099                41.396    107.189    4096
        895  7.45833333333   55.42601   177.95354                41.261    118.496    4096
        896  7.46666666667   55.67928   177.87444                50.420    120.276    4098
        897  7.47500000000   55.93254   177.79367                54.945    119.981    4096
        898  7.48333333333   56.18577   177.71117                 0.000      0.000    5200
        899  7.49166666667   56.43899   177.62691                54.790    112.766    4096
        900  7.50000000000   56.69217   177.54084                57.039    112.091    4096
        901  7.50833333333   56.94531   177.45290                59.289    111.948    4098
        902  7.51666666667   57.19841   177.36306                59.188  -2320.914    4096
        903  7.52500000000   57.45146   177.27125                 0.000      0.000    5200
        904  7.53333333333   57.70445   177.17744                54.348    117.525    4096
        905  7.54166666667   57.95738   177.08156                58.932    111.796    4098
        906  7.55000000000   58.21024   176.98357                63.500    111.386    4098
        907  7.55833333333   58.46302   176.88340                63.404    109.226    4096
        908  7.56666666667   58.71572   176.78100                61.000    109.645    4098
        909  7.57500000000   58.96832   176.67630                63.254    111.539    4096
        910  7.58333333333   59.22082   176.56926                58.494    109.940    4098
        911  7.59166666667   59.47321   176.45979                58.413    112.357    4096
        912  7.60000000000   59.72549   176.34784                58.304    107.969    4096
        913  7.60833333333   59.97764   176.23335                58.184    112.091    4096
        914  7.61666666667   60.22966   176.11623                58.108    107.998    4096
        915  7.62500000000   60.48153   175.99642                58.041    111.539    4096
        916  7.63333333333   60.73325   175.87385                57.921    113.433    4096
        917  7.64166666667   60.98481   175.74844                57.861    109.226    4096
        918  7.65000000000   61.23620   175.62011                57.744    109.083    4096
        919  7.65833333333   61.48741   175.48877                57.672    106.104    4096
        920  7.66666666667   61.73843   175.35435                57.622    108.674    4096
        921  7.67500000000   61.98925   175.21676                57.538    107.075    4096
        922  7.68333333333   62.23986   175.07591                64.423    114.546    4098
        923  7.69166666667   62.49024   174.93171                62.024    110.568    4096
        924  7.70000000000   62.74040   174.78405                61.961    108.674    4096
        925  7.70833333333   62.99030   174.63285                61.891    113.433    4096
        926  7.71666666667   63.23995   174.47800                61.790    112.614    4096
        927  7.72500000000   63.48933   174.31940                61.695    110.425    4096
        928  7.73333333333   63.73842   174.15693                75.611    101.602    4098
        929  7.74166666667   63.98723   173.99049                70.908    104.324    4098
        930  7.75000000000   64.23572   173.81996                70.819    107.712    4096
        931  7.75833333333   64.48389   173.64521                70.751    110.863    4096
        932  7.76666666667   64.73172   173.46612                72.974  -2327.462    4098
        933  7.77500000000   64.97920   173.28257                70.572    110.863    4098
        934  7.78333333333   65.22631   173.09442                75.165    106.485    4096
        935  7.79166666667   65.47303   172.90154                77.397    104.848    4096
        936  7.80000000000   65.71936   172.70377                70.381    108.112    4098
        937  7.80833333333   65.96527   172.50098                74.963    108.417    4098
        938  7.81666666667   66.21075   172.29300                72.543    110.834    4096
        939  7.82500000000   66.45577   172.07969                67.820    107.332    4098
        940  7.83333333333   66.70032   171.86087                74.751    105.143    4096
        941  7.84166666667   66.94438   171.63638                74.656    110.311    4096
        942  7.85000000000   67.18793   171.40604                 0.000      0.000    5200
        943  7.85833333333   67.43095   171.16967                72.211    108.150    4096
        944  7.86666666667   67.67341   170.92708            -14764.932  -2326.348    4098
        945  7.87500000000   67.91530   170.67807                72.061    111.948    4096
        946  7.88333333333   68.15659   170.42244                 0.000      0.000    5200
        947  7.89166666667   68.39725   170.15998                74.236    106.361    4096
        948  7.90000000000   68.63727   169.89048                78.782    102.430    4096
        949  7.90833333333   68.87661   169.61370                78.723    104.324    4098
        950  7.91666666667   69.11524   169.32941                 0.000      0.000    5200
        951  7.92500000000   69.35315   169.03737                69.311    108.826    4096
        952  7.93333333333   69.59030   168.73733                 0.000      0.000    5200
        953  7.94166666667   69.82666   168.42902                 0.000      0.000    5232
        954  7.95000000000   70.06219   168.11218                 0.000      0.000    5200
        955  7.95833333333   70.29687   167.78653                 0.000      0.000    5200
        956  7.96666666667   70.53066   167.45177                 0.000      0.000    5200
        957  7.97500000000   70.76353   167.10761                75.836    103.658    4096
        958  7.98333333333   70.99543   166.75374                 0.000      0.000    5200
        959  7.99166666667   71.22633   166.38982                 0.000      0.000    5200
        960  8.00000000000   71.45619   166.01554                80.240    103.096    4096
        961  8.00833333333   71.68497   165.63054                77.849    101.459    4096
        962  8.01666666667   71.91261   165.23447                 0.000      0.000    5200
        963  8.02500000000   72.13909   164.82695                 0.000      0.000    5200
        964  8.03333333333   72.36434   164.40760                 0.000      0.000    5200
        965  8.04166666667   72.58832   163.97603                 0.000      0.000    5200
        966  8.05000000000   72.81098   163.53183                77.521    107.741    4096
        967  8.05833333333   73.03226   163.07459                 0.000      0.000    5200
        968  8.06666666667   73.25210   162.60385                 0.000      0.000    5200
        969  8.07500000000   73.47045   162.11918                79.668    105.285    4096
        970  8.08333333333   73.68724   161.62012                 0.000      0.000    5200
        971  8.09166666667   73.90241   161.10619                 0.000      0.000    5200
        972  8.10000000000   74.11589   160.57690                84.153    101.316    4096
        973  8.10833333333   74.32761   160.03175                84.111    101.164    4098
        974  8.11666666667   74.53750   159.47023                 0.000      0.000    5232
        975  8.12500000000   74.74548   158.89181                 0.000      0.000    5200
        976  8.13333333333   74.95147   158.29596                 0.000      0.000    5200
        977  8.14166666667   75.15539   157.68212                 0.000      0.000    5200
        978  8.15000000000   75.35714   157.04975                 0.000      0.000    5200
        979  8.15833333333   75.55665   156.39827                 0.000      0.000    5232
        980  8.16666666667   75.75380   155.72712                 0.000      0.000    5232
        981  8.17500000000   75.94851   155.03571                 0.000      0.000    5200
        982  8.18333333333   76.14067   154.32347                 0.000      0.000    5200
        983  8.19166666667   76.33017   153.58980                83.490    102.944    4096
        984  8.20000000000   76.51690   152.83413                 0.000      0.000    5232
        985  8.20833333333   76.70075   152.05589                 0.000      0.000    5200
        986  8.21666666667   76.88159   151.25450                87.924   -271.856    4096
        987  8.22500000000   77.05930   150.42941                 0.000      0.000    5200
        988  8.23333333333   77.23375   149.58007                85.497    105.257    4096
        989  8.24166666667   77.40481   148.70597                87.787    108.150    4096
        990  8.25000000000   77.57234   147.80661             19128.670  -2334.001    4096
        991  8.25833333333   77.73619   146.88152                 0.000      0.000    5200
        992  8.26666666667   77.89621   145.93029                 0.000      0.000    5200
        993  8.27500000000   78.05226   144.95253                 0.000      0.000    5200
        994  8.28333333333   78.20419   143.94791                87.557    103.096    4096
        995  8.29166666667   78.35182   142.91616                87.541    101.345    4098
        996  8.30000000000   78.49501   141.85709                92.163    100.793    4096
        997  8.30833333333   78.63358   140.77057                 0.000      0.000    5200
        998  8.31666666667   78.76737   139.65655                 0.000      0.000    5200
        999  8.32500000000   78.89620   138.51510                 0.000      0.000    5200
       1000  8.33333333333   79.01992   137.34636                 0.000      0.000    5200
       1001  8.34166666667   79.13834   136.15059                 0.000      0.000    5200
       1002  8.35000000000   79.25131   134.92819                87.286    104.029    4096
       1003  8.35833333333   79.35864   133.67967                 0.000      0.000    5200
       1004  8.36666666667   79.46017   132.40566                 0.000      0.000    5232
       1005  8.37500000000   79.55575   131.10696                84.816    107.998    4096
       1006  8.38333333333   79.64520   129.78449                 0.000      0.000    5200
       1007  8.39166666667   79.72838   128.43931                 0.000      0.000    5200
       1008  8.40000000000   79.80514   127.07267                 0.000      0.000    5232
       1009  8.40833333333   79.87534   125.68592                 0.000      0.000    5200
       1010  8.41666666667   79.93885   124.28058                 0.000      0.000    5200
       1011  8.42500000000   79.99555   122.85831                 0.000      0.000    5200
       1012  8.43333333333   80.04532   121.42088                 0.000      0.000    5232
       1013  8.44166666667   80.08809   119.97022                86.868    105.704    4096
       1014  8.45000000000   80.12375   118.50833                 0.000      0.000    5200
       1015  8.45833333333   80.15225   117.03735                 0.000      0.000    5200
       1016  8.46666666667   80.17352   115.55945                86.770    111.129    4096
       1017  8.47500000000   80.18754   114.07690                86.766    110.463    4096
       1018  8.48333333333   80.19427   112.59201                 0.000      0.000    5200
       1019  8.49166666667   80.19372   111.10709                89.035    107.560    4096
       1020  8.50000000000   80.18590   109.62448                84.385    110.606    4096
       1021  8.50833333333   80.17082   108.14647                86.728    110.197    4096
       1022  8.51666666667   80.14854   106.67535                89.053    105.133    4098
       1023  8.52500000000   80.11911   105.21332                89.042    103.096    4098
       1024  8.53333333333   80.08262   103.76251                86.689    104.172    4096
       1025  8.54166666667   80.03914   102.32497                86.680    107.294    4096
       1026  8.55000000000   79.98877   100.90264                88.978    110.463    4096
       1027  8.55833333333   79.93164    99.49732                86.603    108.969    4098
       1028  8.56666666667   79.86787    98.11070                 0.000      0.000    5200
       1029  8.57500000000   79.79759    96.74432                 0.000      0.000    5200
       1030  8.58333333333   79.72096    95.39958                91.142  -2333.858    4096
       1031  8.59166666667   79.63811    94.07775                91.102    101.612    4098
       1032  8.60000000000   79.54921    92.77992                91.080    102.011    4098
       1033  8.60833333333   79.45444    91.50706                91.063  -2333.715    4096
       1034  8.61666666667   79.35394    90.25997                93.378    103.763    4096
       1035  8.62500000000   79.24791    89.03933                91.039    102.021    4096
       1036  8.63333333333   79.13650    87.84568                 0.000      0.000    5232
       1037  8.64166666667   79.01991    86.67943                 0.000      0.000    5200
       1038  8.65000000000   78.89829    85.54088                 0.000      0.000    5200
       1039  8.65833333333   78.77184    84.43019                90.964    101.469    4096
       1040  8.66666666667   78.64071    83.34744                 0.000      0.000    5200
       1041  8.67500000000   78.50510    82.29262                 0.000      0.000    5232
       1042  8.68333333333   78.36515    81.26561                88.579    106.922    4096
       1043  8.69166666667   78.22105    80.26622                 0.000      0.000    5200
       1044  8.70000000000   78.07295    79.29421                 0.000      0.000    5200
       1045  8.70833333333   77.92101    78.34925                 0.000      0.000    5200
       1046  8.71666666667   77.76539    77.43098                 0.000      0.000    5200
       1047  8.72500000000   77.60624    76.53898                 0.000      0.000    5232
       1048  8.73333333333   77.44370    75.67279                 0.000      0.000    5200
       1049  8.74166666667   77.27793    74.83193                90.860    104.029    4096
       1050  8.75000000000   77.10905    74.01588                 0.000      0.000    5200
       1051  8.75833333333   76.93720    73.22411                88.497    108.969    4096
       1052  8.76666666667   76.76250    72.45605                 0.000      0.000    5200
       1053  8.77500000000   76.58508    71.71114                 0.000      0.000    5200
       1054  8.78333333333   76.40506    70.98882                 0.000      0.000    5200
       1055  8.79166666667   76.22256    70.28849                93.177    103.506    4096
       1056  8.80000000000   76.03768    69.60957                90.857    105.438    4098
       1057  8.80833333333   75.85052    68.95149                 0.000      0.000    5200
       1058  8.81666666667   75.66119    68.31366                 0.000      0.000    5200
       1059  8.82500000000   75.46979    67.69551                 0.000      0.000    5200
       1060  8.83333333333   75.27641    67.09648                90.861    101.459    4096
       1061  8.84166666667   75.08114    66.51599                90.871    100.346    4098
       1062  8.85000000000   74.88406    65.95351                 0.000      0.000    5200
       1063  8.85833333333   74.68525    65.40850                 0.000      0.000    5200
       1064  8.86666666667   74.48479    64.88042                 0.000      0.000    5200
       1065  8.87500000000   74.28277    64.36876                 0.000      0.000    5200
       1066  8.88333333333   74.07924    63.87302                90.917    102.944    4096
       1067  8.89166666667   73.87428    63.39271                 0.000      0.000    5200
       1068  8.90000000000   73.66796    62.92734                93.216     97.633    4096
       1069  8.90833333333   73.46032    62.47646                95.532     96.443    4098
       1070  8.91666666667   73.25145    62.03962                 0.000      0.000    5200
       1071  8.92500000000   73.04139    61.61637                90.871     99.822    4096
       1072  8.93333333333   72.83020    61.20629                93.193    101.050    4098
       1073  8.94166666667   72.61793    60.80898                93.202    104.990    4096
       1074  8.95000000000   72.40463    60.42403                93.205    101.355    4098
       1075  8.95833333333   72.19034    60.05106                 0.000      0.000    5200
       1076  8.96666666667   71.97513    59.68969                 0.000      0.000    5200
       1077  8.97500000000   71.75902    59.33957                95.557    101.202    4096
       1078  8.98333333333   71.54207    59.00035                 0.000      0.000    5200
       1079  8.99166666667   71.32431    58.67170                88.608    106.075    4096
       1080  9.00000000000   71.10578    58.35328                 0.000      0.000    5200
       1081  9.00833333333   70.88652    58.04478                 0.000      0.000    5200
       1082  9.01666666667   70.66657    57.74591                90.961    101.050    4096
       1083  9.02500000000   70.44595    57.45636                 0.000      0.000    5200
       1084  9.03333333333   70.22471    57.17587                93.311    102.801    4096
       1085  9.04166666667   70.00286    56.90414                91.000    104.324    4098
       1086  9.05000000000   69.78045    56.64093                 0.000      0.000    5200
       1087  9.05833333333   69.55751    56.38598                93.349    102.839    4096
       1088  9.06666666667   69.33405    56.13904                 0.000      0.000    5200
       1089  9.07500000000   69.11011    55.89989                91.055     99.270    4096
       1090  9.08333333333   68.88571    55.66828                93.400    101.202    4096
       1091  9.09166666667   68.66088    55.44400                 0.000      0.000    5232
       1092  9.10000000000   68.43565    55.22684                91.073    104.838    4096
       1093  9.10833333333   68.21002    55.01660                86.443    106.932    4096
       1094  9.11666666667   67.98403    54.81308                 0.000      0.000    5200
       1095  9.12500000000   67.75770    54.61608                 0.000      0.000    5200
       1096  9.13333333333   67.53104    54.42543                86.528  -2327.719    4096
       1097  9.14166666667   67.30409    54.24094                86.523    110.006    4096
       1098  9.15000000000   67.07684    54.06245                 0.000      0.000    5200
       1099  9.15833333333   66.84934    53.88979                86.599    107.741    4096
       1100  9.16666666667   66.62158    53.72279                 0.000      0.000    5200
       1101  9.17500000000   66.39359    53.56132             19129.885  -2326.234    4096
       1102  9.18333333333   66.16539    53.40521                91.322    105.000    4096
       1103  9.19166666667   65.93698    53.25432                89.007    106.370    4098
       1104  9.20000000000   65.70839    53.10852                91.392    105.409    4098
       1105  9.20833333333   65.47963    52.96767                86.785    104.886    4096
       1106  9.21666666667   65.25072    52.83164                 0.000      0.000    5200
       1107  9.22500000000   65.02166    52.70031                89.159    107.560    4096
       1108  9.23333333333   64.79247    52.57355                84.520    108.931    4096
       1109  9.24166666667   64.56317    52.45125                 0.000      0.000    5200
       1110  9.25000000000   64.33376    52.33329                86.918    106.218    4096
       1111  9.25833333333   64.10426    52.21956                86.952    110.977    4096
       1112  9.26666666667   63.87468    52.10997                82.349    107.855    4098
       1113  9.27500000000   63.64503    52.00440                84.735    108.264    4098
       1114  9.28333333333   63.41532    51.90276                82.450    110.872    4096
       1115  9.29166666667   63.18556    51.80495                 0.000      0.000    5200
       1116  9.30000000000   62.95576    51.71087                82.556    110.454    4096
       1117  9.30833333333   62.72593    51.62045                82.603    108.940    4096
       1118  9.31666666667   62.49609    51.53359                82.637    110.720    4096
       1119  9.32500000000   62.26623    51.45020                82.676    110.197    4096
       1120  9.33333333333   62.03637    51.37021                82.734    108.531    4098
       1121  9.34166666667   61.80651    51.29353                85.081    104.324    4096
       1122  9.35000000000   61.57668    51.22010                85.153    107.037    4096
       1123  9.35833333333   61.34686    51.14983                85.161    107.712    4096
       1124  9.36666666667   61.11708    51.08265                85.201    105.809    4096
       1125  9.37500000000   60.88733    51.01850                85.245    110.158    4096
       1126  9.38333333333   60.65763    50.95730                85.296  -2328.538    4096
       1127  9.39166666667   60.42799    50.89899            -14751.774    104.315    4096
       1128  9.40000000000   60.19840    50.84351                85.354    108.007    4096
       1129  9.40833333333   59.96888    50.79079                85.383    109.349    4096
       1130  9.41666666667   59.73943    50.74078                85.422    111.129    4096
       1131  9.42500000000   59.51006    50.69341                85.473    110.863    4096
       1132  9.43333333333   59.28078    50.64864                85.456    111.948    4096
       1133  9.44166666667   59.05159    50.60640                85.499    105.704    4096
       1134  9.45000000000   58.82249    50.56664                85.535    112.500    4096
       1135  9.45833333333   58.59350    50.52931                85.577    104.324    4096
       1136  9.46666666667   58.36462    50.49436                85.582    106.104    4096
       1137  9.47500000000   58.13585    50.46174                85.606    109.083    4096
       1138  9.48333333333   57.90720    50.43141                85.641    105.438    4096
       1139  9.49166666667   57.67867    50.40331                85.657    106.770    4096
       1140  9.50000000000   57.45027    50.37741                85.695    106.780    4096
       1141  9.50833333333   57.22200    50.35365                85.734    102.535    4096
       1142  9.51666666667   56.99387    50.33200                85.736    107.750    4096
       1143  9.52500000000   56.76589    50.31242                85.747    109.073    4096
       1144  9.53333333333   56.53805    50.29487                85.760    116.592    4096
       1145  9.54166666667   56.31036    50.27930                85.787    112.500    4096
       1146  9.55000000000   56.08283    50.26568                85.825    108.560    4096
       1147  9.55833333333   55.85545    50.25397                85.846    109.340    4096
       1148  9.56666666667   55.62824    50.24414                85.855    107.560    4096
       1149  9.57500000000   55.40120    50.23614                85.912    109.226    4096
       1150  9.58333333333   55.17433    50.22996                85.959    111.539    4096
       1151  9.59166666667   54.94763    50.22555                85.970    107.341    4096
       1152  9.60000000000   54.72111    50.22288                86.032    110.197    4096
       1153  9.60833333333   54.49476    50.22192                86.080    105.143    4096
       1154  9.61666666667   54.26861    50.22264                86.132    106.361    4096
       1155  9.62500000000   54.04264    50.22501                86.155    104.876    4096
       1156  9.63333333333   53.81686    50.22901                86.210    111.529    4096
       1157  9.64166666667   53.59128    50.23459                86.273    108.417    4096
       1158  9.65000000000   53.36589    50.24174                86.328    107.303    4096
       1159  9.65833333333   53.14070    50.25043                86.380    109.902    4096
       1160  9.66666666667   52.91572    50.26062                86.446    106.485    4096
       1161  9.67500000000   52.69094    50.27231                86.512    103.096    4096
       1162  9.68333333333   52.46637    50.28545                86.563    104.467    4096
       1163  9.69166666667   52.24201    50.30003                86.621    107.294    4096
       1164  9.70000000000   52.01786    50.31603                86.669    104.848    4096
       1165  9.70833333333   51.79393    50.33341                86.722    105.257    4096
       1166  9.71666666667   51.57022    50.35216                86.774    101.612    4096
       1167  9.72500000000   51.34673    50.37226                86.859    102.382    4096
       1168  9.73333333333   51.12346    50.39368                86.904    108.978    4096
       1169  9.74166666667   50.90041    50.41640                86.975    106.675    4096
       1170  9.75000000000   50.67760    50.44040                87.037    106.637    4096
       1171  9.75833333333   50.45501    50.46566                87.122    107.598    4096
       1172  9.76666666667   50.23265    50.49217                87.160    110.197    4096
       1173  9.77500000000   50.01053    50.51990                87.212    111.424    4096
       1174  9.78333333333   49.78865    50.54883                87.281    115.622    4096
       1175  9.79166666667   49.56700    50.57895                87.369    105.295    4096
       1176  9.80000000000   49.34559    50.61023                87.425     96.548    4096
       1177  9.80833333333   49.12442    50.64267                87.458    102.125    4096
       1178  9.81666666667   48.90349    50.67624                87.519    107.075    4096
       1179  9.82500000000   48.68281    50.71092                87.562    111.691    4096
       1180  9.83333333333   48.46237    50.74671                87.633    108.417    4096
       1181  9.84166666667   48.24219    50.78358                87.647    108.379    4096
       1182  9.85000000000   48.02225    50.82151                87.699    107.703    4096
       1183  9.85833333333   47.80256    50.86051                87.737    110.016    4096
       1184  9.86666666667   47.58313    50.90053                87.808    111.244    4096
       1185  9.87500000000   47.36395    50.94159                87.864    111.938    4096
       1186  9.88333333333   47.14502    50.98365                87.924    110.987    4096
       1187  9.89166666667   46.92635    51.02671                87.966    107.560    4096
       1188  9.90000000000   46.70794    51.07075                88.018    109.083    4096
       1189  9.90833333333   46.48979    51.11575                88.060    110.454    4096
       1190  9.91666666667   46.27190    51.16172                88.136    110.054    4096
       1191  9.92500000000   46.05428    51.20862                88.208    111.272    4096
       1192  9.93333333333   45.83691    51.25645                88.253    112.205    4096
       1193  9.94166666667   45.61981    51.30520                88.355    108.264    4096
       1194  9.95000000000   45.40298    51.35486                88.347    109.083    4096
       1195  9.95833333333   45.18641    51.40541                88.456    111.129    4096
       1196  9.96666666667   44.97011    51.45684                88.504    108.264    4096
       1197  9.97500000000   44.75408    51.50914                88.597    108.112    4096
       1198  9.98333333333   44.53831    51.56230                88.663    108.940    4096
       1199  9.99166666667   44.32282    51.61631                88.761     99.670    4096
       1200 10.00000000000   44.10760    51.67115                88.797    102.021    4096
       1201 10.00833333333   43.89265    51.72683                88.921    108.674    4096
       1202 10.01666666667   43.67798    51.78332                88.997    107.855    4096
       1203 10.02500000000   43.46358    51.84061                89.067    104.476    4096
       1204 10.03333333333   43.24945    51.89870                89.139    103.506    4096
       1205 10.04166666667   43.03560    51.95758                89.165    105.961    4096
       1206 10.05000000000   42.82203    52.01724                89.297    113.176    4096
       1207 10.05833333333   42.60873    52.07766                89.392    112.091    4096
       1208 10.06666666667   42.39572    52.13885                89.419    106.485    4096
       1209 10.07500000000   42.18298    52.20078                89.501    110.197    4096
       1210 10.08333333333   41.97052    52.26345                89.566    113.690    4096
       1211 10.09166666667   41.75834    52.32686                89.659    114.403    4096
       1212 10.10000000000   41.54644    52.39099                89.728    110.206    4096
       1213 10.10833333333   41.33482    52.45584                89.780  -2330.727    4096
       1214 10.11666666667   41.12349    52.52139                89.867    110.568    4096
       1215 10.12500000000   40.91244    52.58765                89.961  -2322.960    4096
       1216 10.13333333333   40.70167    52.65459                89.984    106.475    4096
       1217 10.14166666667   40.49118    52.72222                90.034    109.787    4096
       1218 10.15000000000   40.28098    52.79052                90.120    110.197    4096
       1219 10.15833333333   40.07106    52.85950                90.163    110.834    4096
       1220 10.16666666667   39.86143    52.92913                90.209    109.083    4096
       1221 10.17500000000   39.65208    52.99942                90.348    116.697    4096
       1222 10.18333333333   39.44302    53.07036                90.419  -2320.248    4096
       1223 10.19166666667   39.23424    53.14193                90.521    119.714    4096
       1224 10.20000000000   39.02575    53.21414                90.619    118.896    4096
       1225 10.20833333333   38.81755    53.28698                90.646    117.116    4096
       1226 10.21666666667   38.60963    53.36043                90.737    107.893    4096
       1227 10.22500000000   38.40201    53.43450                90.861    110.349    4096
       1228 10.23333333333   38.19466    53.50917                90.914    115.774    4096
       1229 10.24166666667   37.98761    53.58445                91.077    114.546    4096
       1230 10.25000000000   37.78085    53.66032                91.186    112.357    4096
       1231 10.25833333333   37.57437    53.73678                91.278    108.826    4096
       1232 10.26666666667   37.36819    53.81382                91.376    111.539    4096
       1233 10.27500000000   37.16229    53.89144                91.463    116.183    4096
       1234 10.28333333333   36.95668    53.96962                91.582    115.365    4096
       1235 10.29166666667   36.75136    54.04838            -14745.415    112.243    4096
       1236 10.30000000000   36.54633    54.12769                91.803    115.365    4096
       1237 10.30833333333   36.34159    54.20755                91.902    108.674    4096
       1238 10.31666666667   36.13714    54.28797                92.035  -2328.690    4096
       1239 10.32500000000   35.93298    54.36893                92.138    115.212    4096
       1240 10.33333333333   35.72911    54.45042                92.236    110.987    4096
       1241 10.34166666667   35.52553    54.53245                92.382    109.349    4096
       1242 10.35000000000   35.32224    54.61500                92.470    110.977    4096
       1243 10.35833333333   35.11923    54.69808                92.614    106.256    4096
       1244 10.36666666667   34.91652    54.78168                92.714    103.096    4096
       1245 10.37500000000   34.71410    54.86579                92.842    108.417    4096
       1246 10.38333333333   34.51197    54.95040                92.948    107.446    4096
       1247 10.39166666667   34.31013    55.03552             19133.999  -2325.273    4096
       1248 10.40000000000   34.10858    55.12114                93.168    105.400    4096
       1249 10.40833333333   33.90732    55.20725                93.271    105.542    4096
       1250 10.41666666667   33.70635    55.29385                93.386    113.471    4096
       1251 10.42500000000   33.50567    55.38094                93.503    112.909    4096
       1252 10.43333333333   33.30528    55.46851                93.583    105.961    4096
       1253 10.44166666667   33.10519    55.55655                93.667    113.985    4096
       1254 10.45000000000   32.90538    55.64506                93.798    110.311    4096
       1255 10.45833333333   32.70586    55.73405                93.924    104.591    4096
       1256 10.46666666667   32.50662    55.82349                94.052    108.150    4096
       1257 10.47500000000   32.30768    55.91340                94.179    112.357    4096
       1258 10.48333333333   32.10903    56.00376                94.290    111.834    4096
       1259 10.49166666667   31.91067    56.09458                94.373    109.635    4096
       1260 10.50000000000   31.71260    56.18584                94.488    112.243    4096
       1261 10.50833333333   31.51481    56.27754                94.572    109.759    4096
       1262 10.51666666667   31.31731    56.36969                94.654    116.183    4096
       1263 10.52500000000   31.12011    56.46227                94.771    119.867    4096
       1264 10.53333333333   30.92319    56.55528                94.904    113.461    4096
       1265 10.54166666667   30.72656    56.64872                95.005  -2318.763    4096
       1266 10.55000000000   30.53021    56.74259                95.148    122.988    4096
       1267 10.55833333333   30.33416    56.83688                95.250    119.714    4096
       1268 10.56666666667   30.13839    56.93158                95.335    116.440    4096
       1269 10.57500000000   29.94291    57.02671                95.461    111.424    4096
       1270 10.58333333333   29.74771    57.12224                95.627    117.668    4096
       1271 10.59166666667   29.55280    57.21818                95.788    122.313    4096
       1272 10.60000000000   29.35818    57.31452                95.922    116.183    4096
       1273 10.60833333333   29.16384    57.41127                96.002  -2318.468    4096
       1274 10.61666666667   28.96979    57.50842                96.129    113.737    4096
       1275 10.62500000000   28.77603    57.60595                96.240    111.938    4096
       1276 10.63333333333   28.58255    57.70388                96.359    111.796    4096
       1277 10.64166666667   28.38935    57.80220                96.437  -2316.983    4096
       1278 10.65000000000   28.19644    57.90091                96.610    116.336    4096
       1279 10.65833333333   28.00381    57.99999                96.836  -2319.953    4096
       1280 10.66666666667   27.81147    58.09946                96.935    123.398    4096
       1281 10.67500000000   27.61941    58.19930                97.134    118.077    4096
       1282 10.68333333333   27.42763    58.29951                97.248    118.077    4096
       1283 10.69166666667   27.23614    58.40010                97.440    106.370    4096
       1284 10.70000000000   27.04492    58.50105                97.576    111.282    4096
       1285 10.70833333333   26.85399    58.60237                97.739    101.459    4096
       1286 10.71666666667   26.66334    58.70405                97.917    109.235    4096
       1287 10.72500000000   26.47298    58.80608                98.052    112.357    4096
       1288 10.73333333333   26.28289    58.90848                98.212    114.518    4096
       1289 10.74166666667   26.09308    59.01122                98.472    105.666    4096
       1290 10.75000000000   25.90355    59.11432                98.579    123.245    4096
       1291 10.75833333333   25.71430    59.21777                98.764  -2326.082    4096
       1292 10.76666666667   25.52533    59.32156                98.928    119.857    4096
       1293 10.77500000000   25.33664    59.42569                99.122    118.334    4096
       1294 10.78333333333   25.14822    59.53016                99.289    120.942    4096
       1295 10.79166666667   24.96009    59.63498                99.491    109.645    4096
       1296 10.80000000000   24.77223    59.74012                99.697    121.761    4096
       1297 10.80833333333   24.58464    59.84560            -14737.289    114.394    4096
       1298 10.81666666667   24.39734    59.95141                99.953    117.002    4096
       1299 10.82500000000   24.21030    60.05755               100.135    115.736    4096
       1300 10.83333333333   24.02355    60.16401               100.288    116.440    4096
       1301 10.84166666667   23.83706    60.27079               100.442    102.697    4096
       1302 10.85000000000   23.65086    60.37790               100.574    111.015    4096
       1303 10.85833333333   23.46492    60.48532               100.727    110.197    4096
       1304 10.86666666667   23.27926    60.59306               100.921    110.311    4096
       1305 10.87500000000   23.09387    60.70111               101.097    108.826    4096
       1306 10.88333333333   22.90875    60.80947               101.340    120.124    4096
       1307 10.89166666667   22.72390    60.91814               101.476    113.842    4096
       1308 10.90000000000   22.53932    61.02712               101.617    112.919    4096
       1309 10.90833333333   22.35502    61.13640               101.810    115.327    4096
       1310 10.91666666667   22.17098    61.24598             19142.885  -2322.256    4096
       1311 10.92500000000   21.98721    61.35587               102.137    112.091    4096
       1312 10.93333333333   21.80372    61.46605               102.355    116.849    4096
       1313 10.94166666667   21.62048    61.57652               102.491    111.681    4096
       1314 10.95000000000   21.43752    61.68729               102.730    115.222    4096
       1315 10.95833333333   21.25482    61.79835               102.977    120.019    4096
       1316 10.96666666667   21.07239    61.90970               103.182    124.730    4096
       1317 10.97500000000   20.89023    62.02134               103.337  -2315.336    4096
       1318 10.98333333333   20.70833    62.13326               103.531    125.444    4096
       1319 10.99166666667   20.52669    62.24547               103.775    131.421    4096
       1320 11.00000000000   20.34532    62.35795               103.924    127.490    4096
       1321 11.00833333333   20.16421    62.47072               104.181    119.048    4096
       1322 11.01666666667   19.98336    62.58376               104.444    119.562    4096
       1323 11.02500000000   19.80278    62.69708               104.607    121.761    4096
       1324 11.03333333333   19.62245    62.81067               104.859    115.622    4096
       1325 11.04166666667   19.44239    62.92453               105.073    131.021    4096
       1326 11.05000000000   19.26259    63.03866               105.331    116.707    4096
       1327 11.05833333333   19.08304    63.15306               105.469    135.771    4096
       1328 11.06666666667   18.90376    63.26772               105.703    123.093    4096
       1329 11.07500000000   18.72473    63.38264               105.950    134.848    4096
       1330 11.08333333333   18.54596    63.49783               106.168    138.112    4096
       1331 11.09166666667   18.36745    63.61328               106.457    120.799    4096
       1332 11.10000000000   18.18919    63.72898               106.673    133.467    4096
       1333 11.10833333333   18.01119    63.84494               106.904    115.631    4096
       1334 11.11666666667   17.83344    63.96116               107.249    127.747    4096
       1335 11.12500000000   17.65595    64.07763               107.454    111.386    4096
       1336 11.13333333333   17.47871    64.19434               107.686    107.998    4096
       1337 11.14166666667   17.30173    64.31131               107.984    121.209    4096
       1338 11.15000000000   17.12499    64.42852               108.206    113.842    4096
       1339 11.15833333333   16.94851    64.54598               108.474    124.473    4096
       1340 11.16666666667   16.77228    64.66368               108.811    117.002    4096
       1341 11.17500000000   16.59629    64.78163               109.064    118.639    4096
       1342 11.18333333333   16.42056    64.89981               109.271    108.969    4096
       1343 11.19166666667   16.24507    65.01823               109.603    120.533    4096
       1344 11.20000000000   16.06984    65.13689               109.928    117.259    4096
       1345 11.20833333333   15.89485    65.25579               110.074    132.392    4096
       1346 11.21666666667   15.72010    65.37491               110.426    117.668    4096
       1347 11.22500000000   15.54560    65.49427               110.630    128.975    4096
       1348 11.23333333333   15.37135    65.61386               111.008    126.929    4096
       1349 11.24166666667   15.19734    65.73368               111.154    129.270    4096
       1350 11.25000000000   15.02358    65.85372               111.466    138.636    4096
       1351 11.25833333333   14.85005    65.97399               111.880    134.181    4096
       1352 11.26666666667   14.67677    66.09448               112.069    122.693    4096
       1353 11.27500000000   14.50373    66.21519               112.417    125.444    4096
       1354 11.28333333333   14.33094    66.33613               112.612    135.514    4096
       1355 11.29166666667   14.15838    66.45728               112.985    127.595    4096
       1356 11.30000000000   13.98606    66.57865               113.102    122.027    4096
       1357 11.30833333333   13.81398    66.70023               113.451    141.348    4096
       1358 11.31666666667   13.64213    66.82203             19154.731  -2292.180    4096
       1359 11.32500000000   13.47052    66.94404               114.098    141.500    4096
       1360 11.33333333333   13.29915    67.06627               114.341    145.479    4096
       1361 11.34166666667   13.12802    67.18870               114.647    147.230    4096
       1362 11.35000000000   12.95712    67.31133               115.055    138.226    4096
       1363 11.35833333333   12.78645    67.43418               115.205    155.672    4096
       1364 11.36666666667   12.61601    67.55723               115.467    155.663    4096
       1365 11.37500000000   12.44581    67.68048               115.926    142.871    4096
       1366 11.38333333333   12.27584    67.80393               116.308    140.273    4096
       1367 11.39166666667   12.10610    67.92759               116.346    126.776    4096
       1368 11.40000000000   11.93659    68.05144               116.817    136.742    4096
       1369 11.40833333333   11.76731    68.17549               117.101  -2285.784    4096
       1370 11.41666666667   11.59826    68.29974               117.492    145.032    4096
       1371 11.42500000000   11.42943    68.42418               117.853    127.747    4096
       1372 11.43333333333   11.26083    68.54881               118.052    139.045    4096
       1373 11.44166666667   11.09246    68.67363               118.421    146.669    4096
       1374 11.45000000000   10.92431    68.79865               118.766    133.058    4096
       1375 11.45833333333   10.75639    68.92385               118.960    138.483    4096
