# Created on 2022-09-13 07:27:31 
# Sources: obs\TPKL1681.22O, nav\TPKL1681.22N
# Satellite: G10
# Interval: 30.0
# Sampling interval: 0.0 (not used).
# Site: TPKL
# Position (L, B, H): 78.5290569025, 42.4638637031, 1886.01891334
# Position (X, Y, Z): 937429.6846, 4619604.6444, 4285027.6573
# datetime format: %Y-%m-%dT%H:%M:%S
# Columns: tsn, hour, el, az, tec.l1l2, tec.p1p2, validity
# (I11,1X,F14.11,1X,F10.5,1X,F11.5,1X,F21.3,1X,F10.3,1X,I7)
       1262 10.51666666667   14.93379   244.39573              -165.797    175.403    4096
       1263 10.52500000000   15.10691   244.53918              -166.217    178.382    4096
       1264 10.53333333333   15.28001   244.68302              -166.663    182.246    4096
       1265 10.54166666667   15.45309   244.82726              -167.074    170.130    4096
       1266 10.55000000000   15.62615   244.97190              -167.435    170.130    4096
       1267 10.55833333333   15.79919   245.11693              -167.894    172.281    4096
       1268 10.56666666667   15.97221   245.26237              -168.279    183.731    4096
       1269 10.57500000000   16.14521   245.40820              -168.672    178.011    4096
       1270 10.58333333333   16.31818   245.55442              -169.177    171.320    4096
       1271 10.59166666667   16.49114   245.70105              -169.479    174.889    4096
       1272 10.60000000000   16.66407   245.84807              -169.879    166.856    4096
       1273 10.60833333333   16.83698   245.99549              -170.378    173.252    4096
       1274 10.61666666667   17.00987   246.14330              -170.870    178.277    4096
       1275 10.62500000000   17.18274   246.29152              -171.222    163.287    4096
       1276 10.63333333333   17.35558   246.44013              -171.590    163.287    4096
       1277 10.64166666667   17.52840   246.58915              -172.036    167.084    4096
       1278 10.65000000000   17.70120   246.73856              -172.434    168.045    4096
       1279 10.65833333333   17.87398   246.88837              -172.803    161.907    4096
       1280 10.66666666667   18.04673   247.03858              -173.181    159.603    4096
       1281 10.67500000000   18.21946   247.18919              -173.604    162.325    4096
       1282 10.68333333333   18.39216   247.34021              -173.940    162.325    4096
       1283 10.69166666667   18.56484   247.49162              -174.305    167.788    4096
       1284 10.70000000000   18.73750   247.64343              -174.728    167.493    4096
       1285 10.70833333333   18.91013   247.79564              -175.174    164.771    4096
       1286 10.71666666667   19.08273   247.94826              -175.463    155.815    4096
       1287 10.72500000000   19.25531   248.10128              -175.893    162.211    4096
       1288 10.73333333333   19.42787   248.25469              -176.159    163.962    4096
       1289 10.74166666667   19.60040   248.40852              -176.434    158.642    4096
       1290 10.75000000000   19.77290   248.56274              -176.883    169.568    4096
       1291 10.75833333333   19.94538   248.71737              -177.318    165.999    4096
       1292 10.76666666667   20.11783   248.87240              -177.650    164.410    4096
       1293 10.77500000000   20.29026   249.02783              -177.911    162.773    4096
       1294 10.78333333333   20.46266   249.18367              -178.123    153.360    4096
       1295 10.79166666667   20.63503   249.33991              -178.467    159.755    4096
       1296 10.80000000000   20.80738   249.49656              -178.770    159.755    4096
       1297 10.80833333333   20.97970   249.65362              -179.166    169.683    4096
       1298 10.81666666667   21.15199   249.81108              -179.561    169.683    4096
       1299 10.82500000000   21.32425   249.96895              -179.957    170.653    4096
       1300 10.83333333333   21.49649   250.12722              -180.261    172.957    4096
       1301 10.84166666667   21.66869   250.28590              -180.508    166.446    4096
       1302 10.85000000000   21.84087   250.44499              -180.791    155.111    4096
       1303 10.85833333333   22.01303   250.60449              -181.059    155.663    4096
       1304 10.86666666667   22.18515   250.76440              -181.300    163.705    4096
       1305 10.87500000000   22.35724   250.92472              -181.584    161.650    4096
       1306 10.88333333333   22.52931   251.08544              -181.908    159.603    4096
       1307 10.89166666667   22.70135   251.24658              -182.174    165.076    4096
       1308 10.90000000000   22.87335   251.40813              -182.420    154.597    4096
       1309 10.90833333333   23.04533   251.57009              -182.662    158.090    4096
       1310 10.91666666667   23.21728   251.73247              -182.859    162.059    4096
       1311 10.92500000000   23.38920   251.89526              -183.123    159.051    4096
       1312 10.93333333333   23.56108   252.05846              -183.347    154.854    4096
       1313 10.94166666667   23.73294   252.22207              -183.592    154.854    4096
       1314 10.95000000000   23.90477   252.38611              -183.865    160.574    4096
       1315 10.95833333333   24.07656   252.55055              -184.077    152.808    4096
       1316 10.96666666667   24.24833   252.71542              -184.298    160.831    4096
       1317 10.97500000000   24.42006   252.88070              -184.509    160.831    4096
       1318 10.98333333333   24.59177   253.04640              -184.765    160.422    4096
       1319 10.99166666667   24.76344   253.21251              -184.983    147.744    4096
       1320 11.00000000000   24.93508   253.37905              -185.198    148.972    4096
       1321 11.00833333333   25.10668   253.54601              -185.413    152.960    4096
       1322 11.01666666667   25.27826   253.71339              -185.571    149.533    4096
       1323 11.02500000000   25.44980   253.88119              -185.829    149.267    4096
       1324 11.03333333333   25.62132   254.04941              -186.040    153.626    4096
       1325 11.04166666667   25.79279   254.21805              -186.246    159.603    4096
       1326 11.05000000000   25.96424   254.38713              -186.470    160.060    4096
       1327 11.05833333333   26.13565   254.55662              -186.752    146.117    4096
       1328 11.06666666667   26.30703   254.72654              -186.878    142.176    4096
       1329 11.07500000000   26.47838   254.89689              -187.068    152.256    4096
       1330 11.08333333333   26.64969   255.06767              -187.237    151.723    4096
       1331 11.09166666667   26.82097   255.23887              -187.470    146.412    4096
       1332 11.10000000000   26.99222   255.41051              -187.657    151.313    4096
       1333 11.10833333333   27.16343   255.58257              -187.852    153.617    4096
       1334 11.11666666667   27.33460   255.75507              -188.072    162.582    4096
       1335 11.12500000000   27.50575   255.92800              -188.253    157.043    4096
       1336 11.13333333333   27.67685   256.10137              -188.419    148.039    4096
       1337 11.14166666667   27.84793   256.27517              -188.678    148.715    4096
       1338 11.15000000000   28.01896   256.44940              -188.781    149.533    4096
       1339 11.15833333333   28.18997   256.62407              -188.984    153.474    4096
       1340 11.16666666667   28.36093   256.79918              -189.184    147.335    4096
       1341 11.17500000000   28.53187   256.97473              -189.388    157.043    4096
       1342 11.18333333333   28.70276   257.15072              -189.558    154.445    4096
       1343 11.19166666667   28.87362   257.32715              -189.697    159.870    4096
       1344 11.20000000000   29.04444   257.50403              -189.858    152.836    4096
       1345 11.20833333333   29.21523   257.68135              -190.057    149.010    4096
       1346 11.21666666667   29.38598   257.85911              -190.219    149.790    4096
       1347 11.22500000000   29.55670   258.03732              -190.411    150.761    4096
       1348 11.23333333333   29.72737   258.21598              -190.563    151.837    4096
       1349 11.24166666667   29.89801   258.39508              -190.745    143.252    4096
       1350 11.25000000000   30.06862   258.57464              -190.919    149.381    4096
       1351 11.25833333333   30.23918   258.75465              -191.084    152.246    4096
       1352 11.26666666667   30.40971   258.93511              -191.196    149.124    4096
       1353 11.27500000000   30.58020   259.11602              -191.348    146.669    4096
       1354 11.28333333333   30.75065   259.29740              -191.562    146.669    4096
       1355 11.29166666667   30.92106   259.47922              -191.710    152.246    4096
       1356 11.30000000000   31.09144   259.66151              -191.795    147.230    4096
       1357 11.30833333333   31.26177   259.84426              -191.948    146.145    4096
       1358 11.31666666667   31.43207   260.02747              -192.148    145.850    4096
       1359 11.32500000000   31.60233   260.21114              -192.284    149.533    4096
       1360 11.33333333333   31.77255   260.39528              -192.438    150.085    4096
       1361 11.34166666667   31.94273   260.57988              -192.573    135.923    4096
       1362 11.35000000000   32.11286   260.76496              -192.725    147.744    4096
       1363 11.35833333333   32.28296   260.95050              -192.842    142.328    4096
       1364 11.36666666667   32.45302   261.13651              -192.981    149.828    4096
       1365 11.37500000000   32.62304   261.32300              -193.126    145.327    4096
       1366 11.38333333333   32.79302   261.50996              -193.265    136.894    4096
       1367 11.39166666667   32.96296   261.69740              -193.393    144.775    4096
       1368 11.40000000000   33.13286   261.88532              -193.566    146.707    4096
       1369 11.40833333333   33.30271   262.07371              -193.678    142.062    4096
       1370 11.41666666667   33.47253   262.26259              -193.811    135.371    4096
       1371 11.42500000000   33.64230   262.45196              -193.926    144.508    4096
       1372 11.43333333333   33.81203   262.64181              -193.926    152.132    4096
       1373 11.44166666667   33.98172   262.83214              -194.305    145.736    4096
       1374 11.45000000000   34.15137   263.02297              -194.459    150.352    4096
       1375 11.45833333333   34.32097   263.21429              -194.619    142.052    4096
       1376 11.46666666667   34.49053   263.40610              -194.807    143.138    4096
       1377 11.47500000000   34.66005   263.59841              -194.965    140.168    4096
       1378 11.48333333333   34.82953   263.79122              -195.103    145.327    4096
       1379 11.49166666667   34.99896   263.98453              -195.336    151.437    4096
       1380 11.50000000000   35.16835   264.17834              -195.415    142.205    4096
       1381 11.50833333333   35.33769   264.37265              -195.584    142.205    4096
       1382 11.51666666667   35.50699   264.56748              -195.763    143.138    4096
       1383 11.52500000000   35.67625   264.76281              -195.892    142.881    4096
       1384 11.53333333333   35.84546   264.95865              -195.959    144.622    4096
       1385 11.54166666667   36.01463   265.15501              -196.176    152.398    4096
       1386 11.55000000000   36.18375   265.35188              -196.335    143.404    4096
       1387 11.55833333333   36.35283   265.54927              -196.398    141.910    4096
       1388 11.56666666667   36.52186   265.74719              -196.504    140.530    4096
       1389 11.57500000000   36.69084   265.94563              -196.569    140.530    4096
       1390 11.58333333333   36.85978   266.14459              -196.705    152.389    4096
       1391 11.59166666667   37.02867   266.34409              -196.820    144.061    4096
       1392 11.60000000000   37.19752   266.54411              -196.932    148.867    4096
       1393 11.60833333333   37.36632   266.74467              -197.090    148.858    4096
       1394 11.61666666667   37.53507   266.94577              -197.213    153.217    4096
       1395 11.62500000000   37.70377   267.14741              -197.356    144.213    4096
       1396 11.63333333333   37.87243   267.34959              -197.408    139.568    4096
       1397 11.64166666667   38.04103   267.55232              -197.528    146.526    4096
       1398 11.65000000000   38.20959   267.75560              -197.670    139.606    4096
       1399 11.65833333333   38.37810   267.95942              -197.787    137.817    4096
       1400 11.66666666667   38.54656   268.16381              -197.909    149.572    4096
       1401 11.67500000000   38.71497   268.36875              -198.082    137.712    4096
       1402 11.68333333333   38.88334   268.57425              -198.182    143.956    4096
       1403 11.69166666667   39.05165   268.78032              -198.295    143.547    4096
       1404 11.70000000000   39.21991   268.98695              -198.455    137.408    4096
       1405 11.70833333333   39.38812   269.19416              -198.559    143.547    4096
       1406 11.71666666667   39.55628   269.40194              -198.680    143.547    4096
       1407 11.72500000000   39.72439   269.61030              -198.920    142.471    4096
       1408 11.73333333333   39.89245   269.81923              -198.967    128.452    4096
       1409 11.74166666667   40.06045   270.02876              -199.111    147.782    4096
       1410 11.75000000000   40.22840   270.23887              -199.244    139.873    4096
       1411 11.75833333333   40.39630   270.44957              -199.407    147.344    4096
       1412 11.76666666667   40.56415   270.66087              -199.479    124.216    4096
       1413 11.77500000000   40.73194   270.87277              -199.555    143.547    4096
       1414 11.78333333333   40.89968   271.08527              -199.713    138.388    4096
       1415 11.79166666667   41.06736   271.29838              -199.810    130.193    4096
       1416 11.80000000000   41.23499   271.51210              -199.859    129.384    4096
       1417 11.80833333333   41.40256   271.72643              -199.991    129.946    4096
       1418 11.81666666667   41.57008   271.94138              -200.076    135.371    4096
       1419 11.82500000000   41.73754   272.15696              -200.141    144.108    4096
       1420 11.83333333333   41.90494   272.37317              -200.185    136.599    4096
       1421 11.84166666667   42.07229   272.59000              -200.232    148.858    4096
       1422 11.85000000000   42.23958   272.80747              -200.330    139.197    4096
       1423 11.85833333333   42.40681   273.02559              -200.400    130.612    4096
       1424 11.86666666667   42.57399   273.24434              -200.485    137.151    4096
       1425 11.87500000000   42.74110   273.46375              -200.595    132.915    4096
       1426 11.88333333333   42.90816   273.68381              -200.633    146.669    4096
       1427 11.89166666667   43.07515   273.90453              -200.741    137.560    4096
       1428 11.90000000000   43.24209   274.12591              -200.730    131.126    4096
       1429 11.90833333333   43.40896   274.34797              -200.829    137.712    4096
       1430 11.91666666667   43.57578   274.57069              -200.923    140.168    4096
       1431 11.92500000000   43.74253   274.79409              -200.993    132.240    4096
       1432 11.93333333333   43.90921   275.01818              -201.089    137.151    4096
       1433 11.94166666667   44.07584   275.24296              -201.089    134.552    4096
       1434 11.95000000000   44.24240   275.46843              -201.268    142.052    4096
       1435 11.95833333333   44.40889   275.69460              -201.313    139.197    4096
       1436 11.96666666667   44.57533   275.92147              -201.471    148.039    4096
       1437 11.97500000000   44.74169   276.14906              -201.560    138.379    4096
       1438 11.98333333333   44.90799   276.37736              -201.682    146.554    4096
       1439 11.99166666667   45.07422   276.60639              -201.784    129.270    4096
       1440 12.00000000000   45.24039   276.83614              -201.863    135.666    4096
       1441 12.00833333333   45.40648   277.06662              -201.916    134.809    4096
       1442 12.01666666667   45.57251   277.29785              -202.040    137.969    4096
       1443 12.02500000000   45.73847   277.52982              -202.133    137.969    4096
       1444 12.03333333333   45.90436   277.76254              -202.175    135.628    4096
       1445 12.04166666667   46.07018   277.99602              -202.306    132.801    4096
       1446 12.05000000000   46.23592   278.23027               -16.436    137.560    4096
       1447 12.05833333333   46.40159   278.46528               -16.489    141.243    4096
       1448 12.06666666667   46.56719   278.70108               -18.931    135.885    4096
       1449 12.07500000000   46.73272   278.93766               -18.931    135.885    4096
       1450 12.08333333333   46.89817   279.17503               -14.436    141.510    4096
       1451 12.09166666667   47.06354   279.41320                -9.823    130.203    4098
       1452 12.10000000000   47.22884   279.65217                -9.865    129.489    4096
       1453 12.10833333333   47.39406   279.89196                -9.982    139.045    4096
       1454 12.11666666667   47.55920   280.13257                -9.982    139.045    4096
       1455 12.12500000000   47.72426   280.37401               -10.029    139.045    4096
       1456 12.13333333333   47.88924   280.61628               -10.129    138.493    4096
       1457 12.14166666667   48.05414   280.85939               -10.154    135.114    4096
       1458 12.15000000000   48.21896   281.10336               -10.195    137.455    4096
       1459 12.15833333333   48.38370   281.34818               -10.247    131.840    4096
       1460 12.16666666667   48.54835   281.59387               -10.338    137.827    4096
       1461 12.17500000000   48.71292   281.84044               -10.403    134.809    4096
       1462 12.18333333333   48.87740   282.08789               -10.469    145.584    4096
       1463 12.19166666667   49.04179   282.33623               -10.492    133.582    4096
       1464 12.20000000000   49.20609   282.58547               -10.584    137.674    4096
       1465 12.20833333333   49.37031   282.83563               -10.658    140.834    4096
       1466 12.21666666667   49.53443   283.08670               -10.744    131.830    4096
       1467 12.22500000000   49.69847   283.33869               -10.800    140.948    4096
       1468 12.23333333333   49.86241   283.59163               -10.868    133.886    4096
       1469 12.24166666667   50.02625   283.84551               -10.870    135.666    4096
       1470 12.25000000000   50.19000   284.10035               -10.985    131.431    4096
       1471 12.25833333333   50.35366   284.35615               -11.003    137.560    4096
       1472 12.26666666667   50.51721   284.61293                -4.138    127.443    4098
       1473 12.27500000000   50.68067   284.87069               -11.147    138.521    4098
       1474 12.28333333333   50.84402   285.12945               -11.147    138.521    4098
       1475 12.29166666667   51.00728   285.38921                -1.994    132.649    4096
       1476 12.30000000000   51.17043   285.64999                -2.011    125.330    4096
       1477 12.30833333333   51.33347   285.91180                -2.011    125.330    4096
       1478 12.31666666667   51.49641   286.17465                -4.556    133.467    4096
       1479 12.32500000000   51.65924   286.43855                -4.556    133.467    4096
       1480 12.33333333333   51.82197   286.70350                -2.238    132.954    4096
       1481 12.34166666667   51.98458   286.96954                -9.266    138.788    4096
       1482 12.35000000000   52.14707   287.23665                -9.266    138.788    4096
       1483 12.35833333333   52.30946   287.50486                -9.266    138.788    4096
       1484 12.36666666667   52.47173   287.77418                -0.098    132.249    4096
       1485 12.37500000000   52.63388   288.04462                -0.098    132.249    4096
       1486 12.38333333333   52.79591   288.31619                -0.195    137.008    4096
       1487 12.39166666667   52.95782   288.58890                -0.195    137.008    4096
       1488 12.40000000000   53.11960   288.86278                 2.042    130.907    4096
       1489 12.40833333333   53.28127   289.13783                -4.998    132.763    4096
       1490 12.41666666667   53.44280   289.41406                -4.998    132.763    4096
       1491 12.42500000000   53.60421   289.69149                -0.441    135.523    4096
       1492 12.43333333333   53.76548   289.97013                -2.815    132.354    4098
       1493 12.44166666667   53.92662   290.25000                -5.187    136.475    4098
       1494 12.45000000000   54.08763   290.53111                 4.037    128.975    4096
       1495 12.45833333333   54.24850   290.81348                -2.959    129.527    4096
       1496 12.46666666667   54.40923   291.09712                 1.585    127.747    4098
       1497 12.47500000000   54.56982   291.38204                 1.508    129.679    4098
       1498 12.48333333333   54.73027   291.66826                 3.799    126.929    4096
       1499 12.49166666667   54.89057   291.95580                 3.694    131.278    4096
       1500 12.50000000000   55.05072   292.24468                -3.346    135.114    4098
       1501 12.50833333333   55.21072   292.53490                 8.222    126.929    4096
       1502 12.51666666667   55.37057   292.82648                 5.820    128.966    4098
       1503 12.52500000000   55.53026   293.11945                 5.753    128.966    4096
       1504 12.53333333333   55.68979   293.41381                 5.753    128.966    4096
       1505 12.54166666667   55.84916   293.70959                 5.753    128.966    4096
       1506 12.55000000000   56.00837   294.00681                 5.560    128.832    4096
       1507 12.55833333333   56.16741   294.30547                 3.214    128.861    4098
       1508 12.56666666667   56.32628   294.60561                 5.477    126.367    4098
       1509 12.57500000000   56.48498   294.90723                 5.477    126.367    4098
       1510 12.58333333333   56.64350   295.21036                 3.053    132.763    4098
       1511 12.59166666667   56.80185   295.51501                 0.674    131.945    4096
       1512 12.60000000000   56.96001   295.82121                 2.948    130.603    4096
       1513 12.60833333333   57.11799   296.12898                 2.948    130.603    4096
       1514 12.61666666667   57.27578   296.43832                 2.948    130.603    4096
       1515 12.62500000000   57.43338   296.74928                 2.895    130.612    4096
       1516 12.63333333333   57.59078   297.06186                 2.895    130.612    4096
       1517 12.64166666667   57.74799   297.37609                 5.207    130.346    4096
       1518 12.65000000000   57.90500   297.69198                 5.207    130.346    4096
       1519 12.65833333333   58.06180   298.00957                 0.511    132.249    4096
       1520 12.66666666667   58.21839   298.32887                 0.511    132.249    4096
       1521 12.67500000000   58.37477   298.64990                 0.511    132.249    4096
       1522 12.68333333333   58.53093   298.97270                 0.475    132.611    4096
       1523 12.69166666667   58.68687   299.29727                 0.475    132.611    4096
       1524 12.70000000000   58.84259   299.62365                 0.475    132.611    4096
       1525 12.70833333333   58.99808   299.95186                 2.660    131.726    4096
       1526 12.71666666667   59.15333   300.28193                 2.660    131.726    4096
       1527 12.72500000000   59.30835   300.61387                 9.595    129.794    4096
       1528 12.73333333333   59.46313   300.94772                 9.595    129.794    4096
       1529 12.74166666667   59.61766   301.28350                 9.595    129.794    4096
       1530 12.75000000000   59.77194   301.62123                 2.489    131.126    4096
       1531 12.75833333333   59.92596   301.96095                 2.489    131.126    4096
       1532 12.76666666667   60.07973   302.30268                 7.023    131.573    4096
       1533 12.77500000000   60.23323   302.64644                 7.023    131.573    4096
       1534 12.78333333333   60.38646   302.99227                 6.886    133.068    4096
       1535 12.79166666667   60.53941   303.34020                 6.886    133.068    4096
       1536 12.80000000000   60.69209   303.69025                 9.176    132.763    4098
       1537 12.80833333333   60.84447   304.04245                 4.472    131.278    4096
       1538 12.81666666667   60.99657   304.39683                 4.472    131.278    4096

