# Created on 2022-09-13 07:27:24 
# Sources: obs\TPKL1681.22O, nav\TPKL1681.22N
# Satellite: G01
# Interval: 30.0
# Sampling interval: 0.0 (not used).
# Site: TPKL
# Position (L, B, H): 78.5290569025, 42.4638637031, 1886.01891334
# Position (X, Y, Z): 937429.6846, 4619604.6444, 4285027.6573
# datetime format: %Y-%m-%dT%H:%M:%S
# Columns: tsn, hour, el, az, tec.l1l2, tec.p1p2, validity
# (I11,1X,F14.11,1X,F10.5,1X,F11.5,1X,F21.3,1X,F10.3,1X,I7)
        452  3.76666666667    5.72563    37.56885              -126.599    146.259    4096
        453  3.77500000000    5.53185    37.55741              -126.424    135.780    4096
        454  3.78333333333    5.33813    37.54677              -126.453    140.425    4096
        455  3.79166666667    5.14445    37.53694              -126.379    143.804    4096
        456  3.80000000000    4.95083    37.52792              -126.307    132.249    4096
        457  3.80833333333    4.75727    37.51968              -126.257    149.381    4096
        458  3.81666666667    4.56376    37.51225              -126.055    147.497    4096
        459  3.82500000000    4.37032    37.50560              -125.960    143.394    4096
        460  3.83333333333    4.17694    37.49973              -125.784    145.593    4096
        461  3.84166666667    3.98363    37.49465              -125.735    143.433    4096
        462  3.85000000000    3.79038    37.49035              -125.582    146.526    4096
        463  3.85833333333    3.59720    37.48681              -125.454    146.554    4096
        464  3.86666666667    3.40410    37.48405              -125.458    149.943    4096
        465  3.87500000000    3.21107    37.48206              -125.390    145.041    4096
       1744 14.53333333333    9.97492   322.61649              -140.443    136.332    4096
       1745 14.54166666667   10.16847   322.57664              -140.569    138.084    4096
       1746 14.55000000000   10.36194   322.53585              -140.708    138.112    4096
       1747 14.55833333333   10.55531   322.49412              -140.947    132.544    4096
       1748 14.56666666667   10.74860   322.45144              -141.131    132.544    4096
       1749 14.57500000000   10.94178   322.40782              -141.306    138.379    4096
       1750 14.58333333333   11.13487   322.36325              -141.276    145.289    4096
       1751 14.59166666667   11.32785   322.31772              -141.466    138.788    4096
       1752 14.60000000000   11.52072   322.27122              -141.655    144.365    4096
       1753 14.60833333333   11.71348   322.22376              -141.760    142.585    4096
       1754 14.61666666667   11.90612   322.17532              -141.794    148.715    4096
       1755 14.62500000000   12.09864   322.12591              -141.954    152.655    4096
       1756 14.63333333333   12.29104   322.07551              -142.041    156.481    4096
       1757 14.64166666667   12.48331   322.02413              -142.239    153.474    4096
       1758 14.65000000000   12.67544   321.97175              -142.297    149.276    4096
       1759 14.65833333333   12.86744   321.91837              -142.515    142.985    4096
       1760 14.66666666667   13.05930   321.86399              -142.595    151.028    4096
       1761 14.67500000000   13.25101   321.80860              -142.735    158.004    4096
       1762 14.68333333333   13.44257   321.75220              -142.908    154.035    4096
       1763 14.69166666667   13.63398   321.69477              -143.133    148.448    4096
       1764 14.70000000000   13.82523   321.63632              -143.202    160.717    4096
       1765 14.70833333333   14.01632   321.57684              -143.205    149.828    4096
       1766 14.71666666667   14.20724   321.51633              -143.265    147.078    4096
       1767 14.72500000000   14.39798   321.45478              -143.479    142.176    4097
       1768 14.73333333333   14.58856   321.39217              -143.776    152.551    4096
       1769 14.74166666667   14.77895   321.32852              -143.996    151.570    4096
       1770 14.75000000000   14.96915   321.26381              -144.098    147.896    4096
       1771 14.75833333333   15.15916   321.19804              -144.402    148.306    4096
       1772 14.76666666667   15.34898   321.13120              -144.439    142.738    4096
       1773 14.77500000000   15.53860   321.06328              -144.582    141.358    4096
       1774 14.78333333333   15.72801   320.99429              -144.815    135.780    4096
       1775 14.79166666667   15.91721   320.92421              -144.881    143.651    4096
       1776 14.80000000000   16.10620   320.85303              -145.088    140.720    4096
       1777 14.80833333333   16.29497   320.78077              -145.175    156.891    4096
       1778 14.81666666667   16.48351   320.70740              -145.308    155.263    4096
       1779 14.82500000000   16.67182   320.63292              -145.349    155.361    4096
       1780 14.83333333333   16.85990   320.55733              -145.465    146.526    4096
       1781 14.84166666667   17.04773   320.48062              -145.574    146.935    4096
       1782 14.85000000000   17.23532   320.40278              -145.653    153.474    4096
       1783 14.85833333333   17.42265   320.32382              -145.787    155.263    4096
       1784 14.86666666667   17.60973   320.24372              -145.935    143.956    4096
       1785 14.87500000000   17.79655   320.16247              -146.106    136.742    4096
       1786 14.88333333333   17.98310   320.08008              -146.333    141.091    4096
       1787 14.89166666667   18.16937   319.99653              -146.533    144.508    4096
       1788 14.90000000000   18.35537   319.91182              -146.571    153.217    4096
       1789 14.90833333333   18.54108   319.82595              -146.662    136.190    4096
       1790 14.91666666667   18.72650   319.73891              -146.800    136.190    4096
       1791 14.92500000000   18.91162   319.65068              -146.979    150.647    4096
       1792 14.93333333333   19.09644   319.56128              -147.090    137.417    4096
       1793 14.94166666667   19.28095   319.47068              -147.236    138.636    4096
       1794 14.95000000000   19.46515   319.37889              -147.205    138.636    4096
       1795 14.95833333333   19.64902   319.28590              -147.313    138.531    4096
       1796 14.96666666667   19.83257   319.19170              -147.334    153.626    4096
       1797 14.97500000000   20.01579   319.09628              -147.517    141.767    4096
       1798 14.98333333333   20.19867   318.99965              -147.546    146.811    4096
       1799 14.99166666667   20.38120   318.90179              -147.657    144.365    4096
       1800 15.00000000000   20.56338   318.80270              -147.717    151.580    4096
       1801 15.00833333333   20.74520   318.70237              -147.850    144.213    4096
       1802 15.01666666667   20.92665   318.60080              -147.979    152.284    4096
       1803 15.02500000000   21.10774   318.49798              -148.120    154.435    4096
       1804 15.03333333333   21.28844   318.39390              -148.243    144.070    4096
       1805 15.04166666667   21.46876   318.28857              -148.378    142.433    4096
       1806 15.05000000000   21.64869   318.18196              -148.550    138.940    4096
       1807 15.05833333333   21.82822   318.07409              -148.636    136.742    4096
       1808 15.06666666667   22.00735   317.96493              -148.791    143.280    4096
       1809 15.07500000000   22.18606   317.85449              -148.910    149.276    4096
       1810 15.08333333333   22.36436   317.74275              -149.043    139.711    4096
       1811 15.09166666667   22.54223   317.62972              -149.043    139.711    4096
       1812 15.10000000000   22.71966   317.51539              -149.250    143.556    4096
       1813 15.10833333333   22.89666   317.39975              -149.346    136.037    4096
       1814 15.11666666667   23.07321   317.28279              -149.517    145.184    4096
       1815 15.12500000000   23.24930   317.16452              -149.538    153.474    4096
       1816 15.13333333333   23.42493   317.04491              -149.538    153.474    4096
       1817 15.14166666667   23.60009   316.92398              -149.770    144.660    4096
       1818 15.15000000000   23.77477   316.80170              -149.877    149.686    4096
       1819 15.15833333333   23.94897   316.67809              -149.958    148.858    4096
       1820 15.16666666667   24.12267   316.55312              -150.098    134.705    4096
       1821 15.17500000000   24.29588   316.42680              -150.109    132.658    4096
       1822 15.18333333333   24.46857   316.29911              -150.246    146.669    4096
       1823 15.19166666667   24.64076   316.17006              -150.396    138.645    4096
       1824 15.20000000000   24.81241   316.03964              -150.492    139.311    4096
       1825 15.20833333333   24.98354   315.90785              -150.556    126.824    4096
       1826 15.21666666667   25.15413   315.77466              -150.684    146.412    4096
       1827 15.22500000000   25.32416   315.64009              -150.751    143.394    4096
       1828 15.23333333333   25.49365   315.50413              -150.896    139.606    4096
       1829 15.24166666667   25.66257   315.36677              -150.897    143.033    4096
       1830 15.25000000000   25.83091   315.22800              -150.925    143.033    4096
       1831 15.25833333333   25.99868   315.08782              -150.994    139.197    4096
       1832 15.26666666667   26.16586   314.94623              -151.048    143.547    4096
       1833 15.27500000000   26.33243   314.80322              -151.015    135.780    4096
       1834 15.28333333333   26.49841   314.65878              -151.064    144.365    4096
       1835 15.29166666667   26.66377   314.51292              -151.052    146.002    4096
       1836 15.30000000000   26.82850   314.36562              -151.070    145.593    4096
       1837 15.30833333333   26.99261   314.21687              -151.013    144.660    4096
       1838 15.31666666667   27.15607   314.06669              -150.987    143.804    4096
       1839 15.32500000000   27.31889   313.91506              -150.987    143.804    4096
       1840 15.33333333333   27.48104   313.76197              -151.035    138.788    4096
       1841 15.34166666667   27.64253   313.60742              -151.056    149.124    4096
       1842 15.35000000000   27.80334   313.45141              -151.145    143.280    4096
       1843 15.35833333333   27.96347   313.29394              -151.224    146.935    4096
       1844 15.36666666667   28.12291   313.13499              -151.342    137.817    4096
       1845 15.37500000000   28.28164   312.97457              -151.429    132.915    4096
       1846 15.38333333333   28.43965   312.81268              -151.564    140.539    4096
       1847 15.39166666667   28.59695   312.64929              -151.677    131.688    4096
       1848 15.40000000000   28.75351   312.48442              -151.841    131.992    4096
       1849 15.40833333333   28.90934   312.31807              -151.979    138.493    4096
       1850 15.41666666667   29.06441   312.15021              -152.098    135.361    4096
       1851 15.42500000000   29.21872   311.98086              -152.237    133.734    4096
       1852 15.43333333333   29.37227   311.81001              -152.424    149.238    4096
       1853 15.44166666667   29.52504   311.63766              -152.502    138.493    4096
       1854 15.45000000000   29.67701   311.46380              -152.602    138.521    4096
       1855 15.45833333333   29.82820   311.28843              -152.718    147.782    4096
       1856 15.46666666667   29.97857   311.11155              -152.795    147.782    4096
       1857 15.47500000000   30.12812   310.93315              -152.855    141.500    4096
       1858 15.48333333333   30.27685   310.75324              -152.934    121.913    4096
       1859 15.49166666667   30.42474   310.57180              -153.013    161.088    4096
       1860 15.50000000000   30.57179   310.38885              -153.014    139.197    4096
       1861 15.50833333333   30.71798   310.20437              -153.040    139.197    4096
       1862 15.51666666667   30.86330   310.01837              -153.000    138.645    4096
       1863 15.52500000000   31.00774   309.83084              -153.069    128.680    4096
       1864 15.53333333333   31.15130   309.64178              -153.122    134.286    4096
       1865 15.54166666667   31.29396   309.45119              -153.121    130.051    4096
       1866 15.55000000000   31.43572   309.25908              -153.193    134.134    4096
       1867 15.55833333333   31.57655   309.06543              -153.269    138.388    4096
       1868 15.56666666667   31.71646   308.87024              -153.352    145.745    4096
       1869 15.57500000000   31.85543   308.67353              -153.405    140.168    4096
       1870 15.58333333333   31.99346   308.47528              -153.499    146.412    4096
       1871 15.59166666667   32.13052   308.27551              -153.522    134.695    4096
       1872 15.60000000000   32.26662   308.07419              -153.701    126.367    4096
       1873 15.60833333333   32.40174   307.87135              -153.759    142.624    4096
       1874 15.61666666667   32.53587   307.66697              -153.871    138.893    4096
       1875 15.62500000000   32.66900   307.46107              -153.960    130.460    4096
       1876 15.63333333333   32.80112   307.25363              -154.067    139.197    4096
       1877 15.64166666667   32.93222   307.04467              -154.156    139.197    4096
       1878 15.65000000000   33.06229   306.83418              -154.266    140.130    4096
       1879 15.65833333333   33.19132   306.62216              -154.386    140.130    4096
       1880 15.66666666667   33.31930   306.40862              -154.449    128.042    4096
       1881 15.67500000000   33.44622   306.19356              -154.571    131.278    4096
       1882 15.68333333333   33.57206   305.97698              -154.632    140.691    4096
       1883 15.69166666667   33.69682   305.75889              -154.747    141.910    4096
       1884 15.70000000000   33.82049   305.53928              -154.818    144.099    4096
       1885 15.70833333333   33.94306   305.31817              -154.836    140.530    4096
       1886 15.71666666667   34.06451   305.09555              -154.883    143.138    4096
       1887 15.72500000000   34.18484   304.87142              -154.978    142.881    4096
       1888 15.73333333333   34.30404   304.64580              -154.928    131.726    4096
       1889 15.74166666667   34.42209   304.41869              -154.969    140.130    4096
       1890 15.75000000000   34.53898   304.19009              -155.002    138.493    4096
       1891 15.75833333333   34.65471   303.96000              -155.046    144.632    4096
       1892 15.76666666667   34.76927   303.72844              -155.046    144.632    4096
       1893 15.77500000000   34.88264   303.49540              -155.073    142.985    4096
       1894 15.78333333333   34.99481   303.26090              -155.031    142.985    4096
       1895 15.79166666667   35.10577   303.02494              -155.074    131.431    4096
       1896 15.80000000000   35.21552   302.78752              -155.090    134.143    4096
       1897 15.80833333333   35.32404   302.54866              -155.103    136.485    4096
       1898 15.81666666667   35.43133   302.30836              -155.087    145.745    4096
       1899 15.82500000000   35.53737   302.06662              -155.126    142.728    4096
       1900 15.83333333333   35.64215   301.82346              -155.162    132.906    4096
       1901 15.84166666667   35.74567   301.57889              -155.259    125.958    4096
       1902 15.85000000000   35.84791   301.33290              -155.340    125.958    4096
       1903 15.85833333333   35.94886   301.08552              -155.457    133.467    4096
       1904 15.86666666667   36.04852   300.83674              -155.561    133.467    4096
       1905 15.87500000000   36.14687   300.58659              -155.672    141.091    4096
       1906 15.88333333333   36.24390   300.33507              -155.787    134.143    4096
       1907 15.89166666667   36.33961   300.08218              -155.918    133.477    4096
       1908 15.90000000000   36.43398   299.82794              -156.021    129.679    4096
       1909 15.90833333333   36.52702   299.57237              -156.113    137.969    4096
       1910 15.91666666667   36.61869   299.31546              -156.217    139.721    4096
       1911 15.92500000000   36.70901   299.05724              -156.298    124.178    4096
       1912 15.93333333333   36.79795   298.79771              -156.298    125.549    4096
       1913 15.94166666667   36.88551   298.53689              -156.487    121.504    4096
       1914 15.95000000000   36.97168   298.27479              -156.500    136.742    4096
       1915 15.95833333333   37.05645   298.01142              -156.538    128.709    4096
       1916 15.96666666667   37.13982   297.74679              -156.628    145.184    4096
       1917 15.97500000000   37.22177   297.48092              -156.622    138.636    4096
       1918 15.98333333333   37.30229   297.21383              -156.674    122.170    4096
       1919 15.99166666667   37.38138   296.94552              -156.675    129.527    4096
       1920 16.00000000000   37.45936   296.67574              -156.683    125.844    4096
       1921 16.00833333333   37.53523   296.40532              -156.648    125.844    4096
       1922 16.01666666667   37.60997   296.13346              -156.632    137.969    4096
       1923 16.02500000000   37.68324   295.86044              -156.605    133.325    4096
       1924 16.03333333333   37.75504   295.58629              -156.629    127.072    4096
       1925 16.04166666667   37.82536   295.31101              -156.622    146.402    4096
       1926 16.05000000000   37.89419   295.03463              -156.606    141.243    4096
       1927 16.05833333333   37.96152   294.75716              -156.650    137.522    4096
       1928 16.06666666667   38.02735   294.47862              -156.643    142.433    4096
       1929 16.07500000000   38.09166   294.19902              -156.693    136.485    4096
       1930 16.08333333333   38.15446   293.91839              -156.771    131.431    4096
       1931 16.09166666667   38.21573   293.63674              -156.854    139.045    4096
       1932 16.10000000000   38.27547   293.35408              -156.941    142.433    4096
       1933 16.10833333333   38.33368   293.07045              -156.979    130.755    4096
       1934 16.11666666667   38.39033   292.78585              -157.075    133.620    4096
       1935 16.12500000000   38.44544   292.50031              -157.171    138.636    4096
       1936 16.13333333333   38.49899   292.21384              -157.212    135.628    4096
       1937 16.14166666667   38.55098   291.92647              -157.320    150.095    4096
       1938 16.15000000000   38.60139   291.63821              -157.344    153.217    4096
       1939 16.15833333333   38.65024   291.34909              -157.424    136.599    4096
       1940 16.16666666667   38.69750   291.05912              -157.526    147.934    4096
       1941 16.17500000000   38.74318   290.76833              -157.511    132.249    4096
       1942 16.18333333333   38.78727   290.47674              -157.582    138.493    4096
       1943 16.19166666667   38.82976   290.18437              -157.629    137.417    4096
       1944 16.20000000000   38.87066   289.89123              -157.676    147.487    4096
       1945 16.20833333333   38.90995   289.59736              -157.713    152.132    4096
       1946 16.21666666667   38.94763   289.30277              -157.674    142.319    4096
       1947 16.22500000000   38.98371   289.00749              -157.707    149.124    4096
       1948 16.23333333333   39.01816   288.71153              -157.781    139.606    4096
       1949 16.24166666667   39.05100   288.41493              -157.792    137.113    4096
       1950 16.25000000000   39.08221   288.11770              -157.809    139.721    4096
       1951 16.25833333333   39.11180   287.81986              -157.869    129.489    4096
       1952 16.26666666667   39.13976   287.52144              -157.793    129.946    4096
       1953 16.27500000000   39.16609   287.22246              -157.897    132.401    4096
       1954 16.28333333333   39.19078   286.92295              -157.898    129.232    4096
       1955 16.29166666667   39.21384   286.62293              -157.867    130.612    4096
       1956 16.30000000000   39.23525   286.32241              -157.998    125.958    4096
       1957 16.30833333333   39.25503   286.02144              -158.015    125.958    4096
       1958 16.31666666667   39.27316   285.72002              -157.989    132.097    4096
       1959 16.32500000000   39.28965   285.41818              -157.989    132.097    4096
       1960 16.33333333333   39.30449   285.11595              -157.983    129.641    4096
       1961 16.34166666667   39.31769   284.81336              -157.909    123.540    4096
       1962 16.35000000000   39.32924   284.51041              -157.972    123.540    4096
       1963 16.35833333333   39.33914   284.20715              -157.986    126.776    4096
       1964 16.36666666667   39.34739   283.90358              -158.013    133.839    4096
       1965 16.37500000000   39.35400   283.59975              -158.032    140.282    4096
       1966 16.38333333333   39.35895   283.29566              -157.973    139.045    4096
       1967 16.39166666667   39.36226   282.99135              -157.903    139.311    4096
       1968 16.40000000000   39.36392   282.68684              -157.891    138.236    4096
       1969 16.40833333333   39.36393   282.38216              -157.920    134.029    4096
       1970 16.41666666667   39.36229   282.07732              -157.965    133.325    4096
       1971 16.42500000000   39.35901   281.77235              -158.021    128.414    4096
       1972 16.43333333333   39.35408   281.46728              -158.061    126.786    4096
       1973 16.44166666667   39.34752   281.16213              -158.083    148.715    4096
       1974 16.45000000000   39.33931   280.85692              -158.093    136.742    4096
       1975 16.45833333333   39.32946   280.55168              -158.059    133.325    4096
       1976 16.46666666667   39.31797   280.24643              -158.147    125.406    4096
       1977 16.47500000000   39.30486   279.94120              -158.189    139.349    4096
       1978 16.48333333333   39.29011   279.63600              -158.208    119.714    4096
       1979 16.49166666667   39.27373   279.33087              -158.263    133.886    4096
       1980 16.50000000000   39.25572   279.02582              -158.339    129.384    4096
       1981 16.50833333333   39.23610   278.72089              -158.311    134.029    4096
       1982 16.51666666667   39.21485   278.41608              -158.356    136.856    4096
       1983 16.52500000000   39.19199   278.11143              -158.439    139.454    4096
       1984 16.53333333333   39.16752   277.80696              -158.432    129.679    4096
       1985 16.54166666667   39.14144   277.50268              -158.416    128.004    4096
       1986 16.55000000000   39.11376   277.19864              -158.450    133.582    4096
       1987 16.55833333333   39.08447   276.89483              -158.426    132.906    4096
       1988 16.56666666667   39.05360   276.59129              -158.438    135.219    4096
       1989 16.57500000000   39.02114   276.28804              -158.478    130.907    4096
       1990 16.58333333333   38.98709   275.98511              -158.449    144.213    4096
       1991 16.59166666667   38.95147   275.68250              -158.399    133.991    4096
       1992 16.60000000000   38.91427   275.38025              -158.379    122.684    4096
       1993 16.60833333333   38.87550   275.07837              -158.411    136.589    4096
       1994 16.61666666667   38.83518   274.77689              -158.377    144.251    4096
       1995 16.62500000000   38.79329   274.47582              -158.313    141.243    4096
       1996 16.63333333333   38.74986   274.17518              -158.285    135.371    4096
       1997 16.64166666667   38.70489   273.87501              -158.341    140.158    4096
       1998 16.65000000000   38.65838   273.57531              -158.283    132.392    4096
       1999 16.65833333333   38.61034   273.27610              -158.182    128.452    4096
       2000 16.66666666667   38.56078   272.97741              -158.198    137.408    4096
       2001 16.67500000000   38.50970   272.67925              -158.192    129.936    4096
       2002 16.68333333333   38.45711   272.38164              -158.191    122.427    4096
       2003 16.69166666667   38.40302   272.08460              -158.163    133.172    4096
       2004 16.70000000000   38.34744   271.78814              -158.208    127.890    4096
       2005 16.70833333333   38.29038   271.49230              -158.202    141.091    4096
       2006 16.71666666667   38.23183   271.19707              -158.214    140.539    4096
       2007 16.72500000000   38.17182   270.90249              -158.193    147.525    4096
       2008 16.73333333333   38.11034   270.60856              -158.190    138.084    4096
       2009 16.74166666667   38.04741   270.31530              -158.168    128.042    4096
       2010 16.75000000000   37.98304   270.02273              -158.163    134.400    4096
       2011 16.75833333333   37.91723   269.73087              -158.198    129.794    4096
       2012 16.76666666667   37.84999   269.43973              -158.203    129.537    4096
       2013 16.77500000000   37.78133   269.14932              -158.188    134.400    4096
       2014 16.78333333333   37.71126   268.85966              -158.139    135.219    4096
       2015 16.79166666667   37.63979   268.57077              -158.094    136.599    4096
       2016 16.80000000000   37.56693   268.28265              -158.092    139.454    4096
       2017 16.80833333333   37.49269   267.99533              -158.072    139.454    4096
       2018 16.81666666667   37.41707   267.70881              -158.060    136.475    4096
       2019 16.82500000000   37.34008   267.42310              -158.074    135.114    4096
       2020 16.83333333333   37.26175   267.13823              -158.076    135.923    4096
       2021 16.84166666667   37.18207   266.85421              -158.115    138.636    4096
       2022 16.85000000000   37.10105   266.57104              -158.030    138.122    4096
       2023 16.85833333333   37.01871   266.28873              -158.050    141.196    4096
       2024 16.86666666667   36.93505   266.00731              -158.006    143.138    4096
       2025 16.87500000000   36.85008   265.72677              -157.997    130.460    4096
       2026 16.88333333333   36.76383   265.44713              -158.054    133.877    4096
       2027 16.89166666667   36.67628   265.16841              -158.054    132.649    4096
       2028 16.90000000000   36.58746   264.89060              -158.106    133.315    4096
       2029 16.90833333333   36.49738   264.61373              -158.135    131.278    4096
       2030 16.91666666667   36.40604   264.33779              -158.119    135.371    4096
       2031 16.92500000000   36.31346   264.06280              -158.117    133.620    4096
       2032 16.93333333333   36.21964   263.78877              -158.128    135.105    4096
       2033 16.94166666667   36.12460   263.51570              -158.119    130.203    4096
       2034 16.95000000000   36.02835   263.24361              -158.145    130.488    4096
       2035 16.95833333333   35.93090   262.97250              -158.173    130.488    4096
       2036 16.96666666667   35.83226   262.70237              -158.172    142.881    4096
       2037 16.97500000000   35.73243   262.43324              -158.155    131.421    4096
       2038 16.98333333333   35.63144   262.16511              -158.165    130.726    4096
       2039 16.99166666667   35.52929   261.89799              -158.108    134.962    4096
       2040 17.00000000000   35.42599   261.63189              -158.154    137.151    4096
       2041 17.00833333333   35.32155   261.36680              -158.105    131.421    4096
       2042 17.01666666667   35.21599   261.10274              -158.065    124.359    4096
       2043 17.02500000000   35.10931   260.83971              -158.059    127.738    4096
       2044 17.03333333333   35.00153   260.57771              -158.106    130.193    4096
       2045 17.04166666667   34.89266   260.31676              -158.111    127.072    4096
       2046 17.05000000000   34.78270   260.05684              -158.068    134.552    4096
       2047 17.05833333333   34.67167   259.79798              -158.059    132.249    4096
       2048 17.06666666667   34.55958   259.54016              -158.073    137.151    4096
       2049 17.07500000000   34.44644   259.28340              -158.046    119.714    4096
       2050 17.08333333333   34.33226   259.02770              -158.108    119.714    4096
       2051 17.09166666667   34.21706   258.77306              -158.086    128.452    4096
       2052 17.10000000000   34.10084   258.51948              -158.104    131.535    4096
       2053 17.10833333333   33.98361   258.26697              -158.080    135.514    4096
       2054 17.11666666667   33.86539   258.01552              -158.008    136.037    4096
       2055 17.12500000000   33.74619   257.76514              -158.001    128.823    4096
       2056 17.13333333333   33.62602   257.51583              -158.014    125.292    4096
       2057 17.14166666667   33.50488   257.26760              -158.091    141.348    4096
       2058 17.15000000000   33.38279   257.02043              -157.991    143.138    4096
       2059 17.15833333333   33.25977   256.77434              -157.953    141.615    4096
       2060 17.16666666667   33.13581   256.52933              -157.920    141.386    4096
       2061 17.17500000000   33.01094   256.28538              -157.829    132.915    4096
       2062 17.18333333333   32.88517   256.04251              -157.825    138.645    4096
       2063 17.19166666667   32.75849   255.80072              -157.819    132.249    4096
       2064 17.20000000000   32.63093   255.56000              -157.808    137.979    4096
       2065 17.20833333333   32.50250   255.32035              -157.730    146.374    4096
       2066 17.21666666667   32.37321   255.08177              -157.690    141.653    4096
       2067 17.22500000000   32.24306   254.84426              -157.703    134.029    4096
       2068 17.23333333333   32.11207   254.60783              -157.641    136.180    4096
       2069 17.24166666667   31.98025   254.37246              -157.600    134.134    4096
       2070 17.25000000000   31.84761   254.13815              -157.602    140.834    4096
       2071 17.25833333333   31.71416   253.90491              -157.561    134.296    4096
       2072 17.26666666667   31.57992   253.67274              -157.544    137.265    4096
       2073 17.27500000000   31.44488   253.44162              -157.562    135.219    4096
       2074 17.28333333333   31.30907   253.21157              -157.580    134.848    4096
       2075 17.29166666667   31.17249   252.98256              -157.455    144.480    4096
       2076 17.30000000000   31.03515   252.75461              -157.427    133.068    4096
       2077 17.30833333333   30.89706   252.52771              -157.482    133.068    4096
       2078 17.31666666667   30.75824   252.30186              -157.454    126.634    4096
       2079 17.32500000000   30.61870   252.07705              -157.496    137.008    4096
       2080 17.33333333333   30.47844   251.85328              -157.464    131.688    4096
       2081 17.34166666667   30.33747   251.63055              -157.422    138.493    4096
       2082 17.35000000000   30.19581   251.40884              -157.385    132.801    4096
       2083 17.35833333333   30.05346   251.18817              -157.361    129.118    4096
       2084 17.36666666667   29.91044   250.96853              -157.372    131.983    4096
       2085 17.37500000000   29.76675   250.74990              -157.441    142.614    4096
       2086 17.38333333333   29.62241   250.53229              -157.392    138.902    4096
       2087 17.39166666667   29.47742   250.31570              -157.382    142.614    4096
       2088 17.40000000000   29.33180   250.10011              -157.389    132.249    4096
       2089 17.40833333333   29.18555   249.88552              -157.395    128.966    4096
       2090 17.41666666667   29.03869   249.67194              -157.373    131.316    4096
       2091 17.42500000000   28.89122   249.45935              -157.360    140.948    4096
       2092 17.43333333333   28.74316   249.24775              -157.309    140.948    4096
       2093 17.44166666667   28.59450   249.03713              -157.265    132.097    4096
       2094 17.45000000000   28.44528   248.82749              -157.292    137.817    4096
       2095 17.45833333333   28.29548   248.61882              -157.264    136.751    4096
       2096 17.46666666667   28.14512   248.41113              -157.183    136.751    4096
       2097 17.47500000000   27.99422   248.20440              -157.163    141.653    4096
       2098 17.48333333333   27.84278   247.99862              -157.096    138.531    4096
       2099 17.49166666667   27.69080   247.79380              -157.081    131.174    4096
       2100 17.50000000000   27.53831   247.58992              -157.051    140.682    4096
       2101 17.50833333333   27.38530   247.38699              -156.991    142.176    4096
       2102 17.51666666667   27.23179   247.18499              -156.925    143.547    4096
       2103 17.52500000000   27.07778   246.98392              -156.890    143.547    4096
       2104 17.53333333333   26.92329   246.78377              -156.835    140.834    4096
       2105 17.54166666667   26.76833   246.58454              -156.790    140.682    4096
       2106 17.55000000000   26.61289   246.38623              -156.789    146.964    4096
       2107 17.55833333333   26.45700   246.18882              -156.785    144.889    4096
       2108 17.56666666667   26.30065   245.99230              -156.752    144.508    4096
       2109 17.57500000000   26.14387   245.79668              -156.699    144.508    4096
       2110 17.58333333333   25.98665   245.60195              -156.634    132.249    4096
       2111 17.59166666667   25.82901   245.40810              -156.597    132.249    4096
       2112 17.60000000000   25.67095   245.21512              -156.498    133.220    4096
       2113 17.60833333333   25.51248   245.02301              -156.506    132.249    4096
       2114 17.61666666667   25.35361   244.83176              -156.532    131.830    4096
       2115 17.62500000000   25.19436   244.64137              -156.564    141.386    4096
       2116 17.63333333333   25.03471   244.45183              -156.524    141.139    4096
       2117 17.64166666667   24.87470   244.26312              -156.397    140.539    4096
       2118 17.65000000000   24.71432   244.07525              -156.288    140.948    4096
       2119 17.65833333333   24.55357   243.88821              -156.122    145.707    4096
       2120 17.66666666667   24.39248   243.70200              -156.136    141.910    4096
       2121 17.67500000000   24.23104   243.51659              -156.098    141.615    4096
       2122 17.68333333333   24.06927   243.33200              -156.091    143.433    4096
       2123 17.69166666667   23.90717   243.14821              -155.948    143.433    4096
       2124 17.70000000000   23.74475   242.96521              -155.909    151.580    4096
       2125 17.70833333333   23.58202   242.78300              -155.820    137.560    4096
       2126 17.71666666667   23.41898   242.60158              -155.681    137.969    4096
       2127 17.72500000000   23.25565   242.42093              -155.596    145.736    4096
       2128 17.73333333333   23.09202   242.24104              -155.452    143.661    4096
       2129 17.74166666667   22.92812   242.06192              -155.357    135.885    4096
       2130 17.75000000000   22.76393   241.88355              -155.357    136.190    4096
       2131 17.75833333333   22.59948   241.70593              -155.128    134.552    4096
       2132 17.76666666667   22.43477   241.52905              -154.974    129.784    4096
       2133 17.77500000000   22.26981   241.35290              -154.892    139.311    4096
       2134 17.78333333333   22.10460   241.17748              -154.710    136.703    4096
       2135 17.79166666667   21.93915   241.00278              -154.604    132.649    4096
       2136 17.80000000000   21.77346   240.82880              -154.494    132.125    4096
       2137 17.80833333333   21.60755   240.65552              -154.428    123.950    4096
       2138 17.81666666667   21.44142   240.48294              -154.424    126.776    4096
       2139 17.82500000000   21.27508   240.31105              -154.212    136.332    4096
       2140 17.83333333333   21.10854   240.13984              -154.103    143.804    4096
       2141 17.84166666667   20.94179   239.96932              -153.917    144.070    4096
       2142 17.85000000000   20.77485   239.79947              -153.791    139.978    4096
       2143 17.85833333333   20.60773   239.63028              -153.754    132.249    4096
       2144 17.86666666667   20.44043   239.46175              -153.577    143.433    4096
       2145 17.87500000000   20.27295   239.29387              -153.427    136.999    4096
       2146 17.88333333333   20.10531   239.12664              -153.326    131.012    4096
       2147 17.89166666667   19.93751   238.96005              -153.322    139.759    4096
       2148 17.90000000000   19.76955   238.79408              -153.044    142.433    4096
       2149 17.90833333333   19.60145   238.62874              -152.912    146.145    4096
       2150 17.91666666667   19.43321   238.46402              -152.756    149.533    4096
       2151 17.92500000000   19.26483   238.29990              -152.532    147.487    4096
       2152 17.93333333333   19.09632   238.13639              -152.463    160.983    4096
       2153 17.94166666667   18.92769   237.97348              -152.253    149.419    4096
       2154 17.95000000000   18.75894   237.81116              -152.156    145.850    4096
       2155 17.95833333333   18.59007   237.64942              -152.107    151.466    4096
       2156 17.96666666667   18.42111   237.48826              -152.081    137.008    4096
       2157 17.97500000000   18.25204   237.32766              -151.980    140.948    4096
       2158 17.98333333333   18.08288   237.16763              -151.918    151.723    4096
       2159 17.99166666667   17.91363   237.00816              -151.918    151.723    4096
       2160 18.00000000000   17.74423   236.84825              -151.693    142.881    4096
       2161 18.00833333333   17.57490   236.69086              -151.636    139.454    4096
       2162 18.01666666667   17.40542   236.53302              -151.465    151.018    4096
       2163 18.02500000000   17.23587   236.37571              -151.428    151.875    4096
       2164 18.03333333333   17.06627   236.21892              -151.303    142.614    4096
       2165 18.04166666667   16.89660   236.06265              -151.221    142.214    4096
       2166 18.05000000000   16.72689   235.90689              -151.167    143.138    4096
       2167 18.05833333333   16.55714   235.75163              -151.123    136.703    4096
       2168 18.06666666667   16.38734   235.59687              -151.156    136.703    4096
       2169 18.07500000000   16.21752   235.44260              -150.942    143.023    4096
       2170 18.08333333333   16.04766   235.28882              -150.904    147.601    4096
       2171 18.09166666667   15.87778   235.13551              -150.825    147.230    4096
       2172 18.10000000000   15.70788   234.98268              -150.744    142.738    4096
       2173 18.10833333333   15.53797   234.83031              -150.655    132.097    4096
       2174 18.11666666667   15.36805   234.67840              -150.571    138.788    4096
       2175 18.12500000000   15.19812   234.52695              -150.478    122.018    4096
       2176 18.13333333333   15.02820   234.37594              -150.372    144.223    4096
       2177 18.14166666667   14.85828   234.22537              -150.337    134.438    4096
       2178 18.15000000000   14.68838   234.07524              -150.175    143.023    4096
       2179 18.15833333333   14.51849   233.92553              -150.170    143.023    4096
       2180 18.16666666667   14.34862   233.77624              -149.902    148.039    4096
       2181 18.17500000000   14.17877   233.62738              -149.866    140.120    4096
       2182 18.18333333333   14.00896   233.47892              -149.761    158.528    4096
       2183 18.19166666667   13.83918   233.33086              -149.761    158.528    4096
       2184 18.20000000000   13.66944   233.18320              -149.761    158.528    4096
       2850 23.75000000000   13.01781   131.54286              -152.193    153.360    4096
       2851 23.75833333333   13.19424   131.39581              -152.140    150.457    4096
       2852 23.76666666667   13.37077   131.24838              -152.225    149.638    4096
       2853 23.77500000000   13.54739   131.10059              -152.224    149.638    4096
       2854 23.78333333333   13.72410   130.95241              -152.117    144.261    4096
       2855 23.79166666667   13.90089   130.80385              -152.130    148.191    4096
       2856 23.80000000000   14.07777   130.65490              -152.107    150.390    4096
       2857 23.80833333333   14.25471   130.50555              -152.082    148.306    4096
       2858 23.81666666667   14.43173   130.35579              -152.026    139.606    4096
       2859 23.82500000000   14.60881   130.20563              -151.938    139.606    4096
       2860 23.83333333333   14.78595   130.05504              -151.867    145.298    4096
       2861 23.84166666667   14.96315   129.90404              -151.944    138.236    4096
       2862 23.85000000000   15.14039   129.75260              -151.928    141.205    4096
       2863 23.85833333333   15.31769   129.60072              -151.819    136.075    4096
       2864 23.86666666667   15.49502   129.44840              -151.682    141.757    4096
       2865 23.87500000000   15.67239   129.29563              -151.552    131.316    4096
       2866 23.88333333333   15.84979   129.14240              -151.469    145.850    4096
       2867 23.89166666667   16.02721   128.98870              -151.343    136.856    4096
       2868 23.90000000000   16.20466   128.83453              -151.215    140.834    4096
       2869 23.90833333333   16.38212   128.67989              -151.116    142.471    4096
       2870 23.91666666667   16.55959   128.52475              -150.981    138.902    4096
       2871 23.92500000000   16.73706   128.36913              -150.910    141.910    4096
       2872 23.93333333333   16.91453   128.21301              -150.863    148.458    4096
       2873 23.94166666667   17.09200   128.05637              -150.795    150.761    4096
       2874 23.95000000000   17.26946   127.89923              -150.736    152.551    4096
       2875 23.95833333333   17.44689   127.74156              -150.596    143.813    4096
       2876 23.96666666667   17.62431   127.58337              -150.570    142.024    4096
       2877 23.97500000000   17.80170   127.42464              -150.558    147.639    4096
       2878 23.98333333333   17.97905   127.26537              -150.623    147.078    4096
       2879 23.99166666667   18.15637   127.10555              -150.625    139.159    4096
