# Created on 2022-09-13 07:27:31 
# Sources: obs\TPKL1681.22O, nav\TPKL1681.22G
# Satellite: R08 (k = 6.0)
# Interval: 30.0
# Sampling interval: 0.0 (not used).
# Site: TPKL
# Position (L, B, H): 78.5290569025, 42.4638637031, 1886.01891334
# Position (X, Y, Z): 937429.6846, 4619604.6444, 4285027.6573
# datetime format: %Y-%m-%dT%H:%M:%S
# Columns: tsn, hour, el, az, tec.l1l2, tec.p1p2, validity
# (I11,1X,F14.11,1X,F10.5,1X,F11.5,1X,F21.3,1X,F10.3,1X,I7)
       1206 10.05000000000    3.27115   204.18679              6867.545      0.000      32
       1207 10.05833333333    3.50067   204.25724              6867.545      0.000      32
       1208 10.06666666667    3.73038   204.32826              6867.545      0.000      32
       1209 10.07500000000    3.96027   204.39986              6867.545      0.000      32
       1210 10.08333333333    4.19035   204.47204              6867.545      0.000      32
       1211 10.09166666667    4.42061   204.54481              6867.545      0.000      32
       1212 10.10000000000    4.65106   204.61818              6867.545      0.000      32
       1213 10.10833333333    4.88170   204.69214              6867.545      0.000      32
       1214 10.11666666667    5.11252   204.76670              6867.545      0.000      32
       1215 10.12500000000    5.34352   204.84187              6867.545      0.000      32
       1216 10.13333333333    5.57471   204.91765              6867.545      0.000      32
       1217 10.14166666667    5.80608   204.99405              6867.545      0.000      32
       1218 10.15000000000    6.03763   205.07106              6867.545      0.000      32
       1219 10.15833333333    6.26936   205.14870              6867.545      0.000      32
       1220 10.16666666667    6.50127   205.22697              6867.545      0.000      32
       1221 10.17500000000    6.73336   205.30587              6867.545      0.000      32
       1222 10.18333333333    6.96562   205.38542              6867.545      0.000      32
       1223 10.19166666667    7.19807   205.46560              6867.545      0.000      32
       1224 10.20000000000    7.43068   205.54644              6867.545      0.000      32
       1225 10.20833333333    7.66347   205.62793              6867.545      0.000      32
       1226 10.21666666667    7.89644   205.71008              6867.545      0.000      32
       1227 10.22500000000    8.12957   205.79289              6867.545      0.000      32
       1228 10.23333333333    8.36288   205.87638              6867.545      0.000      32
       1229 10.24166666667    8.59635   205.96054              6867.545      0.000      32
       1230 10.25000000000    8.82999   206.04538              6867.545      0.000      32
       1231 10.25833333333    9.06380   206.13091              6867.545      0.000      32
       1232 10.26666666667    9.29777   206.21713              6867.545      0.000      32
       1233 10.27500000000    9.53190   206.30404              6867.545      0.000      32
       1234 10.28333333333    9.76620   206.39166              6867.545      0.000      32
       1235 10.29166666667   10.00065   206.47999              6867.545      0.000      32
       1236 10.30000000000   10.23526   206.56904              6867.545      0.000      32
       1237 10.30833333333   10.47002   206.65881              6867.545      0.000      32
       1238 10.31666666667   10.70494   206.74930              6867.545      0.000      32
       1239 10.32500000000   10.94001   206.84053              6867.545      0.000      32
       1240 10.33333333333   11.17523   206.93249              6867.545      0.000      32
       1241 10.34166666667   11.41059   207.02520              6867.545      0.000      32
       1242 10.35000000000   11.64610   207.11867              6867.545      0.000      32
       1243 10.35833333333   11.88175   207.21289              6867.545      0.000      32
       1244 10.36666666667   12.11754   207.30787              6867.545      0.000      32
       1245 10.37500000000   12.35347   207.40363              6867.545      0.000      32
       1246 10.38333333333   12.58954   207.50017              6867.545      0.000      32
       1247 10.39166666667   12.82574   207.59749              6867.545      0.000      32
       1248 10.40000000000   13.06206   207.69560              6867.545      0.000      32
       1249 10.40833333333   13.29852   207.79451              6867.545      0.000      32
       1250 10.41666666667   13.53510   207.89423              6867.545      0.000      32
       1251 10.42500000000   13.77180   207.99476              6867.545      0.000      32
       1252 10.43333333333   14.00862   208.09610              6867.545      0.000      32
       1253 10.44166666667   14.24556   208.19828              6867.545      0.000      32
       1254 10.45000000000   14.48261   208.30129              6867.545      0.000      32
       1255 10.45833333333   14.71977   208.40514               -70.489      0.000      32
       1256 10.46666666667   14.95703   208.50984               -71.421      0.000      32
       1257 10.47500000000   15.19440   208.61539               -72.093      0.000      32
       1258 10.48333333333   15.43187   208.72181               -72.679      0.000      32
       1259 10.49166666667   15.66944   208.82910               -73.380      0.000      32
       1260 10.50000000000   15.90710   208.93728               -73.980      0.000      32
       1261 10.50833333333   16.15510   209.00514               -74.728      0.000      32
       1262 10.51666666667   16.39290   209.11475               -75.352      0.000      32
       1263 10.52500000000   16.63086   209.22499               -76.031      0.000      32
       1264 10.53333333333   16.86897   209.33586               -76.910      0.000      32
       1265 10.54166666667   17.10724   209.44738               -77.472      0.000      32
       1266 10.55000000000   17.34566   209.55954               -77.916      0.000      32
       1267 10.55833333333   17.58423   209.67236               -78.546      0.000      32
       1268 10.56666666667   17.82295   209.78585               -79.222      0.000      32
       1269 10.57500000000   18.06180   209.90000               -79.830      0.000      32
       1270 10.58333333333   18.30080   210.01484               -80.415      0.000      32
       1271 10.59166666667   18.53994   210.13036               -81.091      0.000      32
       1272 10.60000000000   18.77922   210.24657               -81.752      0.000      32
       1273 10.60833333333   19.01863   210.36349               -82.408      0.000      32
       1274 10.61666666667   19.25817   210.48111               -83.087      0.000      32
       1275 10.62500000000   19.49784   210.59945               -83.725      0.000      32
       1276 10.63333333333   19.73764   210.71852               -84.183      0.000      32
       1277 10.64166666667   19.97756   210.83833               -84.760      0.000      32
       1278 10.65000000000   20.21760   210.95887               -85.454      0.000      32
       1279 10.65833333333   20.45776   211.08017               -85.964      0.000      32
       1280 10.66666666667   20.69803   211.20222               -86.533      0.000      32
       1281 10.67500000000   20.93841   211.32505               -87.218      0.000      32
       1282 10.68333333333   21.17891   211.44865               -87.763      0.000      32
       1283 10.69166666667   21.41950   211.57303               -88.223      0.000      32
       1284 10.70000000000   21.66020   211.69821               -88.700      0.000      32
       1285 10.70833333333   21.90100   211.82419               -89.321      0.000      32
       1286 10.71666666667   22.14189   211.95099               -89.938      0.000      32
       1287 10.72500000000   22.38287   212.07861               -90.321      0.000      32
       1288 10.73333333333   22.62394   212.20706               -90.804      0.000      32
       1289 10.74166666667   22.86509   212.33635               -91.332      0.000      32
       1290 10.75000000000   23.10633   212.46649               -91.809      0.000      32
       1291 10.75833333333   23.34764   212.59749               -92.169      0.000      32
       1292 10.76666666667   23.58902   212.72936               -92.868      0.000      32
       1293 10.77500000000   23.83048   212.86211               -93.208      0.000      32
       1294 10.78333333333   24.07199   212.99576               -93.678      0.000      32
       1295 10.79166666667   24.31357   213.13030               -94.051      0.000      32
       1296 10.80000000000   24.55521   213.26575               -94.482      0.000      32
       1297 10.80833333333   24.79690   213.40213               -94.940      0.000      32
       1298 10.81666666667   25.03863   213.53944               -95.281      0.000      32
       1299 10.82500000000   25.28041   213.67769               -95.637      0.000      32
       1300 10.83333333333   25.52223   213.81690               -96.039      0.000      32
       1301 10.84166666667   25.76409   213.95707               -96.426      0.000      32
       1302 10.85000000000   26.00597   214.09822               -96.888      0.000      32
       1303 10.85833333333   26.24788   214.24036               -97.159      0.000      32
       1304 10.86666666667   26.48982   214.38350               -97.633      0.000      32
       1305 10.87500000000   26.73176   214.52765               -97.991      0.000      32
       1306 10.88333333333   26.97372   214.67282               -98.234      0.000      32
       1307 10.89166666667   27.21569   214.81903               -98.728      0.000      32
       1308 10.90000000000   27.45765   214.96628               -98.945      0.000      32
       1309 10.90833333333   27.69962   215.11460               -99.457      0.000      32
       1310 10.91666666667   27.94157   215.26398               -99.626      0.000      32
       1311 10.92500000000   28.18351   215.41446               -99.986      0.000      32
       1312 10.93333333333   28.42542   215.56603              -100.342      0.000      32
       1313 10.94166666667   28.66732   215.71871              -100.741      0.000      32
       1314 10.95000000000   28.90918   215.87252              -100.978      0.000      32
       1315 10.95833333333   29.15100   216.02746              -101.316      0.000      32
       1316 10.96666666667   29.39278   216.18355              -101.652      0.000      32
       1317 10.97500000000   29.63451   216.34081              -101.859      0.000      32
       1318 10.98333333333   29.87619   216.49925              -102.267      0.000      32
       1319 10.99166666667   30.11781   216.65888              -102.536      0.000      32
       1320 11.00000000000   30.35935   216.81972              -102.901      0.000      32
       1321 11.00833333333   30.62119   216.93322              -103.097      0.000      32
       1322 11.01666666667   30.86281   217.09589              -103.377      0.000      32
       1323 11.02500000000   31.10449   217.25949              -103.668      0.000      32
       1324 11.03333333333   31.34623   217.42402              -103.973      0.000      32
       1325 11.04166666667   31.58801   217.58950              -104.104      0.000      32
       1326 11.05000000000   31.82983   217.75595              -104.422      0.000      32
       1327 11.05833333333   32.07170   217.92337              -104.649      0.000      32
       1328 11.06666666667   32.31359   218.09178              -104.884      0.000      32
       1329 11.07500000000   32.55552   218.26120              -105.165      0.000      32
       1330 11.08333333333   32.79747   218.43163              -105.413      0.000      32
       1331 11.09166666667   33.03943   218.60309              -105.667      0.000      32
       1332 11.10000000000   33.28141   218.77560              -105.943      0.000      32
       1333 11.10833333333   33.52340   218.94916              -106.078      0.000      32
       1334 11.11666666667   33.76539   219.12380              -106.391      0.000      32
       1335 11.12500000000   34.00737   219.29952              -106.606      0.000      32
       1336 11.13333333333   34.24935   219.47635              -106.848      0.000      32
       1337 11.14166666667   34.49131   219.65430              -107.045      0.000      32
       1338 11.15000000000   34.73325   219.83338              -107.281      0.000      32
       1339 11.15833333333   34.97517   220.01361              -107.440      0.000      32
       1340 11.16666666667   35.21705   220.19500              -107.611      0.000      32
       1341 11.17500000000   35.45889   220.37758            -15085.541      0.000      32
       1342 11.18333333333   35.70070   220.56135              -108.045      0.000      32
       1343 11.19166666667   35.94245   220.74634              -108.334      0.000      32
       1344 11.20000000000   36.18415   220.93256              -108.509      0.000      32
       1345 11.20833333333   36.42578   221.12002              -108.578      0.000      32
       1346 11.21666666667   36.66735   221.30875              -108.816      0.000      32
       1347 11.22500000000   36.90884   221.49876              -108.947      0.000      32
       1348 11.23333333333   37.15025   221.69007              -109.169      0.000      32
       1349 11.24166666667   37.39157   221.88271              -109.284      0.000      32
       1350 11.25000000000   37.63279   222.07667              -109.513      0.000      32
       1351 11.25833333333   37.87392   222.27200             19147.232      0.000      32
       1352 11.26666666667   38.11493   222.46869              -109.890      0.000      32
       1353 11.27500000000   38.35583   222.66679              -110.003      0.000      32
       1354 11.28333333333   38.59661   222.86629              -110.273      0.000      32
       1355 11.29166666667   38.83726   223.06723              -110.445      0.000      32
       1356 11.30000000000   39.07776   223.26962              -110.592      0.000      32
       1357 11.30833333333   39.31813   223.47348              -110.707      0.000      32
       1358 11.31666666667   39.55834   223.67884              -110.919      0.000      32
       1359 11.32500000000   39.79839   223.88571              -111.081      0.000      32
       1360 11.33333333333   40.03828   224.09412              -111.299      0.000      32
       1361 11.34166666667   40.27799   224.30408              -111.383      0.000      32
       1362 11.35000000000   40.51752   224.51563              -111.537      0.000      32
       1363 11.35833333333   40.75685   224.72878              -111.750      0.000      32
       1364 11.36666666667   40.99599   224.94355              -111.938      0.000      32
       1365 11.37500000000   41.23491   225.15997              -112.025      0.000      32
       1366 11.38333333333   41.47362   225.37806              -112.122      0.000      32
       1367 11.39166666667   41.71211   225.59785              -112.376      0.000      32
       1368 11.40000000000   41.95036   225.81935              -112.505      0.000      32
       1369 11.40833333333   42.18837   226.04260              -112.566      0.000      32
       1370 11.41666666667   42.42613   226.26762              -112.860      0.000      32
       1371 11.42500000000   42.66363   226.49443              -112.959      0.000      32
       1372 11.43333333333   42.90086   226.72306              -113.095      0.000      32
       1373 11.44166666667   43.13781   226.95353              -113.359      0.000      32
       1374 11.45000000000   43.37447   227.18588              -113.399      0.000      32
       1375 11.45833333333   43.61084   227.42012              -113.623      0.000      32
       1376 11.46666666667   43.84689   227.65629              -113.680      0.000      32
       1377 11.47500000000   44.08263   227.89440              -113.875      0.000      32
       1378 11.48333333333   44.31805   228.13450              -114.015      0.000      32
       1379 11.49166666667   44.55312   228.37661              -114.143      0.000      32
       1380 11.50000000000   44.78785   228.62076              -114.261      0.000      32
       1381 11.50833333333   45.04740   228.81147              -114.385      0.000      32
       1382 11.51666666667   45.28190   229.05885              -114.540      0.000      32
       1383 11.52500000000   45.51620   229.30799              -114.696      0.000      32
       1384 11.53333333333   45.75029   229.55891              -114.877      0.000      32
       1385 11.54166666667   45.98416   229.81164              -115.003      0.000      32
       1386 11.55000000000   46.21779   230.06620              -115.103      0.000      32
       1387 11.55833333333   46.45119   230.32262              -115.240      0.000      32
       1388 11.56666666667   46.68433   230.58093              -115.391      0.000      32
       1389 11.57500000000   46.91722   230.84117              -115.513      0.000      32
       1390 11.58333333333   47.14983   231.10335              -115.697      0.000      32
       1391 11.59166666667   47.38217   231.36751              -115.783      0.000      32
       1392 11.60000000000   47.61423   231.63369              -115.896      0.000      32
       1393 11.60833333333   47.84598   231.90190              -116.084      0.000      32
       1394 11.61666666667   48.07742   232.17218              -116.181      0.000      32
       1395 11.62500000000   48.30855   232.44457              -116.353      0.000      32
       1396 11.63333333333   48.53935   232.71910              -116.519      0.000      32
       1397 11.64166666667   48.76981   232.99579              -116.588      0.000      32
       1398 11.65000000000   48.99992   233.27469              -116.686      0.000      32
       1399 11.65833333333   49.22966   233.55582              -116.822      0.000      32
       1400 11.66666666667   49.45904   233.83922              -116.991      0.000      32
       1401 11.67500000000   49.68803   234.12493              -117.127      0.000      32
       1402 11.68333333333   49.91663   234.41298              -117.267      0.000      32
       1403 11.69166666667   50.14482   234.70341              -117.378      0.000      32
       1404 11.70000000000   50.37260   234.99625              -117.552      0.000      32
       1405 11.70833333333   50.59995   235.29155              -117.624      0.000      32
       1406 11.71666666667   50.82685   235.58934              -117.750      0.000      32
       1407 11.72500000000   51.05330   235.88965              -117.873      0.000      32
       1408 11.73333333333   51.27929   236.19253              -117.994      0.000      32
       1409 11.74166666667   51.50479   236.49802              -118.090      0.000      32
       1410 11.75000000000   51.72981   236.80616              -118.219      0.000      32
       1411 11.75833333333   51.95432   237.11699              -118.318      0.000      32
       1412 11.76666666667   52.17831   237.43055              -118.410      0.000      32
       1413 11.77500000000   52.40177   237.74688              -118.486      0.000      32
       1414 11.78333333333   52.62469   238.06603              -118.608      0.000      32
       1415 11.79166666667   52.84705   238.38804              -118.705      0.000      32
       1416 11.80000000000   53.06883   238.71296              -118.836      0.000      32
       1417 11.80833333333   53.29003   239.04082              -118.889      0.000      32
       1418 11.81666666667   53.51063   239.37167              -119.014      0.000      32
       1419 11.82500000000   53.73061   239.70557              -119.025      0.000      32
       1420 11.83333333333   53.94996   240.04256              -119.125      0.000      32
       1421 11.84166666667   54.16867   240.38268              -119.195      0.000      32
       1422 11.85000000000   54.38671   240.72598              -119.361      0.000      32
       1423 11.85833333333   54.60408   241.07252              -119.411      0.000      32
       1424 11.86666666667   54.82075   241.42233              -119.534      0.000      32
       1425 11.87500000000   55.03671   241.77548              -119.622      0.000      32
       1426 11.88333333333   55.25194   242.13201              -119.639      0.000      32
       1427 11.89166666667   55.46644   242.49198              -119.812      0.000      32
       1428 11.90000000000   55.68017   242.85543              -119.885      0.000      32
       1429 11.90833333333   55.89312   243.22242              -120.007      0.000      32
       1430 11.91666666667   56.10528   243.59300              -120.101      0.000      32
       1431 11.92500000000   56.31662   243.96723             19136.757      0.000      32
       1432 11.93333333333   56.52713   244.34516            -15097.838      0.000      32
       1433 11.94166666667   56.73679   244.72684              -120.306      0.000      32
       1434 11.95000000000   56.94558   245.11233              -120.398      0.000      32
       1435 11.95833333333   57.15348   245.50170              -120.471      0.000      32
       1436 11.96666666667   57.36047   245.89498              -120.569      0.000      32
       1437 11.97500000000   57.56653   246.29225              -120.596      0.000      32
       1438 11.98333333333   57.77164   246.69356              -120.675      0.000      32
       1439 11.99166666667   57.97578   247.09896              -120.760      0.000      32
       1440 12.00000000000   58.17893   247.50852              -120.882      0.000      32
       1441 12.00833333333   58.40544   247.86001              -120.925      0.000      32
       1442 12.01666666667   58.60731   248.27694              -120.961      0.000      32
       1443 12.02500000000   58.80829   248.69780              -120.997      0.000      32
       1444 12.03333333333   59.00837   249.12264              -121.139      0.000      32
       1445 12.04166666667   59.20752   249.55152              -121.189      0.000      32
       1446 12.05000000000   59.40573   249.98450              -121.303      0.000      32
       1447 12.05833333333   59.60296   250.42164              -121.307      0.000      32
       1448 12.06666666667   59.79921   250.86299              -121.363      0.000      32
       1449 12.07500000000   59.99445   251.30862              -121.473      0.000      32
       1450 12.08333333333   60.18866   251.75857              -121.536      0.000      32
       1451 12.09166666667   60.38181   252.21292              -121.583      0.000      32
       1452 12.10000000000   60.57389   252.67173              -121.647      0.000      32
       1453 12.10833333333   60.76487   253.13504              -121.639      0.000      32
       1454 12.11666666667   60.95473   253.60292              -121.704      0.000      32
       1455 12.12500000000   61.14344   254.07544              -121.746      0.000      32
       1456 12.13333333333   61.33099   254.55264              -121.811      0.000      32
       1457 12.14166666667   61.51734   255.03460              -121.937      0.000      32
       1458 12.15000000000   61.70247   255.52138              -121.951      0.000      32
       1459 12.15833333333   61.88637   256.01302              -121.997      0.000      32
       1460 12.16666666667   62.06899   256.50960              -122.044      0.000      32
       1461 12.17500000000   62.25032   257.01116              -122.087      0.000      32
       1462 12.18333333333   62.43033   257.51778              -122.159      0.000      32
       1463 12.19166666667   62.60900   258.02952              -122.216      0.000      32
       1464 12.20000000000   62.78629   258.54642              -122.302      0.000      32
       1465 12.20833333333   62.96218   259.06854              -122.354      0.000      32
       1466 12.21666666667   63.13664   259.59596              -122.403      0.000      32
       1467 12.22500000000   63.30965   260.12871              -122.486      0.000      32
       1468 12.23333333333   63.48117   260.66687              -122.520      0.000      32
       1469 12.24166666667   63.65118   261.21047              -122.576      0.000      32
       1470 12.25000000000   63.81964   261.75958              -122.641      0.000      32
       1471 12.25833333333   63.98653   262.31426              -122.659      0.000      32
       1472 12.26666666667   64.15182   262.87454              -122.699      0.000      32
       1473 12.27500000000   64.31548   263.44048              -122.769      0.000      32
       1474 12.28333333333   64.47747   264.01214              -122.813      0.000      32
       1475 12.29166666667   64.63777   264.58954              -122.851      0.000      32
       1476 12.30000000000   64.79633   265.17275              -122.901      0.000      32
       1477 12.30833333333   64.95314   265.76181              -122.989      0.000      32
       1478 12.31666666667   65.10816   266.35675              -123.021      0.000      32
       1479 12.32500000000   65.26135   266.95761              -123.041      0.000      32
       1480 12.33333333333   65.41268   267.56443              -123.064      0.000      32
       1481 12.34166666667   65.56213   268.17724              -123.138      0.000      32
       1482 12.35000000000   65.70964   268.79607              -123.158      0.000      32
       1483 12.35833333333   65.85520   269.42096              -123.208      0.000      32
       1484 12.36666666667   65.99877   270.05191              -123.238      0.000      32
       1485 12.37500000000   66.14030   270.68897              -123.267      0.000      32
       1486 12.38333333333   66.27978   271.33214              -123.315      0.000      32
       1487 12.39166666667   66.41715   271.98143              -123.369      0.000      32
       1488 12.40000000000   66.55239   272.63686              -123.398      0.000      32
       1489 12.40833333333   66.68547   273.29843              -123.467      0.000      32
       1490 12.41666666667   66.81633   273.96614              -123.495      0.000      32
       1491 12.42500000000   66.94496   274.63999              -123.559      0.000      32
       1492 12.43333333333   67.07131   275.31998              -123.579      0.000      32
       1493 12.44166666667   67.19535   276.00608              -123.624      0.000      32
       1494 12.45000000000   67.31703   276.69828              -123.694      0.000      32
       1495 12.45833333333   67.43634   277.39656              -123.781      0.000      32
       1496 12.46666666667   67.55322   278.10088              -123.762      0.000      32
       1497 12.47500000000   67.66764   278.81122              -123.843      0.000      32
       1498 12.48333333333   67.77957   279.52753              -123.833      0.000      32
       1499 12.49166666667   67.88898   280.24977              -123.919      0.000      32
       1500 12.50000000000   67.99581   280.97788             19132.946      0.000      32
       1501 12.50833333333   68.12220   281.64747              -123.985      0.000      32
       1502 12.51666666667   68.22480   282.38669              -124.037      0.000      32
       1503 12.52500000000   68.32490   283.13122              -124.051      0.000      32
       1504 12.53333333333   68.42244   283.88099              -124.102      0.000      32
       1505 12.54166666667   68.51741   284.63591              -124.164      0.000      32
       1506 12.55000000000   68.60977   285.39591              -124.143      0.000      32
       1507 12.55833333333   68.69950   286.16089              -124.167      0.000      32
       1508 12.56666666667   68.78657   286.93075              -124.168      0.000      32
       1509 12.57500000000   68.87096   287.70538              -124.239      0.000      32
       1510 12.58333333333   68.95262   288.48469              -124.274      0.000      32
       1511 12.59166666667   69.03155   289.26855              -124.272      0.000      32
       1512 12.60000000000   69.10771   290.05683              -124.239      0.000      32
       1513 12.60833333333   69.18108   290.84942              -124.271      0.000      32
       1514 12.61666666667   69.25164   291.64617              -124.305      0.000      32
       1515 12.62500000000   69.31936   292.44695              -124.346      0.000      32
       1516 12.63333333333   69.38422   293.25160              -124.299      0.000      32
       1517 12.64166666667   69.44620   294.05998              -124.301      0.000      32
       1518 12.65000000000   69.50529   294.87193              -124.367      0.000      32
       1519 12.65833333333   69.56145   295.68729              -124.363      0.000      32
       1520 12.66666666667   69.61468   296.50587              -124.369      0.000      32
       1521 12.67500000000   69.66496   297.32753              -124.413      0.000      32
       1522 12.68333333333   69.71227   298.15206              -124.446      0.000      32
       1523 12.69166666667   69.75660   298.97930              -124.461      0.000      32
       1524 12.70000000000   69.79794   299.80904              -124.494      0.000      32
       1525 12.70833333333   69.83626   300.64111              -124.581      0.000      32
       1526 12.71666666667   69.87157   301.47531              -124.614      0.000      32
       1527 12.72500000000   69.90385   302.31143              -124.636      0.000      32
       1528 12.73333333333   69.93310   303.14928              -124.650      0.000      32
       1529 12.74166666667   69.95930   303.98865              -124.668      0.000      32
       1530 12.75000000000   69.98245   304.82933             19132.161      0.000      32
       1531 12.75833333333   70.00256   305.67112              -124.791      0.000      32
       1532 12.76666666667   70.01960   306.51380              -124.790      0.000      32
       1533 12.77500000000   70.03360   307.35716              -124.814      0.000      32
       1534 12.78333333333   70.04453   308.20098              -124.820      0.000      32
       1535 12.79166666667   70.05241   309.04506              -124.874      0.000      32
       1536 12.80000000000   70.05724   309.88917              -124.917      0.000      32
       1537 12.80833333333   70.05902   310.73311              -124.924      0.000      32
       1538 12.81666666667   70.05776   311.57666              -124.961      0.000      32
       1539 12.82500000000   70.05346   312.41960              -124.971      0.000      32
       1540 12.83333333333   70.04614   313.26173              -124.996      0.000      32
       1541 12.84166666667   70.03580   314.10284              -125.026      0.000      32
       1542 12.85000000000   70.02244   314.94272              -125.048      0.000      32
       1543 12.85833333333   70.00610   315.78116              -125.041      0.000      32
       1544 12.86666666667   69.98677   316.61796              -125.065      0.000      32
       1545 12.87500000000   69.96448   317.45292              -125.084      0.000      32
       1546 12.88333333333   69.93923   318.28585              -125.067      0.000      32
       1547 12.89166666667   69.91105   319.11656              -125.066      0.000      32
       1548 12.90000000000   69.87995   319.94485              -125.096      0.000      32
       1549 12.90833333333   69.84595   320.77054              -125.121      0.000      32
       1550 12.91666666667   69.80908   321.59345              -125.139      0.000      32
       1551 12.92500000000   69.76935   322.41342              -125.146      0.000      32
       1552 12.93333333333   69.72678   323.23027              -125.166      0.000      32
       1553 12.94166666667   69.68140   324.04383              -125.186      0.000      32
       1554 12.95000000000   69.63324   324.85395              -125.161      0.000      32
       1555 12.95833333333   69.58232   325.66047              -125.197      0.000      32
       1556 12.96666666667   69.52865   326.46325              -125.172      0.000      32
       1557 12.97500000000   69.47228   327.26214              -125.189      0.000      32
       1558 12.98333333333   69.41322   328.05702              -125.182      0.000      32
       1559 12.99166666667   69.35151   328.84775              -125.207      0.000      32
       1560 13.00000000000   69.28717   329.63420              -125.217      0.000      32
       1561 13.00833333333   69.24215   330.36779              -125.203      0.000      32
       1562 13.01666666667   69.17358   331.14641              -125.204      0.000      32
       1563 13.02500000000   69.10261   331.92014              -125.231      0.000      32
       1564 13.03333333333   69.02928   332.68891              -125.224      0.000      32
       1565 13.04166666667   68.95362   333.45263              -125.224      0.000      32
       1566 13.05000000000   68.87566   334.21123              -125.229      0.000      32
       1567 13.05833333333   68.79545   334.96464              -125.251      0.000      32
       1568 13.06666666667   68.71301   335.71281              -125.236      0.000      32
       1569 13.07500000000   68.62838   336.45567              -125.244      0.000      32
       1570 13.08333333333   68.54160   337.19317              -125.257      0.000      32
       1571 13.09166666667   68.45270   337.92528              -125.253      0.000      32
       1572 13.10000000000   68.36173   338.65195              -125.259      0.000      32
       1573 13.10833333333   68.26870   339.37314              -125.289      0.000      32
       1574 13.11666666667   68.17366   340.08884              -125.300      0.000      32
       1575 13.12500000000   68.07665   340.79902              -125.285      0.000      32
       1576 13.13333333333   67.97770   341.50365              -125.317      0.000      32
       1577 13.14166666667   67.87684   342.20273              -125.374      0.000      32
       1578 13.15000000000   67.77411   342.89625              -125.365      0.000      32
       1579 13.15833333333   67.66954   343.58420              -125.399      0.000      32
       1580 13.16666666667   67.56317   344.26658              -125.422      0.000      32
       1581 13.17500000000   67.45502   344.94339              -125.437      0.000      32
       1582 13.18333333333   67.34515   345.61465              -125.458      0.000      32
       1583 13.19166666667   67.23357   346.28036              -125.484      0.000      32
       1584 13.20000000000   67.12031   346.94053              -125.449      0.000      32
       1585 13.20833333333   67.00543   347.59519              -125.463      0.000      32
       1586 13.21666666667   66.88893   348.24436              -125.499      0.000      32
       1587 13.22500000000   66.77086   348.88805              -125.523      0.000      32
       1588 13.23333333333   66.65124   349.52631             19131.406      0.000      32
       1589 13.24166666667   66.53012   350.15914              -125.508      0.000      32
       1590 13.25000000000   66.40751   350.78659              -125.513      0.000      32
       1591 13.25833333333   66.28344   351.40870              -125.484      0.000      32
       1592 13.26666666667   66.15795   352.02549              -125.490      0.000      32
       1593 13.27500000000   66.03107   352.63700              -125.528      0.000      32
       1594 13.28333333333   65.90282   353.24328              -125.556      0.000      32
       1595 13.29166666667   65.77323   353.84436              -125.558      0.000      32
       1596 13.30000000000   65.64233   354.44030              -125.573      0.000      32
       1597 13.30833333333   65.51015   355.03113              -125.555      0.000      32
       1598 13.31666666667   65.37671   355.61690              -125.542      0.000      32
       1599 13.32500000000   65.24203   356.19766              -125.537      0.000      32
       1600 13.33333333333   65.10615   356.77345              -125.531      0.000      32
       1601 13.34166666667   64.96909   357.34434              -125.529      0.000      32
       1602 13.35000000000   64.83087   357.91036              -125.524      0.000      32
       1603 13.35833333333   64.69152   358.47157              -125.517      0.000      32
       1604 13.36666666667   64.55105   359.02802              -125.447      0.000      32
       1605 13.37500000000   64.40950   359.57977              -125.436      0.000      32
       1606 13.38333333333   64.26689     0.12686              -125.434      0.000      32
       1607 13.39166666667   64.12324     0.66935              -125.384      0.000      32
       1608 13.40000000000   63.97856     1.20730              -125.398      0.000      32
       1609 13.40833333333   63.83289     1.74077              -125.325      0.000      32
       1610 13.41666666667   63.68624     2.26979              -125.373      0.000      32
       1611 13.42500000000   63.53863     2.79444              -125.346      0.000      32
       1612 13.43333333333   63.39008     3.31476              -125.358      0.000      32
       1613 13.44166666667   63.24061     3.83081              -125.327      0.000      32
       1614 13.45000000000   63.09024     4.34265              -125.313      0.000      32
       1615 13.45833333333   62.93900     4.85033              -125.313      0.000      32
       1616 13.46666666667   62.78689     5.35390              -125.281      0.000      32
       1617 13.47500000000   62.63393     5.85343              -125.300      0.000      32
       1618 13.48333333333   62.48015     6.34896              -125.275      0.000      32
       1619 13.49166666667   62.32555     6.84055              -125.288      0.000      32
       1620 13.50000000000   62.17016     7.32826              -125.277      0.000      32
       1621 13.50833333333   62.03371     7.77475              -125.297      0.000      32
       1622 13.51666666667   61.87753     8.25570              -125.249      0.000      32
       1623 13.52500000000   61.72073     8.73269              -125.258      0.000      32
       1624 13.53333333333   61.56333     9.20577              -125.243      0.000      32
       1625 13.54166666667   61.40534     9.67502              -125.235      0.000      32
       1626 13.55000000000   61.24678    10.14048              -125.204      0.000      32
       1627 13.55833333333   61.08767    10.60221              -125.175      0.000      32
       1628 13.56666666667   60.92802    11.06029              -125.174      0.000      32
       1629 13.57500000000   60.76784    11.51475              -125.177      0.000      32
       1630 13.58333333333   60.60717    11.96568              -125.171      0.000      32
       1631 13.59166666667   60.44599    12.41311              -125.133      0.000      32
       1632 13.60000000000   60.28434    12.85712              -125.086      0.000      32
       1633 13.60833333333   60.12223    13.29774              -125.096      0.000      32
       1634 13.61666666667   59.95966    13.73505              -125.030      0.000      32
       1635 13.62500000000   59.79666    14.16910              -125.050      0.000      32
       1636 13.63333333333   59.63323    14.59993              -125.042      0.000      32
       1637 13.64166666667   59.46939    15.02760              -124.970      0.000      32
       1638 13.65000000000   59.30515    15.45217              -124.955      0.000      32
       1639 13.65833333333   59.14051    15.87369              -124.906      0.000      32
       1640 13.66666666667   58.97550    16.29220              -124.886      0.000      32
       1641 13.67500000000   58.81013    16.70776              -124.835      0.000      32
       1642 13.68333333333   58.64439    17.12042              -124.802      0.000      32
       1643 13.69166666667   58.47831    17.53023              -124.796      0.000      32
       1644 13.70000000000   58.31190    17.93723              -124.733      0.000      32
       1645 13.70833333333   58.14515    18.34147              -124.691      0.000      32
       1646 13.71666666667   57.97810    18.74301              -124.621      0.000      32
       1647 13.72500000000   57.81073    19.14187              -124.553      0.000      32
       1648 13.73333333333   57.64306    19.53812              -124.573      0.000      32
       1649 13.74166666667   57.47511    19.93180              -124.544      0.000      32
       1650 13.75000000000   57.30687    20.32294              -124.522      0.000      32
       1651 13.75833333333   57.13836    20.71159              -124.506      0.000      32
       1652 13.76666666667   56.96958    21.09780              -124.451      0.000      32
       1653 13.77500000000   56.80055    21.48161              -124.374      0.000      32
       1654 13.78333333333   56.63126    21.86305              -124.414      0.000      32
       1655 13.79166666667   56.46174    22.24217              -124.411      0.000      32
       1656 13.80000000000   56.29197    22.61901              -124.424      0.000      32
       1657 13.80833333333   56.12198    22.99360              -124.449      0.000      32
       1658 13.81666666667   55.95176    23.36599              -124.413      0.000      32
       1659 13.82500000000   55.78133    23.73621              -124.404      0.000      32
       1660 13.83333333333   55.61068    24.10430              -124.382      0.000      32
       1661 13.84166666667   55.43983    24.47030              -124.384      0.000      32
       1662 13.85000000000   55.26879    24.83424              -124.411      0.000      32
       1663 13.85833333333   55.09754    25.19616              -124.366      0.000      32
       1664 13.86666666667   54.92612    25.55608              -124.350      0.000      32
       1665 13.87500000000   54.75450    25.91406              -124.351      0.000      32
       1666 13.88333333333   54.58272    26.27011              -124.353      0.000      32
       1667 13.89166666667   54.41076    26.62428              -124.342      0.000      32
       1668 13.90000000000   54.23863    26.97659              -124.233      0.000      32
       1669 13.90833333333   54.06634    27.32707              -124.221      0.000      32
       1670 13.91666666667   53.89389    27.67576              -124.196      0.000      32
       1671 13.92500000000   53.72128    28.02269              -124.136      0.000      32
       1672 13.93333333333   53.54853    28.36789              -124.112      0.000      32
       1673 13.94166666667   53.37563    28.71138              -124.071      0.000      32
       1674 13.95000000000   53.20259    29.05320              -124.053      0.000      32
       1675 13.95833333333   53.02941    29.39337              -124.009      0.000      32
       1676 13.96666666667   52.85609    29.73192              -124.043      0.000      32
       1677 13.97500000000   52.68265    30.06889              -123.927      0.000      32
       1678 13.98333333333   52.50908    30.40429              -123.910      0.000      32
       1679 13.99166666667   52.33538    30.73815              -123.852      0.000      32
       1680 14.00000000000   52.16157    31.07050              -123.851      0.000      32
       1681 14.00833333333   52.00039    31.36722              -123.799      0.000      32
       1682 14.01666666667   51.82699    31.69706              -123.730      0.000      32
       1683 14.02500000000   51.65355    32.02523              -123.679      0.000      32
       1684 14.03333333333   51.48009    32.35177              -123.647      0.000      32
       1685 14.04166666667   51.30661    32.67671              -123.606      0.000      32
       1686 14.05000000000   51.13311    33.00008              -123.563      0.000      32
       1687 14.05833333333   50.95959    33.32190              -123.531      0.000      32
       1688 14.06666666667   50.78607    33.64220              -123.437      0.000      32
       1689 14.07500000000   50.61253    33.96102              -123.386      0.000      32
       1690 14.08333333333   50.43900    34.27837              -123.326      0.000      32
       1691 14.09166666667   50.26546    34.59428              -123.311      0.000      32
       1692 14.10000000000   50.09192    34.90877              -123.253      0.000      32
       1693 14.10833333333   49.91839    35.22188              -123.196      0.000      32
       1694 14.11666666667   49.74486    35.53363              -123.143      0.000      32
       1695 14.12500000000   49.57135    35.84404              -123.062      0.000      32
       1696 14.13333333333   49.39785    36.15313              -123.025      0.000      32
       1697 14.14166666667   49.22436    36.46094              -122.989      0.000      32
       1698 14.15000000000   49.05089    36.76747              -122.935      0.000      32
       1699 14.15833333333   48.87745    37.07276              -122.860      0.000      32
       1700 14.16666666667   48.70402    37.37683              -122.807      0.000      32
       1701 14.17500000000   48.53062    37.67969              -122.755      0.000      32
       1702 14.18333333333   48.35725    37.98138              -122.689      0.000      32
       1703 14.19166666667   48.18391    38.28190              -122.671      0.000      32
       1704 14.20000000000   48.01060    38.58129              -122.636      0.000      32
       1705 14.20833333333   47.83732    38.87956            -15100.156      0.000      32
       1706 14.21666666667   47.66408    39.17673              -122.525      0.000      32
       1707 14.22500000000   47.49087    39.47282              -122.423      0.000      32
       1708 14.23333333333   47.31770    39.76785              -122.382      0.000      32
       1709 14.24166666667   47.14457    40.06184              -122.372      0.000      32
       1710 14.25000000000   46.97149    40.35481              -122.311      0.000      32
       1711 14.25833333333   46.79844    40.64677              -122.250      0.000      32
       1712 14.26666666667   46.62544    40.93775              -122.184      0.000      32
       1713 14.27500000000   46.45249    41.22776              -122.172      0.000      32
       1714 14.28333333333   46.27958    41.51682              -122.092      0.000      32
       1715 14.29166666667   46.10672    41.80494              -122.111      0.000      32
       1716 14.30000000000   45.93391    42.09215              -122.006      0.000      32
       1717 14.30833333333   45.76115    42.37845              -122.004      0.000      32
       1718 14.31666666667   45.58844    42.66387              -121.918      0.000      32
       1719 14.32500000000   45.41579    42.94842              -121.883      0.000      32
       1720 14.33333333333   45.24319    43.23211              -121.884      0.000      32
       1721 14.34166666667   45.07064    43.51496              -121.849      0.000      32
       1722 14.35000000000   44.89815    43.79699              -121.858      0.000      32
       1723 14.35833333333   44.72572    44.07821              -121.826      0.000      32
       1724 14.36666666667   44.55335    44.35863              -121.787      0.000      32
       1725 14.37500000000   44.38103    44.63827              -121.744      0.000      32
       1726 14.38333333333   44.20877    44.91715              -121.692      0.000      32
       1727 14.39166666667   44.03658    45.19527              -121.681      0.000      32
       1728 14.40000000000   43.86444    45.47264              -121.617      0.000      32
       1729 14.40833333333   43.69237    45.74929              -121.618      0.000      32
       1730 14.41666666667   43.52036    46.02523              -121.540      0.000      32
       1731 14.42500000000   43.34841    46.30046              -121.485      0.000      32
       1732 14.43333333333   43.17653    46.57500              -121.479      0.000      32
       1733 14.44166666667   43.00471    46.84887              -121.392      0.000      32
       1734 14.45000000000   42.83296    47.12206              -121.332      0.000      32
       1735 14.45833333333   42.66128    47.39461              -121.333      0.000      32
       1736 14.46666666667   42.48966    47.66651              -121.237      0.000      32
       1737 14.47500000000   42.31811    47.93777              -121.168      0.000      32
       1738 14.48333333333   42.14663    48.20842              -121.121      0.000      32
       1739 14.49166666667   41.97521    48.47845              -121.127      0.000      32
       1740 14.50000000000   41.80387    48.74789              -121.103      0.000      32
       1741 14.50833333333   41.63370    48.98471              -121.122      0.000      32
       1742 14.51666666667   41.46302    49.25315              -121.110      0.000      32
       1743 14.52500000000   41.29241    49.52080              -121.087      0.000      32
       1744 14.53333333333   41.12188    49.78769              -121.155      0.000      32
       1745 14.54166666667   40.95142    50.05383              -121.150      0.000      32
       1746 14.55000000000   40.78105    50.31924              -121.122      0.000      32
       1747 14.55833333333   40.61075    50.58391              -121.101      0.000      32
       1748 14.56666666667   40.44053    50.84788              -121.089      0.000      32
       1749 14.57500000000   40.27038    51.11114              -120.966      0.000      32
       1750 14.58333333333   40.10033    51.37372              -121.029      0.000      32
       1751 14.59166666667   39.93035    51.63562             19135.909      0.000      32
       1752 14.60000000000   39.76045    51.89685              -120.966      0.000      32
       1753 14.60833333333   39.59064    52.15743              -120.908      0.000      32
       1754 14.61666666667   39.42092    52.41738              -120.885      0.000      32
       1755 14.62500000000   39.25127    52.67669              -120.799      0.000      32
       1756 14.63333333333   39.08172    52.93538              -120.777      0.000      32
       1757 14.64166666667   38.91225    53.19346              -120.647      0.000      32
       1758 14.65000000000   38.74287    53.45095              -120.604      0.000      32
       1759 14.65833333333   38.57357    53.70785              -120.491      0.000      32
       1760 14.66666666667   38.40437    53.96418              -120.419      0.000      32
       1761 14.67500000000   38.23526    54.21993              -120.333      0.000      32
       1762 14.68333333333   38.06623    54.47514              -120.250      0.000      32
       1763 14.69166666667   37.89730    54.72979              -120.195      0.000      32
       1764 14.70000000000   37.72845    54.98391              -120.143      0.000      32
       1765 14.70833333333   37.55970    55.23750              -120.011      0.000      32
       1766 14.71666666667   37.39105    55.49057              -119.957      0.000      32
       1767 14.72500000000   37.22248    55.74314              -119.925      0.000      32
       1768 14.73333333333   37.05401    55.99520              -119.841      0.000      32
       1769 14.74166666667   36.88564    56.24677              -119.784      0.000      32
       1770 14.75000000000   36.71736    56.49787              -119.736      0.000      32
       1771 14.75833333333   36.54918    56.74848              -119.691      0.000      32
       1772 14.76666666667   36.38109    56.99864              -119.591      0.000      32
       1773 14.77500000000   36.21310    57.24833              -119.562      0.000      32
       1774 14.78333333333   36.04521    57.49758              -119.600      0.000      32
       1775 14.79166666667   35.87742    57.74639              -119.467      0.000      32
       1776 14.80000000000   35.70972    57.99477              -119.419      0.000      32
       1777 14.80833333333   35.54213    58.24272              -119.449      0.000      32
       1778 14.81666666667   35.37464    58.49025              -119.391      0.000      32
       1779 14.82500000000   35.20725    58.73738              -119.406      0.000      32
       1780 14.83333333333   35.03996    58.98410              -119.350      0.000      32
       1781 14.84166666667   34.87277    59.23043              -119.360      0.000      32
       1782 14.85000000000   34.70569    59.47637              -119.287      0.000      32
       1783 14.85833333333   34.53871    59.72193              -119.240      0.000      32
       1784 14.86666666667   34.37184    59.96711              -119.162      0.000      32
       1785 14.87500000000   34.20507    60.21193              -119.104      0.000      32
       1786 14.88333333333   34.03841    60.45639              -119.038      0.000      32
       1787 14.89166666667   33.87185    60.70049              -118.969      0.000      32
       1788 14.90000000000   33.70540    60.94425              -118.911      0.000      32
       1789 14.90833333333   33.53906    61.18766              -118.832      0.000      32
       1790 14.91666666667   33.37284    61.43074              -118.803      0.000      32
       1791 14.92500000000   33.20672    61.67350              -118.679      0.000      32
       1792 14.93333333333   33.04071    61.91593              -118.592      0.000      32
       1793 14.94166666667   32.87481    62.15804              -118.530      0.000      32
       1794 14.95000000000   32.70903    62.39984              -118.393      0.000      32
       1795 14.95833333333   32.54336    62.64134              -118.345      0.000      32
       1796 14.96666666667   32.37781    62.88253              -118.247      0.000      32
       1797 14.97500000000   32.21237    63.12343              -118.221      0.000      32
       1798 14.98333333333   32.04704    63.36405              -118.151      0.000      32
       1799 14.99166666667   31.88184    63.60438              -118.051      0.000      32
       1800 15.00000000000   31.71675    63.84443              -117.971      0.000      32
       1801 15.00833333333   31.53939    64.05403              -117.891      0.000      32
       1802 15.01666666667   31.37488    64.29354              -117.677      0.000      32
       1803 15.02500000000   31.21039    64.53259              -117.524      0.000      32
       1804 15.03333333333   31.04595    64.77119              -117.410      0.000      32
       1805 15.04166666667   30.88154    65.00935              -117.365      0.000      32
       1806 15.05000000000   30.71716    65.24706              -117.214      0.000      32
       1807 15.05833333333   30.55283    65.48435              -117.037      0.000      32
       1808 15.06666666667   30.38853    65.72121              -116.924      0.000      32
       1809 15.07500000000   30.22428    65.95765              -116.714      0.000      32
       1810 15.08333333333   30.06007    66.19368              -116.526      0.000      32
       1811 15.09166666667   29.89590    66.42930              -116.337      0.000      32
       1812 15.10000000000   29.73178    66.66452              -116.081      0.000      32
       1813 15.10833333333   29.56770    66.89936              -115.845      0.000      32
       1814 15.11666666667   29.40367    67.13380              -115.617      0.000      32
       1815 15.12500000000   29.23968    67.36787              -115.393      0.000      32
       1816 15.13333333333   29.07575    67.60156              -115.124      0.000      32
       1817 15.14166666667   28.91186    67.83488              -114.911      0.000      32
       1818 15.15000000000   28.74803    68.06785              -114.567      0.000      32
       1819 15.15833333333   28.58426    68.30045              -114.253      0.000      32
       1820 15.16666666667   28.42053    68.53271              -113.880      0.000      32
       1821 15.17500000000   28.25686    68.76462              -113.672      0.000      32
       1822 15.18333333333   28.09325    68.99619              -113.509      0.000      32
       1823 15.19166666667   27.92970    69.22743              -113.350      0.000      32
       1824 15.20000000000   27.76621    69.45834              -113.285      0.000      32
       1825 15.20833333333   27.60278    69.68892              -113.230      0.000      32
       1826 15.21666666667   27.43941    69.91919              -113.144      0.000      32
       1827 15.22500000000   27.27610    70.14915              -113.117      0.000      32
       1828 15.23333333333   27.11286    70.37879              4166.344      0.000      32
       1829 15.24166666667   26.94968    70.60814              -112.871      0.000      32
       1830 15.25000000000   26.78658    70.83719              -112.668      0.000      32
       1831 15.25833333333   26.62354    71.06594              -112.499      0.000      32
       1832 15.26666666667   26.46057    71.29441              -112.448      0.000      32
       1833 15.27500000000   26.29768    71.52260              -112.393      0.000      32
       1834 15.28333333333   26.13486    71.75051              -112.329      0.000      32
       1835 15.29166666667   25.97211    71.97814              -112.178      0.000      32
       1836 15.30000000000   25.80944    72.20550              -112.104      0.000      32
       1837 15.30833333333   25.64685    72.43260              -112.003      0.000      32
       1838 15.31666666667   25.48434    72.65945              -111.909      0.000      32
       1839 15.32500000000   25.32191    72.88603              -111.752      0.000      32
       1840 15.33333333333   25.15956    73.11236              -111.657      0.000      32
       1841 15.34166666667   24.99729    73.33845              -111.564      0.000      32
       1842 15.35000000000   24.83511    73.56429              -111.408      0.000      32
       1843 15.35833333333   24.67302    73.78990              -111.316      0.000      32
       1844 15.36666666667   24.51102    74.01527              -111.107      0.000      32
       1845 15.37500000000   24.34911    74.24041              -110.860      0.000      32
       1846 15.38333333333   24.18729    74.46532              -110.697      0.000      32
       1847 15.39166666667   24.02556    74.69001              -110.696      0.000      32
       1848 15.40000000000   23.86393    74.91448              -110.483      0.000      32
       1849 15.40833333333   23.70239    75.13873              -110.393      0.000      32
       1850 15.41666666667   23.54096    75.36278              -110.265      0.000      32
       1851 15.42500000000   23.37962    75.58661              -110.024      0.000      32
       1852 15.43333333333   23.21839    75.81024              -109.993      0.000      32
       1853 15.44166666667   23.05726    76.03367              -109.934      0.000      32
       1854 15.45000000000   22.89623    76.25691              -109.917      0.000      32
       1855 15.45833333333   22.73532    76.47994              -109.814      0.000      32
       1856 15.46666666667   22.57451    76.70279              -109.703      0.000      32
       1857 15.47500000000   22.41381    76.92546              -109.501      0.000      32
       1858 15.48333333333   22.25323    77.14793              -109.379      0.000      32
       1859 15.49166666667   22.09276    77.37023              -109.365      0.000      32
       1860 15.50000000000   21.93241    77.59235              -109.331      0.000      32
       1861 15.50833333333   21.74833    77.78536              -109.267      0.000      32
       1862 15.51666666667   21.58831    78.00703              -109.367      0.000      32
       1863 15.52500000000   21.42826    78.22835             19147.388      0.000      32
       1864 15.53333333333   21.26817    78.44931              -109.361      0.000      32
       1865 15.54166666667   21.10804    78.66993              -109.426      0.000      32
       1866 15.55000000000   20.94787    78.89020              -109.522      0.000      32
       1867 15.55833333333   20.78768    79.11013              -109.543      0.000      32
       1868 15.56666666667   20.62745    79.32973              -109.398      0.000      32
       1869 15.57500000000   20.46719    79.54900              -109.496      0.000      32
       1870 15.58333333333   20.30691    79.76794              -109.336      0.000      32
       1871 15.59166666667   20.14661    79.98656              -109.348      0.000      32
       1872 15.60000000000   19.98629    80.20486              -109.247      0.000      32
       1873 15.60833333333   19.82594    80.42284              -109.073      0.000      32
       1874 15.61666666667   19.66558    80.64052              -108.943      0.000      32
       1875 15.62500000000   19.50521    80.85789              -108.856      0.000      32
       1876 15.63333333333   19.34482    81.07495              -108.730      0.000      32
       1877 15.64166666667   19.18442    81.29172              -108.587      0.000      32
       1878 15.65000000000   19.02402    81.50819              -108.413      0.000      32
       1879 15.65833333333   18.86361    81.72437              -108.309      0.000      32
       1880 15.66666666667   18.70320    81.94026              -108.116      0.000      32
       1881 15.67500000000   18.54278    82.15587              -107.993      0.000      32
       1882 15.68333333333   18.38237    82.37120              -107.807      0.000      32
       1883 15.69166666667   18.22196    82.58626              -107.638      0.000      32
       1884 15.70000000000   18.06156    82.80104              -107.560      0.000      32
       1885 15.70833333333   17.90116    83.01555              -107.340      0.000      32
       1886 15.71666666667   17.74078    83.22980              -107.293      0.000      32
       1887 15.72500000000   17.58041    83.44378              -106.992      0.000      32
       1888 15.73333333333   17.42005    83.65750              -106.806      0.000      32
       1889 15.74166666667   17.25971    83.87097              -106.650      0.000      32
       1890 15.75000000000   17.09940    84.08419              -106.395      0.000      32
       1891 15.75833333333   16.93910    84.29716              -106.265      0.000      32
       1892 15.76666666667   16.77883    84.50989              -105.904      0.000      32
       1893 15.77500000000   16.61858    84.72237              -105.683      0.000      32
       1894 15.78333333333   16.45837    84.93461              -105.427      0.000      32
       1895 15.79166666667   16.29818    85.14662            -15082.755      0.000      32
       1896 15.80000000000   16.13803    85.35840              -104.849      0.000      32
       1897 15.80833333333   15.97792    85.56995              -104.754      0.000      32
       1898 15.81666666667   15.81785    85.78127              -104.458      0.000      32
       1899 15.82500000000   15.65781    85.99237              -104.446      0.000      32
       1900 15.83333333333   15.49782    86.20325              -104.305      0.000      32
       1901 15.84166666667   15.33788    86.41391              -104.060      0.000      32
       1902 15.85000000000   15.17798    86.62436              -103.745      0.000      32
       1903 15.85833333333   15.01814    86.83460              -103.518      0.000      32
       1904 15.86666666667   14.85834    87.04463              -103.360      0.000      32
       1905 15.87500000000   14.69861    87.25446              -103.170      0.000      32
       1906 15.88333333333   14.53893    87.46408              -102.922      0.000      32
       1907 15.89166666667   14.37931    87.67351              -102.633      0.000      32
       1908 15.90000000000   14.21976    87.88274              -102.343      0.000      32
       1909 15.90833333333   14.06027    88.09178              -102.052      0.000      32
       1910 15.91666666667   13.90085    88.30062              -101.927      0.000      32
       1911 15.92500000000   13.74150    88.50928              -101.821      0.000      32
       1912 15.93333333333   13.58222    88.71775              -101.596      0.000      32
       1913 15.94166666667   13.42301    88.92605              -101.464      0.000      32
       1914 15.95000000000   13.26389    89.13416              -101.464      0.000      32
       1915 15.95833333333   13.10484    89.34209              -101.464      0.000      32
       1916 15.96666666667   12.94588    89.54986              -101.464      0.000      32
       1917 15.97500000000   12.78700    89.75745              -101.464      0.000      32
       1918 15.98333333333   12.62821    89.96487              -101.464      0.000      32
       1919 15.99166666667   12.46951    90.17212              -101.464      0.000      32
       1920 16.00000000000   12.31090    90.37921              -101.464      0.000      32
