# Created on 2022-09-13 07:27:28 
# Sources: obs\TPKL1681.22O, nav\TPKL1681.22N
# Satellite: G18
# Interval: 30.0
# Sampling interval: 0.0 (not used).
# Site: TPKL
# Position (L, B, H): 78.5290569025, 42.4638637031, 1886.01891334
# Position (X, Y, Z): 937429.6846, 4619604.6444, 4285027.6573
# datetime format: %Y-%m-%dT%H:%M:%S
# Columns: tsn, hour, el, az, tec.l1l2, tec.p1p2, validity
# (I11,1X,F14.11,1X,F10.5,1X,F11.5,1X,F21.3,1X,F10.3,1X,I7)
        952  7.93333333333   14.26563   262.86901              -154.160    160.165    4096
        953  7.94166666667   14.42678   263.02513              -154.409    152.950    4096
        954  7.95000000000   14.58796   263.18145              -154.862    137.560    4096
        955  7.95833333333   14.74918   263.33798              -155.183    137.560    4096
        956  7.96666666667   14.91043   263.49472              -155.612    142.176    4096
        957  7.97500000000   15.07173   263.65166              -155.892    145.079    4096
        958  7.98333333333   15.23306   263.80880              -156.279    146.964    4096
        959  7.99166666667   15.39443   263.96615              -156.629    135.771    4096
        960  8.00000000000   15.55584   264.12370              -156.945    135.771    4096
        961  8.00833333333   15.71730   264.28146              -157.315    144.622    4096
        962  8.01666666667   15.87879   264.43941              -157.591    146.002    4096
        963  8.02500000000   16.04032   264.59757              -157.950    131.983    4096
        964  8.03333333333   16.20190   264.75594              -158.298    135.923    4096
        965  8.04166666667   16.36352   264.91450              -158.578    136.332    4096
        966  8.05000000000   16.52518   265.07326              -158.910    145.327    4096
        967  8.05833333333   16.68688   265.23223              -159.201    141.091    4096
        968  8.06666666667   16.84863   265.39139              -159.556    135.780    4096
        969  8.07500000000   17.01042   265.55076              -159.878    136.627    4096
        970  8.08333333333   17.17225   265.71032              -160.242    130.051    4096
        971  8.09166666667   17.33413   265.87008              -160.505    120.381    4096
        972  8.10000000000   17.49606   266.03004              -160.814    134.296    4096
        973  8.10833333333   17.65803   266.19021              -161.038    116.297    4096
        974  8.11666666667   17.82005   266.35056              -161.294    126.263    4096
        975  8.12500000000   17.98212   266.51112              -161.605    129.089    4096
        976  8.13333333333   18.14424   266.67187              -161.806    133.886    4096
        977  8.14166666667   18.30640   266.83282              -162.128    136.075    4096
        978  8.15000000000   18.46861   266.99397              -162.404    141.795    4096
        979  8.15833333333   18.63088   267.15531              -162.750    137.008    4096
        980  8.16666666667   18.79319   267.31685              -163.077    133.429    4096
        981  8.17500000000   18.95555   267.47859              -163.414    136.856    4096
        982  8.18333333333   19.11797   267.64052              -163.829    145.184    4096
        983  8.19166666667   19.28043   267.80264              -164.118    147.601    4096
        984  8.20000000000   19.44295   267.96497              -164.378    144.660    4096
        985  8.20833333333   19.60552   268.12748              -164.647    139.045    4096
        986  8.21666666667   19.76815   268.29019              -165.018    139.349    4096
        987  8.22500000000   19.93082   268.45310              -165.018    139.349    4096
        988  8.23333333333   20.09356   268.61619              -165.663    135.923    4096
        989  8.24166666667   20.25635   268.77948              -165.954    135.514    4096
        990  8.25000000000   20.41919   268.94297              -166.281    135.514    4096
        991  8.25833333333   20.58209   269.10665              -166.525    135.933    4096
        992  8.26666666667   20.74505   269.27052              -166.756    142.985    4096
        993  8.27500000000   20.90806   269.43458              -167.023    137.665    4096
        994  8.28333333333   21.07113   269.59884              -167.233    135.476    4096
        995  8.29166666667   21.23426   269.76329              -167.521    132.087    4096
        996  8.30000000000   21.39745   269.92793              -167.758    129.641    4096
        997  8.30833333333   21.56070   270.09277              -167.927    132.506    4096
        998  8.31666666667   21.72401   270.25779              -168.055    137.417    4096
        999  8.32500000000   21.88738   270.42301              -168.356    137.408    4096
       1000  8.33333333333   22.05081   270.58842              -168.582    141.243    4096
       1001  8.34166666667   22.21430   270.75402              -168.676    133.877    4096
       1002  8.35000000000   22.37786   270.91981              -168.904    134.438    4096
       1003  8.35833333333   22.54148   271.08580              -169.085    135.657    4096
       1004  8.36666666667   22.70516   271.25197              -169.265    141.386    4096
       1005  8.37500000000   22.86891   271.41834              -169.471    139.045    4096
       1006  8.38333333333   23.03272   271.58490              -169.654    137.008    4096
       1007  8.39166666667   23.19660   271.75165              -169.878    134.029    4096
       1008  8.40000000000   23.36054   271.91859              -170.104    130.983    4096
       1009  8.40833333333   23.52455   272.08572              -170.336    127.338    4096
       1010  8.41666666667   23.68863   272.25304              -170.564    115.222    4096
       1011  8.42500000000   23.85277   272.42055              -170.648    114.917    4096
       1012  8.43333333333   24.01699   272.58825              -170.870    114.137    4096
       1013  8.44166666667   24.18127   272.75615              -171.104    125.558    4096
       1014  8.45000000000   24.34562   272.92423              -171.288    130.907    4096
       1015  8.45833333333   24.51005   273.09251              -171.494    120.381    4096
       1016  8.46666666667   24.67454   273.26098              -171.769    143.433    4096
       1017  8.47500000000   24.83910   273.42964              -171.940    123.398    4096
       1018  8.48333333333   25.00374   273.59849              -172.155    117.116    4096
       1019  8.49166666667   25.16845   273.76753              -172.374    126.776    4096
       1020  8.50000000000   25.33323   273.93676              -172.441    124.473    4096
       1021  8.50833333333   25.49809   274.10618              -172.728    130.755    4096
       1022  8.51666666667   25.66302   274.27580              -173.007    137.008    4096
       1023  8.52500000000   25.82803   274.44561              -173.175    121.913    4096
       1024  8.53333333333   25.99311   274.61561              -173.241    123.398    4096
       1025  8.54166666667   26.15827   274.78580              -173.401    117.668    4096
       1026  8.55000000000   26.32350   274.95618              -173.689    122.731    4096
       1027  8.55833333333   26.48882   275.12676              -173.785    117.373    4096
       1028  8.56666666667   26.65421   275.29753              -174.027    118.753    4096
       1029  8.57500000000   26.81968   275.46849              -174.170    122.722    4096
       1030  8.58333333333   26.98522   275.63964              -174.331    133.582    4096
       1031  8.59166666667   27.15085   275.81099              -174.533    133.724    4096
       1032  8.60000000000   27.31656   275.98253              -174.747    144.927    4096
       1033  8.60833333333   27.48235   276.15427              -174.954    124.882    4096
       1034  8.61666666667   27.64822   276.32620              -175.026    123.540    4096
       1035  8.62500000000   27.81418   276.49832              -175.219    120.238    4096
       1036  8.63333333333   27.98022   276.67064              -175.350    127.633    4096
       1037  8.64166666667   28.14634   276.84315              -175.604    132.811    4096
       1038  8.65000000000   28.31254   277.01586              -175.752    132.506    4096
       1039  8.65833333333   28.47883   277.18877              -175.855    147.792    4096
       1040  8.66666666667   28.64521   277.36187              -176.163    140.425    4096
       1041  8.67500000000   28.81167   277.53517              -176.377    116.183    4096
       1042  8.68333333333   28.97822   277.70867              -176.496     96.443    4096
       1043  8.69166666667   29.14485   277.88236              -176.604    120.124    4096
       1044  8.70000000000   29.31158   278.05626              -176.748    124.997    4096
       1045  8.70833333333   29.47839   278.23035              -176.901    130.460    4096
       1046  8.71666666667   29.64529   278.40464              -176.988    145.327    4096
       1047  8.72500000000   29.81228   278.57913              -177.135    129.527    4096
       1048  8.73333333333   29.97936   278.75382              -177.385    129.527    4096
       1049  8.74166666667   30.14653   278.92871              -177.472    123.502    4096
       1050  8.75000000000   30.31380   279.10381              -177.774    119.305    4096
       1051  8.75833333333   30.48115   279.27910              -177.916    128.861    4096
       1052  8.76666666667   30.64860   279.45460              -178.036    129.641    4096
       1053  8.77500000000   30.81614   279.63031              -178.204    131.830    4096
       1054  8.78333333333   30.98378   279.80621              -178.415    119.829    4096
       1055  8.79166666667   31.15151   279.98232              -178.488    126.929    4096
       1056  8.80000000000   31.31933   280.15864              -178.634    126.776    4096
       1057  8.80833333333   31.48726   280.33517              -178.961    114.556    4096
       1058  8.81666666667   31.65527   280.51190              -178.989    109.188    4096
       1059  8.82500000000   31.82339   280.68884              -179.145    128.271    4096
       1060  8.83333333333   31.99160   280.86599              -179.342    118.601    4096
       1061  8.84166666667   32.15991   281.04334              -179.408    113.471    4096
       1062  8.85000000000   32.32832   281.22091              -179.517    116.554    4096
       1063  8.85833333333   32.49683   281.39869              -179.737    116.554    4096
       1064  8.86666666667   32.66543   281.57668              -179.929    119.153    4096
       1065  8.87500000000   32.83414   281.75489              -179.960    115.108    4096
       1066  8.88333333333   33.00295   281.93331              -180.132    128.052    4096
       1067  8.89166666667   33.17186   282.11195              -180.258    104.476    4096
       1068  8.90000000000   33.34088   282.29080              -180.332    115.365    4096
       1069  8.90833333333   33.50999   282.46987              -180.516    109.083    4096
       1070  8.91666666667   33.67921   282.64916              -180.646    100.231    4096
       1071  8.92500000000   33.84854   282.82867              -180.669    101.469    4096
       1072  8.93333333333   34.01797   283.00840              -180.815    113.433    4096
       1073  8.94166666667   34.18750   283.18835              -181.065    118.896    4096
       1074  8.95000000000   34.35714   283.36853              -181.129    112.091    4096
       1075  8.95833333333   34.52688   283.54893              -181.255    132.249    4096
       1076  8.96666666667   34.69674   283.72956              -181.443    113.994    4096
       1077  8.97500000000   34.86670   283.91041              -181.449    118.077    4096
       1078  8.98333333333   35.03676   284.09149              -181.691    120.228    4096
       1079  8.99166666667   35.20694   284.27281              -181.637    114.146    4096
       1080  9.00000000000   35.37722   284.45435              -181.610    111.386    4096
       1081  9.00833333333   35.54762   284.63613              -181.822    111.386    4096
       1082  9.01666666667   35.71812   284.81814              -181.928    110.463    4096
       1083  9.02500000000   35.88874   285.00039              -182.056    121.761    4096
       1084  9.03333333333   36.05947   285.18287              -182.124    110.311    4096
       1085  9.04166666667   36.23030   285.36560              -182.163    118.782    4096
       1086  9.05000000000   36.40126   285.54856              -182.318    125.444    4096
       1087  9.05833333333   36.57232   285.73177              -182.423    123.103    4096
       1088  9.06666666667   36.74350   285.91523              -182.408    121.056    4096
       1089  9.07500000000   36.91479   286.09893              -182.515    103.658    4096
       1090  9.08333333333   37.08619   286.28287              -182.625    123.283    4096
       1091  9.09166666667   37.25771   286.46707              -182.771    116.592    4096
       1092  9.10000000000   37.42935   286.65152              -182.883    122.027    4096
       1093  9.10833333333   37.60110   286.83622              -183.001    121.618    4096
       1094  9.11666666667   37.77297   287.02118              -183.097    129.784    4096
       1095  9.12500000000   37.94495   287.20639              -183.220    121.913    4096
       1096  9.13333333333   38.11706   287.39187              -183.278    127.595    4096
       1097  9.14166666667   38.28928   287.57760              -183.451    130.726    4096
       1098  9.15000000000   38.46161   287.76360              -183.536    115.917    4096
       1099  9.15833333333   38.63407   287.94987              -183.675    125.292    4096
       1100  9.16666666667   38.80665   288.13641              -183.733    115.469    4096
       1101  9.17500000000   38.97935   288.32321              -183.804    116.040    4096
       1102  9.18333333333   39.15216   288.51029              -183.994    127.081    4096
       1103  9.19166666667   39.32510   288.69765              -184.089    121.761    4096
       1104  9.20000000000   39.49816   288.88528              -184.232    121.761    4096
       1105  9.20833333333   39.67134   289.07319              -184.344    109.645    4096
       1106  9.21666666667   39.84464   289.26139              -184.372    122.027    4096
       1107  9.22500000000   40.01807   289.44987              -184.542    122.027    4096
       1108  9.23333333333   40.19162   289.63864              -184.618    107.855    4096
       1109  9.24166666667   40.36529   289.82771              -184.728    138.645    4096
       1110  9.25000000000   40.53908   290.01706              -184.797    116.336    4096
       1111  9.25833333333   40.71300   290.20672              -184.833    116.336    4096
       1112  9.26666666667   40.88704   290.39667              -184.931    125.958    4096
       1113  9.27500000000   41.06121   290.58693              -185.103    113.832    4096
       1114  9.28333333333   41.23551   290.77749              -185.059    102.687    4096
       1115  9.29166666667   41.40993   290.96836              -185.208    125.406    4096
       1116  9.30000000000   41.58447   291.15955              -185.354    127.747    4096
       1117  9.30833333333   41.75914   291.35104              -185.342    115.098    4096
       1118  9.31666666667   41.93394   291.54286              -185.437    116.450    4096
       1119  9.32500000000   42.10887   291.73500              -185.506    119.714    4096
       1120  9.33333333333   42.28392   291.92747              -185.536    115.365    4096
       1121  9.34166666667   42.45911   292.12027              -185.589    114.251    4096
       1122  9.35000000000   42.63441   292.31339              -185.687    115.622    4096
       1123  9.35833333333   42.80985   292.50686              -185.789    117.411    4096
       1124  9.36666666667   42.98542   292.70067              -185.840    117.411    4096
       1125  9.37500000000   43.16112   292.89482              -185.916    115.222    4096
       1126  9.38333333333   43.33694   293.08932              -185.982    116.297    4096
       1127  9.39166666667   43.51290   293.28417              -186.032    115.631    4096
       1128  9.40000000000   43.68898   293.47937              -186.123    119.714    4096
       1129  9.40833333333   43.86520   293.67494              -186.189    108.112    4096
       1130  9.41666666667   44.04154   293.87087              -186.258    117.782    4096
       1131  9.42500000000   44.21802   294.06718              -186.284    119.419    4096
       1132  9.43333333333   44.39462   294.26385              -186.395    114.955    4096
       1133  9.44166666667   44.57136   294.46091              -186.428    110.044    4096
       1134  9.45000000000   44.74823   294.65834              -186.501    114.394    4096
       1135  9.45833333333   44.92523   294.85617              -186.552    119.039    4096
       1136  9.46666666667   45.10236   295.05439              -186.656    116.440    4096
       1137  9.47500000000   45.27963   295.25300              -186.680    117.973    4096
       1138  9.48333333333   45.45702   295.45202              -186.779    115.070    4096
       1139  9.49166666667   45.63455   295.65145              -186.862    105.952    4096
       1140  9.50000000000   45.81221   295.85128              -186.916    117.525    4096
       1141  9.50833333333   45.99001   296.05154              -186.916    117.525    4096
       1142  9.51666666667   46.16793   296.25222              -187.032    106.228    4096
       1143  9.52500000000   46.34599   296.45333              -187.077    115.631    4096
       1144  9.53333333333   46.52418   296.65488              -187.144    109.492    4096
       1145  9.54166666667   46.70251   296.85687              -187.229    114.137    4096
       1146  9.55000000000   46.88096   297.05930              -187.311    118.601    4096
       1147  9.55833333333   47.05955   297.26219              -187.342    113.690    4096
       1148  9.56666666667   47.23827   297.46553              -187.464    107.750    4096
       1149  9.57500000000   47.41713   297.66935              -187.546    114.917    4096
       1150  9.58333333333   47.59612   297.87363              -187.571    116.440    4096
       1151  9.59166666667   47.77524   298.07840              -187.710    120.390    4096
       1152  9.60000000000   47.95449   298.28365              -187.784    110.568    4096
       1153  9.60833333333   48.13388   298.48939              -187.848    114.403    4096
       1154  9.61666666667   48.31340   298.69563              -187.919    120.942    4096
       1155  9.62500000000   48.49305   298.90238              -187.947    116.450    4096
       1156  9.63333333333   48.67284   299.10964              -188.050    115.365    4096
       1157  9.64166666667   48.85275   299.31743              -188.114    110.606    4096
       1158  9.65000000000   49.03280   299.52574              -188.182    117.154    4096
       1159  9.65833333333   49.21299   299.73460              -188.240    116.297    4096
       1160  9.66666666667   49.39330   299.94400              -188.240    116.297    4096
       1161  9.67500000000   49.57375   300.15395              -188.371    111.015    4096
       1162  9.68333333333   49.75432   300.36446              -188.460    111.282    4096
       1163  9.69166666667   49.93503   300.57555              -188.509    113.023    4096
       1164  9.70000000000   50.11587   300.78721              -188.570    108.931    4096
       1165  9.70833333333   50.29684   300.99946              -188.633    107.855    4096
       1166  9.71666666667   50.47794   301.21231              -188.700    110.720    4096
       1167  9.72500000000   50.65917   301.42577              -188.730    121.313    4096
       1168  9.73333333333   50.84053   301.63984              -188.819    114.803    4096
       1169  9.74166666667   51.02202   301.85454              -188.858    111.834    4096
       1170  9.75000000000   51.20364   302.06987              -188.950    112.614    4096
       1171  9.75833333333   51.38539   302.28586              -188.949    110.158    4096
       1172  9.76666666667   51.56726   302.50249              -189.059    101.316    4096
       1173  9.77500000000   51.74927   302.71980              -189.078    116.849    4096
       1174  9.78333333333   51.93140   302.93778              -189.177    111.539    4096
       1175  9.79166666667   52.11366   303.15645              -189.213    115.365    4096
       1176  9.80000000000   52.29604   303.37583              -189.339    116.450    4096
       1177  9.80833333333   52.47855   303.59591              -189.399    109.121    4096
       1178  9.81666666667   52.66119   303.81672              -189.424    117.373    4096
       1179  9.82500000000   52.84394   304.03826              -189.526    110.463    4096
       1180  9.83333333333   53.02683   304.26056              -189.564    110.463    4096
       1181  9.84166666667   53.20983   304.48361              -189.634    110.311    4096
       1182  9.85000000000   53.39296   304.70744              -189.712    108.122    4096
       1183  9.85833333333   53.57621   304.93206              -189.743    107.703    4096
       1184  9.86666666667   53.75958   305.15748              -189.758    107.341    4096
       1185  9.87500000000   53.94307   305.38371              -189.812    110.711    4096
       1186  9.88333333333   54.12668   305.61077              -189.838    113.994    4096
       1187  9.89166666667   54.31041   305.83868              -189.834    108.969    4096
       1188  9.90000000000   54.49425   306.06744              -189.847    113.842    4096
       1189  9.90833333333   54.67821   306.29708              -189.910    114.508    4096
       1190  9.91666666667   54.86229   306.52761              -189.955    114.251    4096
       1191  9.92500000000   55.04648   306.75904              -189.992    109.902    4096
       1192  9.93333333333   55.23078   306.99139              -190.008    114.955    4096
       1193  9.94166666667   55.41520   307.22468              -190.035    110.606    4096
       1194  9.95000000000   55.59973   307.45893              -190.072    113.471    4096
       1195  9.95833333333   55.78436   307.69415              -190.113    113.471    4096
       1196  9.96666666667   55.96911   307.93036              -190.125    114.660    4096
       1197  9.97500000000   56.15396   308.16758              -190.159    115.736    4096
       1198  9.98333333333   56.33892   308.40583              -190.210    112.909    4096
       1199  9.99166666667   56.52398   308.64513              -190.249    110.454    4096
       1200 10.00000000000   56.70917   308.88549              -190.294    112.091    4096
       1201 10.00833333333   56.89441   309.12694              -190.358    104.733    4096
       1202 10.01666666667   57.07978   309.36949              -190.372    111.015    4096
       1203 10.02500000000   57.26524   309.61318              -190.404    110.606    4096
       1204 10.03333333333   57.45080   309.85801              -190.451    106.627    4096
       1205 10.04166666667   57.63646   310.10402              -190.461    108.264    4096
       1206 10.05000000000   57.82221   310.35122              -190.516    107.855    4096
       1207 10.05833333333   58.00805   310.59964              -190.530    110.977    4096
       1208 10.06666666667   58.19398   310.84930              -190.588    117.525    4096
       1209 10.07500000000   58.38000   311.10023              -190.617    111.244    4096
       1210 10.08333333333   58.56610   311.35245              -190.636    110.568    4096
       1211 10.09166666667   58.75228   311.60599              -190.684    115.365    4096
       1212 10.10000000000   58.93855   311.86087              -190.758    107.294    4096
       1213 10.10833333333   59.12490   312.11712              -190.756    113.985    4096
       1214 10.11666666667   59.31132   312.37477              -190.808    113.585    4096
       1215 10.12500000000   59.49782   312.63385              -190.884    108.007    4096
       1216 10.13333333333   59.68439   312.89438              -190.907    115.926    4096
       1217 10.14166666667   59.87103   313.15640              -190.945    114.803    4096
       1218 10.15000000000   60.05774   313.41994              -191.015    111.529    4096
       1219 10.15833333333   60.24451   313.68502              -191.053    111.948    4096
       1220 10.16666666667   60.43134   313.95169              -191.107    109.492    4096
       1221 10.17500000000   60.61823   314.21996              -191.167    108.112    4096
       1222 10.18333333333   60.80517   314.48989              -191.174    108.112    4096
       1223 10.19166666667   60.99217   314.76149              -191.202    110.197    4096
       1224 10.20000000000   61.17922   315.03482              -191.263    121.199    4096
       1225 10.20833333333   61.36631   315.30990              -191.291    116.745    4096
       1226 10.21666666667   61.55345   315.58677              -191.307    113.471    4096
       1227 10.22500000000   61.74062   315.86547              -191.323    114.955    4096
       1228 10.23333333333   61.92783   316.14605              -191.362    118.487    4096
       1229 10.24166666667   62.11507   316.42853              -191.391    113.585    4096
       1230 10.25000000000   62.30234   316.71297              -191.410    106.370    4096
       1231 10.25833333333   62.48964   316.99941              -191.432    110.197    4096
       1232 10.26666666667   62.67695   317.28789              -191.474    109.492    4096
       1233 10.27500000000   62.86429   317.57845              -191.499    109.083    4096
       1234 10.28333333333   63.05163   317.87115              -191.531    110.311    4096
       1235 10.29166666667   63.23898   318.16603              -191.541    113.176    4096
       1236 10.30000000000   63.42633   318.46314              -191.589    116.183    4096
       1237 10.30833333333   63.61368   318.76254              -191.645    116.288    4096
       1238 10.31666666667   63.80103   319.06426              -191.691    106.770    4096
       1239 10.32500000000   63.98836   319.36838              -191.722    107.189    4096
       1240 10.33333333333   64.17567   319.67494              -191.722    108.826    4096
       1241 10.34166666667   64.36297   319.98400              -191.798    101.869    4096
       1242 10.35000000000   64.55023   320.29561              -191.812    105.695    4096
       1243 10.35833333333   64.73746   320.60985              -191.868    106.104    4096
       1244 10.36666666667   64.92465   320.92676              -191.888    108.560    4096
       1245 10.37500000000   65.11179   321.24642              -191.907    114.651    4096
       1246 10.38333333333   65.29888   321.56889              -191.913    113.728    4096
       1247 10.39166666667   65.48592   321.89423              -191.935    111.424    4096
       1248 10.40000000000   65.67288   322.22252              -191.944    113.880    4096
       1249 10.40833333333   65.85978   322.55383              -191.957    111.948    4096
       1250 10.41666666667   66.04659   322.88823              -191.979    112.091    4096
       1251 10.42500000000   66.23332   323.22580              -191.993    105.704    4096
       1252 10.43333333333   66.41995   323.56661              -191.996    112.100    4096
       1253 10.44166666667   66.60648   323.91075              -192.039    115.888    4096
       1254 10.45000000000   66.79290   324.25829              -192.034    112.909    4096
       1255 10.45833333333   66.97920   324.60933              -192.037    111.234    4096
       1256 10.46666666667   67.16537   324.96394              -192.048    107.855    4096
       1257 10.47500000000   67.35140   325.32223              -192.061    116.440    4096
       1258 10.48333333333   67.53729   325.68428              -192.074    112.357    4096
       1259 10.49166666667   67.72302   326.05019              -192.085    113.842    4096
       1260 10.50000000000   67.90858   326.42006              -192.099    111.948    4096
       1261 10.50833333333   68.09396   326.79399              -192.129    110.311    4096
       1262 10.51666666667   68.27916   327.17209              -192.150    113.585    4096
       1263 10.52500000000   68.46416   327.55446              -192.177    110.834    4096
       1264 10.53333333333   68.64895   327.94122              -192.214    113.985    4096
       1265 10.54166666667   68.83351   328.33247              -192.237    110.311    4096
       1266 10.55000000000   69.01784   328.72835              -192.268    114.917    4096
       1267 10.55833333333   69.20192   329.12897              -192.272    114.813    4096
       1268 10.56666666667   69.38574   329.53445              -192.272    112.357    4096
       1269 10.57500000000   69.56929   329.94494              -192.302    112.757    4096
       1270 10.58333333333   69.75254   330.36055              -192.300    103.810    4096
       1271 10.59166666667   69.93549   330.78143              -192.299    108.816    4096
       1272 10.60000000000   70.11813   331.20773              -192.284    108.007    4096
       1273 10.60833333333   70.30042   331.63959              -192.291    108.007    4096
       1274 10.61666666667   70.48237   332.07715              -192.293    111.424    4096
       1275 10.62500000000   70.66394   332.52058              -192.314    114.394    4096
       1276 10.63333333333   70.84513   332.97005              -192.323    112.471    4096
       1277 10.64166666667   71.02592   333.42570              -192.358    107.037    4096
       1278 10.65000000000   71.20628   333.88772              -192.379    107.037    4096
       1279 10.65833333333   71.38620   334.35628              -192.377    110.197    4096
       1280 10.66666666667   71.56565   334.83157              -192.377    111.120    4096
       1281 10.67500000000   71.74462   335.31376              -192.410    111.120    4096
       1282 10.68333333333   71.92307   335.80306              -192.429    114.508    4096
       1283 10.69166666667   72.10100   336.29967              -192.418    111.282    4096
       1284 10.70000000000   72.27838   336.80378              -192.425    110.463    4096
       1285 10.70833333333   72.45517   337.31561              -192.456    107.075    4096
       1286 10.71666666667   72.63136   337.83538              -192.453    109.112    4096
       1287 10.72500000000   72.80691   338.36330              -192.478    106.780    4096
       1288 10.73333333333   72.98181   338.89962              -192.510    103.211    4096
       1289 10.74166666667   73.15602   339.44457              -192.488    105.257    4096
       1290 10.75000000000   73.32951   339.99839              -192.506    108.303    4096
       1291 10.75833333333   73.50225   340.56133              -192.505    110.044    4096
       1292 10.76666666667   73.67421   341.13365              -192.524    113.728    4096
       1293 10.77500000000   73.84535   341.71561              -192.554    113.728    4096
       1294 10.78333333333   74.01564   342.30749              -192.551    111.282    4096
       1295 10.79166666667   74.18505   342.90956              -192.535    111.643    4096
       1296 10.80000000000   74.35353   343.52211              -192.550    111.643    4096
       1297 10.80833333333   74.52105   344.14543              -192.571    110.834    4096
       1298 10.81666666667   74.68756   344.77982              -192.590    108.931    4096
       1299 10.82500000000   74.85303   345.42559              -192.577    114.251    4096
       1300 10.83333333333   75.01741   346.08305              -192.574    113.994    4096
       1301 10.84166666667   75.18065   346.75251              -192.562    109.083    4096
       1302 10.85000000000   75.34270   347.43431              -192.584    104.058    4096
       1303 10.85833333333   75.50353   348.12878              -192.604    104.733    4096
       1304 10.86666666667   75.66306   348.83624              -192.603    110.311    4096
       1305 10.87500000000   75.82127   349.55705              -192.576    108.931    4096
       1306 10.88333333333   75.97808   350.29155              -192.590    111.643    4096
       1307 10.89166666667   76.13344   351.04009              -192.572    106.113    4096
       1308 10.90000000000   76.28729   351.80303              -192.586    112.091    4096
       1309 10.90833333333   76.43957   352.58072              -192.603    111.015    4096
       1310 10.91666666667   76.59022   353.37351              -192.633    108.303    4096
       1311 10.92500000000   76.73917   354.18177              -192.631    106.370    4096
       1312 10.93333333333   76.88635   355.00585              -192.704    107.598    4096
       1313 10.94166666667   77.03169   355.84612              -192.696    105.247    4096
       1314 10.95000000000   77.17512   356.70291              -192.700    109.492    4096
       1315 10.95833333333   77.31656   357.57659              -192.717    107.037    4096
       1316 10.96666666667   77.45593   358.46749              -192.733    104.067    4096
       1317 10.97500000000   77.59316   359.37593              -192.713    104.476    4096
       1318 10.98333333333   77.72816     0.30225              -192.718    107.703    4096
       1319 10.99166666667   77.86085     1.24675              -192.731    107.037    4096
       1320 11.00000000000   77.99113     2.20971              -192.729    108.521    4096
       1321 11.00833333333   78.11892     3.19143              -192.722    106.370    4096
       1322 11.01666666667   78.24412     4.19213              -192.724    107.998    4096
       1323 11.02500000000   78.36664     5.21207              -192.714    109.892    4096
       1324 11.03333333333   78.48639     6.25142              -192.685    112.500    4096
       1325 11.04166666667   78.60326     7.31037              -192.670    112.500    4096
       1326 11.05000000000   78.71715     8.38904              -192.630    110.054    4096
       1327 11.05833333333   78.82796     9.48754              -192.649    107.341    4096
       1328 11.06666666667   78.93558    10.60590              -192.653    106.770    4096
       1329 11.07500000000   79.03992    11.74416              -192.673    102.021    4096
       1330 11.08333333333   79.14085    12.90225              -192.698    104.172    4096
       1331 11.09166666667   79.23828    14.08008              -192.685    109.645    4096
       1332 11.10000000000   79.33210    15.27750              -192.685    110.977    4096
       1333 11.10833333333   79.42220    16.49429              -192.710    111.681    4096
       1334 11.11666666667   79.50846    17.73017              -192.710    111.948    4096
       1335 11.12500000000   79.59079    18.98480              -192.668    112.871    4096
       1336 11.13333333333   79.66907    20.25774              -192.677    110.720    4096
       1337 11.14166666667   79.74321    21.54852              -192.659    113.318    4096
       1338 11.15000000000   79.81309    22.85655              -192.648    111.424    4096
       1339 11.15833333333   79.87862    24.18120              -192.642    103.391    4096
       1340 11.16666666667   79.93970    25.52173              -192.635    108.112    4096
       1341 11.17500000000   79.99624    26.87736              -192.616    113.061    4096
       1342 11.18333333333   80.04814    28.24720              -192.583    112.100    4096
       1343 11.19166666667   80.09533    29.63029              -192.559    107.037    4096
       1344 11.20000000000   80.13771    31.02562              -192.562    104.733    4096
       1345 11.20833333333   80.17522    32.43208              -192.578    106.932    4096
       1346 11.21666666667   80.20779    33.84851              -192.538    109.188    4096
       1347 11.22500000000   80.23536    35.27371              -192.536    113.842    4096
       1348 11.23333333333   80.25787    36.70638              -192.534    110.463    4096
       1349 11.24166666667   80.27527    38.14521              -192.540    107.741    4096
       1350 11.25000000000   80.28752    39.58884              -192.485    109.235    4096
       1351 11.25833333333   80.29460    41.03587              -192.512    113.832    4096
       1352 11.26666666667   80.29648    42.48489              -192.460    107.741    4096
       1353 11.27500000000   80.29315    43.93447              -192.455    108.264    4096
       1354 11.28333333333   80.28459    45.38318              -192.429    111.396    4096
       1355 11.29166666667   80.27081    46.82958              -192.444    112.243    4096
       1356 11.30000000000   80.25182    48.27225              -192.421    107.855    4096
       1357 11.30833333333   80.22764    49.70980              -192.424    115.517    4096
       1358 11.31666666667   80.19830    51.14088              -192.414    114.403    4096
       1359 11.32500000000   80.16382    52.56414              -192.394    111.948    4096
       1360 11.33333333333   80.12426    53.97833              -192.389    111.167    4096
       1361 11.34166666667   80.07967    55.38221              -192.398    113.061    4096
       1362 11.35000000000   80.03009    56.77462              -192.386    110.158    4096
       1363 11.35833333333   79.97560    58.15446              -192.362    110.158    4096
       1364 11.36666666667   79.91626    59.52070              -192.367    107.484    4096
       1365 11.37500000000   79.85214    60.87238              -192.366    110.720    4096
       1366 11.38333333333   79.78333    62.20863              -192.336    105.695    4096
       1367 11.39166666667   79.70991    63.52863              -192.342    108.560    4096
       1368 11.40000000000   79.63197    64.83166              -192.332    109.902    4096
       1369 11.40833333333   79.54960    66.11708              -192.308    108.264    4096
       1370 11.41666666667   79.46289    67.38429              -192.295    109.749    4096
       1371 11.42500000000   79.37194    68.63282              -192.255    110.463    4096
       1372 11.43333333333   79.27685    69.86223              -192.256    108.826    4096
       1373 11.44166666667   79.17772    71.07218              -192.229    108.940    4096
       1374 11.45000000000   79.07465    72.26237              -192.208    109.349    4096
       1375 11.45833333333   78.96774    73.43259              -192.208    109.349    4096
       1376 11.46666666667   78.85709    74.58268              -192.185    110.349    4096
       1377 11.47500000000   78.74281    75.71254              -192.166    109.635    4096
       1378 11.48333333333   78.62499    76.82213              -192.102    113.585    4096
       1379 11.49166666667   78.50374    77.91145              -192.089    111.386    4096
       1380 11.50000000000   78.37916    78.98055              -192.035    112.509    4096
       1381 11.50833333333   78.25134    80.02952              -192.012    115.631    4096
       1382 11.51666666667   78.12038    81.05851              -191.983    113.985    4096
       1383 11.52500000000   77.98638    82.06766              -191.968    116.183    4096
       1384 11.53333333333   77.84943    83.05719              -191.912    113.585    4096
       1385 11.54166666667   77.70962    84.02731              -191.940    116.297    4096
       1386 11.55000000000   77.56704    84.97829              -191.875    110.758    4096
       1387 11.55833333333   77.42177    85.91038              -191.876    106.627    4096
       1388 11.56666666667   77.27392    86.82389              -191.870    105.695    4096
       1389 11.57500000000   77.12354    87.71912              -191.838    107.446    4096
       1390 11.58333333333   76.97074    88.59639              -191.803    109.940    4096
       1391 11.59166666667   76.81558    89.45602              -191.784    110.825    4096
       1392 11.60000000000   76.65814    90.29837              -191.737    110.720    4096
       1393 11.60833333333   76.49850    91.12378              -191.701    112.652    4096
       1394 11.61666666667   76.33673    91.93259              -191.659    107.855    4096
       1395 11.62500000000   76.17289    92.72517              -191.617    113.318    4096
       1396 11.63333333333   76.00706    93.50187              -191.568    112.652    4096
       1397 11.64166666667   75.83930    94.26306              -191.507    109.787    4096
       1398 11.65000000000   75.66966    95.00908              -191.450    112.500    4096
       1399 11.65833333333   75.49822    95.74030              -191.390    108.560    4096
       1400 11.66666666667   75.32503    96.45707              -191.337    105.247    4096
       1401 11.67500000000   75.15015    97.15973              -191.274    108.303    4096
       1402 11.68333333333   74.97363    97.84865              -191.235    108.303    4096
       1403 11.69166666667   74.79553    98.52416              -191.187    105.133    4096
       1404 11.70000000000   74.61589    99.18659              -191.146    111.834    4096
       1405 11.70833333333   74.43476    99.83628              -191.112    114.394    4096
       1406 11.71666666667   74.25220   100.47355              -191.047    110.872    4096
       1407 11.72500000000   74.06824   101.09873              -191.032    111.129    4096
       1408 11.73333333333   73.88294   101.71213              -190.988    114.651    4096
       1409 11.74166666667   73.69633   102.31405              -190.988    115.631    4096
       1410 11.75000000000   73.50845   102.90479              -190.942    116.592    4096
       1411 11.75833333333   73.31935   103.48465              -190.894    113.842    4096
       1412 11.76666666667   73.12906   104.05392              -190.852    113.023    4096
       1413 11.77500000000   72.93761   104.61286              -190.846    113.280    4096
       1414 11.78333333333   72.74505   105.16176              -190.801    116.288    4096
       1415 11.79166666667   72.55141   105.70087              -190.720    116.183    4096
       1416 11.80000000000   72.35672   106.23047              -190.635    115.212    4096
       1417 11.80833333333   72.16101   106.75079              -190.615    114.660    4096
       1418 11.81666666667   71.96432   107.26208              -190.560    114.955    4096
       1419 11.82500000000   71.76666   107.76458              -190.488    110.720    4096
       1420 11.83333333333   71.56808   108.25852              -190.439    113.433    4096
       1421 11.84166666667   71.36859   108.74412              -190.401    113.471    4096
       1422 11.85000000000   71.16823   109.22161              -190.369    113.176    4096
       1423 11.85833333333   70.96702   109.69119              -190.310    111.167    4096
       1424 11.86666666667   70.76498   110.15307              -190.259    110.749    4096
       1425 11.87500000000   70.56214   110.60745              -190.232    107.855    4096
       1426 11.88333333333   70.35853   111.05452              -190.191    111.120    4096
       1427 11.89166666667   70.15415   111.49447              -190.183    110.720    4096
       1428 11.90000000000   69.94904   111.92749              -190.144    107.750    4096
       1429 11.90833333333   69.74321   112.35374              -190.116    107.855    4096
       1430 11.91666666667   69.53669   112.77341              -190.054    107.855    4096
       1431 11.92500000000   69.32950   113.18666              -190.007    115.070    4096
       1432 11.93333333333   69.12165   113.59364              -189.938    112.205    4096
       1433 11.94166666667   68.91316   113.99453              -189.869    112.205    4096
       1434 11.95000000000   68.70405   114.38946              -189.850    110.606    4096
       1435 11.95833333333   68.49433   114.77858              -189.790    110.044    4096
       1436 11.96666666667   68.28403   115.16205              -189.730    108.521    4096
       1437 11.97500000000   68.07316   115.53999              -189.671    115.070    4096
       1438 11.98333333333   67.86173   115.91255              -189.577    115.365    4096
       1439 11.99166666667   67.64976   116.27985              -189.546    116.297    4096
       1440 12.00000000000   67.43724   116.64194              -189.451    114.660    4096
       1441 12.00833333333   67.22425   116.99917              -189.365    114.546    4096
       1442 12.01666666667   67.01074   117.35144              -189.294    113.728    4096
       1443 12.02500000000   66.79674   117.69894              -189.200    113.985    4096
       1444 12.03333333333   66.58227   118.04178              -189.172    114.546    4096
       1445 12.04166666667   66.36734   118.38006              -189.127    119.867    4096
       1446 12.05000000000   66.15197   118.71389              -189.069    113.575    4096
       1447 12.05833333333   65.93615   119.04338              -188.985    113.575    4096
       1448 12.06666666667   65.71991   119.36863              -188.944    110.301    4096
       1449 12.07500000000   65.50325   119.68972              -188.868    117.002    4096
       1450 12.08333333333   65.28619   120.00676              -188.830    111.986    4096
       1451 12.09166666667   65.06874   120.31983              -188.761    111.129    4096
       1452 12.10000000000   64.85091   120.62903              -188.699    117.373    4096
       1453 12.10833333333   64.63270   120.93443              -188.618    114.280    4096
       1454 12.11666666667   64.41412   121.23613              -188.556    112.614    4096
       1455 12.12500000000   64.19519   121.53420              -188.468    113.433    4096
       1456 12.13333333333   63.97592   121.82872              -188.382    113.433    4096
       1457 12.14166666667   63.75631   122.11977              -188.301    109.378    4096
       1458 12.15000000000   63.53638   122.40742              -188.245    111.120    4096
       1459 12.15833333333   63.31612   122.69174              -188.139    112.357    4096
       1460 12.16666666667   63.09555   122.97281              -188.057    115.212    4096
       1461 12.17500000000   62.87468   123.25068              -187.977    112.909    4096
       1462 12.18333333333   62.65351   123.52543              -187.865    109.492    4096
       1463 12.19166666667   62.43206   123.79712              -187.799    109.492    4096
       1464 12.20000000000   62.21033   124.06582              -187.738    111.120    4096
       1465 12.20833333333   61.98832   124.33157              -187.603    109.083    4096
       1466 12.21666666667   61.76605   124.59445              -187.527    109.197    4096
       1467 12.22500000000   61.54351   124.85451              -187.417    110.606    4096
       1468 12.23333333333   61.32073   125.11180              -187.332    116.183    4096
       1469 12.24166666667   61.09770   125.36638              -187.222    116.183    4096
       1470 12.25000000000   60.87443   125.61831              -187.132    113.690    4096
       1471 12.25833333333   60.65093   125.86762              -187.012    123.398    4096
       1472 12.26666666667   60.42720   126.11438              -186.936    113.433    4096
       1473 12.27500000000   60.20325   126.35863              -186.876    116.592    4096
       1474 12.28333333333   59.97909   126.60042              -186.770    122.693    4096
       1475 12.29166666667   59.75471   126.83979              -186.659    117.145    4096
       1476 12.30000000000   59.53014   127.07679              -186.609    118.896    4096
       1477 12.30833333333   59.30536   127.31147              -186.520    118.077    4096
       1478 12.31666666667   59.08040   127.54385              -186.444    115.774    4096
       1479 12.32500000000   58.85524   127.77400              -186.376    120.638    4096
       1480 12.33333333333   58.62991   128.00194              -186.292    118.344    4096
       1481 12.34166666667   58.40440   128.22772              -186.179    116.440    4096
       1482 12.35000000000   58.17871   128.45137              -186.094    113.318    4096
       1483 12.35833333333   57.95286   128.67293              -186.002    115.060    4096
       1484 12.36666666667   57.72685   128.89244              -185.893    119.829    4096
       1485 12.37500000000   57.50068   129.10993              -185.817    124.740    4096
       1486 12.38333333333   57.27436   129.32543              -185.654    121.199    4096
       1487 12.39166666667   57.04789   129.53899              -185.571    120.238    4096
       1488 12.40000000000   56.82127   129.75063              -185.432    119.305    4096
       1489 12.40833333333   56.59452   129.96038              -185.323    114.394    4096
       1490 12.41666666667   56.36763   130.16828              -185.218    120.381    4096
       1491 12.42500000000   56.14061   130.37436              -185.125    119.714    4096
       1492 12.43333333333   55.91347   130.57864              -184.991    117.268    4096
       1493 12.44166666667   55.68620   130.78116              -184.872    115.479    4096
       1494 12.45000000000   55.45881   130.98194              -184.770    115.479    4096
       1495 12.45833333333   55.23131   131.18101              -184.657    116.707    4096
       1496 12.46666666667   55.00370   131.37839              -184.563    117.934    4096
       1497 12.47500000000   54.77598   131.57412              -184.413    113.880    4096
       1498 12.48333333333   54.54816   131.76822              -184.362    117.002    4096
       1499 12.49166666667   54.32024   131.96071              -184.240    114.651    4096
       1500 12.50000000000   54.09222   132.15162              -184.122    113.842    4096
       1501 12.50833333333   53.86412   132.34097              -184.021    106.523    4096
       1502 12.51666666667   53.63592   132.52878              -183.896    108.969    4096
       1503 12.52500000000   53.40764   132.71508              -183.836    109.597    4096
       1504 12.53333333333   53.17928   132.89989              -183.724    112.919    4096
       1505 12.54166666667   52.95083   133.08323              -183.629    113.728    4096
       1506 12.55000000000   52.72232   133.26512              -183.490    110.568    4096
       1507 12.55833333333   52.49373   133.44558              -183.393    115.631    4096
       1508 12.56666666667   52.26507   133.62464              -183.271    111.834    4096
       1509 12.57500000000   52.03635   133.80231              -183.157    112.614    4096
       1510 12.58333333333   51.80757   133.97861              -183.028    109.492    4096
       1511 12.59166666667   51.57873   134.15355              -182.954    110.758    4096
       1512 12.60000000000   51.34983   134.32717              -182.792    106.627    4096
       1513 12.60833333333   51.12088   134.49947              -182.651    109.378    4096
       1514 12.61666666667   50.89188   134.67048              -182.526    117.268    4096
       1515 12.62500000000   50.66283   134.84021              -182.418    104.733    4096
       1516 12.63333333333   50.43373   135.00867              -182.294    111.681    4096
       1517 12.64166666667   50.20460   135.17589              -182.154    117.116    4096
       1518 12.65000000000   49.97543   135.34188              -182.041    115.365    4096
       1519 12.65833333333   49.74622   135.50665              -181.884    115.507    4096
       1520 12.66666666667   49.51698   135.67023              -181.751    116.849    4096
       1521 12.67500000000   49.28770   135.83262              -181.618    119.048    4096
       1522 12.68333333333   49.05841   135.99384              -181.468    123.245    4096
       1523 12.69166666667   48.82908   136.15390              -181.340    112.091    4096
       1524 12.70000000000   48.59973   136.31282              -181.199    120.533    4096
       1525 12.70833333333   48.37037   136.47062              -181.109    122.579    4096
       1526 12.71666666667   48.14098   136.62730              -180.966    127.081    4096
       1527 12.72500000000   47.91158   136.78288              -180.831    128.556    4096
       1528 12.73333333333   47.68217   136.93737              -180.733    125.587    4096
       1529 12.74166666667   47.45275   137.09079              -180.613    127.043    4096
       1530 12.75000000000   47.22332   137.24314              -180.462    124.730    4096
       1531 12.75833333333   46.99389   137.39444              -180.332    121.056    4096
       1532 12.76666666667   46.76445   137.54470              -180.232    126.815    4096
       1533 12.77500000000   46.53502   137.69394              -180.105    127.605    4096
       1534 12.78333333333   46.30558   137.84215              -179.955    129.270    4096
       1535 12.79166666667   46.07615   137.98936              -179.863    120.124    4096
       1536 12.80000000000   45.84673   138.13558              -179.704    121.903    4096
       1537 12.80833333333   45.61731   138.28081              -179.539    124.740    4096
       1538 12.81666666667   45.38791   138.42507              -179.463    123.245    4096
       1539 12.82500000000   45.15852   138.56836              -179.338    132.087    4096
       1540 12.83333333333   44.92914   138.71070              -179.175    116.040    4096
       1541 12.84166666667   44.69979   138.85210              -179.093    116.707    4096
       1542 12.85000000000   44.47045   138.99256              -178.917    122.950    4096
       1543 12.85833333333   44.24113   139.13210              -178.778    116.735    4096
       1544 12.86666666667   44.01184   139.27072              -178.689    120.419    4096
       1545 12.87500000000   43.78257   139.40844              -178.508    115.888    4096
       1546 12.88333333333   43.55333   139.54526              -178.373    113.328    4096
       1547 12.89166666667   43.32412   139.68118              -178.261    118.077    4096
       1548 12.90000000000   43.09495   139.81623              -178.051    124.625    4096
       1549 12.90833333333   42.86580   139.95041              -177.900    122.988    4096
       1550 12.91666666667   42.63670   140.08372              -177.716    113.623    4096
       1551 12.92500000000   42.40763   140.21617              -177.564    114.955    4096
       1552 12.93333333333   42.17860   140.34778              -177.465    112.500    4096
       1553 12.94166666667   41.94961   140.47854              -177.265    110.606    4096
       1554 12.95000000000   41.72066   140.60847              -177.132    109.235    4096
       1555 12.95833333333   41.49176   140.73758              -177.006    119.457    4096
       1556 12.96666666667   41.26291   140.86586              -176.800    114.803    4096
       1557 12.97500000000   41.03410   140.99334              -176.641    112.500    4096
       1558 12.98333333333   40.80535   141.12001              -176.506    116.440    4096
       1559 12.99166666667   40.57665   141.24588              -176.314    118.487    4096
       1560 13.00000000000   40.34800   141.37096              -176.212    119.829    4096
       1561 13.00833333333   40.11941   141.49526              -176.038    120.828    4096
       1562 13.01666666667   39.89088   141.61877              -175.914    122.836    4096
       1563 13.02500000000   39.66241   141.74152              -175.727    119.315    4096
       1564 13.03333333333   39.43400   141.86350              -175.575    116.183    4096
       1565 13.04166666667   39.20565   141.98472              -175.432    117.934    4096
       1566 13.05000000000   38.97736   142.10518              -175.298    117.525    4096
       1567 13.05833333333   38.74914   142.22490              -175.132    134.410    4096
       1568 13.06666666667   38.52099   142.34388              -174.924    130.612    4096
       1569 13.07500000000   38.29291   142.46212              -174.727    122.132    4096
       1570 13.08333333333   38.06490   142.57962              -174.545    136.856    4096
       1571 13.09166666667   37.83697   142.69640              -174.359    131.726    4096
       1572 13.10000000000   37.60910   142.81247              -174.206    123.550    4096
       1573 13.10833333333   37.38132   142.92781              -174.066    129.784    4096
       1574 13.11666666667   37.15361   143.04245              -173.887    127.890    4096
       1575 13.12500000000   36.92598   143.15638              -173.708    128.975    4096
       1576 13.13333333333   36.69843   143.26961              -173.452    121.761    4096
       1577 13.14166666667   36.47096   143.38214              -173.276    124.730    4096
       1578 13.15000000000   36.24357   143.49398              -173.115    116.849    4096
       1579 13.15833333333   36.01627   143.60514              -172.976    117.934    4096
       1580 13.16666666667   35.78906   143.71562              -172.758    116.592    4096
       1581 13.17500000000   35.56193   143.82541              -172.497    117.925    4096
       1582 13.18333333333   35.33490   143.93454              -172.318    125.177    4096
       1583 13.19166666667   35.10795   144.04299              -172.091    117.678    4096
       1584 13.20000000000   34.88110   144.15079              -171.947    112.795    4096
       1585 13.20833333333   34.65434   144.25792              -171.808    122.170    4096
       1586 13.21666666667   34.42768   144.36439              -171.548    130.089    4096
       1587 13.22500000000   34.20111   144.47022              -171.258    132.773    4096
       1588 13.23333333333   33.97464   144.57539              -171.123    116.964    4096
       1589 13.24166666667   33.74827   144.67992              -170.864    121.761    4096
       1590 13.25000000000   33.52200   144.78381              -170.650    124.359    4096
       1591 13.25833333333   33.29583   144.88706              -170.411    110.872    4096
       1592 13.26666666667   33.06977   144.98968              -170.165    119.457    4096
       1593 13.27500000000   32.84381   145.09167              -169.957    114.394    4096
       1594 13.28333333333   32.61795   145.19303              -169.680    115.517    4096
       1595 13.29166666667   32.39221   145.29377              -169.538    115.879    4096
       1596 13.30000000000   32.16657   145.39389              -169.322    122.731    4096
       1597 13.30833333333   31.94104   145.49339              -169.109    124.768    4096
       1598 13.31666666667   31.71562   145.59228              -168.837    130.203    4096
       1599 13.32500000000   31.49031   145.69056              -168.589    130.755    4096
       1600 13.33333333333   31.26512   145.78823              -168.398    111.539    4096
       1601 13.34166666667   31.04004   145.88530              -168.134    122.170    4096
       1602 13.35000000000   30.81508   145.98177              -167.998    122.170    4096
       1603 13.35833333333   30.59024   146.07764              -167.804    122.846    4096
       1604 13.36666666667   30.36551   146.17291              -167.503    130.051    4096
       1605 13.37500000000   30.14090   146.26760              -167.252    134.143    4096
       1606 13.38333333333   29.91642   146.36169              -166.989    132.097    4096
       1607 13.39166666667   29.69205   146.45519              -166.809    110.568    4096
       1608 13.40000000000   29.46781   146.54811              -166.545    126.110    4096
       1609 13.40833333333   29.24370   146.64045              -166.331    130.460    4096
       1610 13.41666666667   29.01970   146.73221              -166.165    130.755    4096
       1611 13.42500000000   28.79584   146.82339              -165.943    133.058    4096
       1612 13.43333333333   28.57210   146.91400              -165.717    136.075    4096
       1613 13.44166666667   28.34849   147.00404              -165.462    132.915    4096
       1614 13.45000000000   28.12502   147.09351              -165.264    138.636    4096
       1615 13.45833333333   27.90167   147.18241              -165.014    132.658    4096
       1616 13.46666666667   27.67845   147.27074              -164.803    135.361    4096
       1617 13.47500000000   27.45537   147.35852              -164.607    134.848    4096
       1618 13.48333333333   27.23242   147.44573              -164.309    128.709    4096
       1619 13.49166666667   27.00961   147.53238              -164.082    141.234    4096
       1620 13.50000000000   26.78694   147.61848              -163.864    141.757    4096
       1621 13.50833333333   26.56440   147.70402              -163.587    131.830    4096
       1622 13.51666666667   26.34200   147.78901              -163.331    140.834    4096
       1623 13.52500000000   26.11974   147.87345              -163.331    143.138    4096
       1624 13.53333333333   25.89762   147.95735              -162.807    142.471    4096
       1625 13.54166666667   25.67564   148.04069              -162.540    130.498    4096
       1626 13.55000000000   25.45381   148.12349              -162.365    134.848    4096
       1627 13.55833333333   25.23211   148.20575              -162.112    141.205    4096
       1628 13.56666666667   25.01057   148.28747              -161.870    134.705    4096
       1629 13.57500000000   24.78917   148.36864              -161.687    141.205    4096
       1630 13.58333333333   24.56791   148.44928              -161.378    141.091    4096
       1631 13.59166666667   24.34681   148.52938              -161.142    141.091    4096
       1632 13.60000000000   24.12585   148.60895              -160.885    142.214    4096
       1633 13.60833333333   23.90504   148.68799              -160.635    135.105    4096
       1634 13.61666666667   23.68438   148.76649              -160.395    133.734    4096
       1635 13.62500000000   23.46387   148.84447              -160.121    130.603    4096
       1636 13.63333333333   23.24352   148.92191              -159.815    141.205    4096
       1637 13.64166666667   23.02332   148.99883              -159.536    136.342    4096
       1638 13.65000000000   22.80327   149.07523              -159.395    139.978    4096
       1639 13.65833333333   22.58338   149.15109              -159.011    141.396    4096
       1640 13.66666666667   22.36365   149.22644              -158.784    141.396    4096
       1641 13.67500000000   22.14407   149.30126              -158.558    138.493    4096
       1642 13.68333333333   21.92465   149.37557              -158.296    133.734    4096
       1643 13.69166666667   21.70539   149.44935              -157.953    121.237    4096
       1644 13.70000000000   21.48629   149.52262              -157.710    130.717    4096
       1645 13.70833333333   21.26735   149.59537              -157.461    130.717    4096
       1646 13.71666666667   21.04857   149.66761              -157.102    131.945    4096
       1647 13.72500000000   20.82995   149.73933              -156.859    127.738    4096
       1648 13.73333333333   20.61150   149.81053              -156.589    138.683    4096
       1649 13.74166666667   20.39321   149.88123              -156.289    137.446    4096
       1650 13.75000000000   20.17509   149.95141              -156.012    158.937    4096
       1651 13.75833333333   19.95713   150.02109              -155.609    151.580    4096
       1652 13.76666666667   19.73934   150.09025              -155.287    150.761    4096
       1653 13.77500000000   19.52172   150.15891              -154.944    149.686    4096
       1654 13.78333333333   19.30426   150.22706              -154.651    146.002    4096
       1655 13.79166666667   19.08698   150.29470              -154.366    148.601    4096
       1656 13.80000000000   18.86986   150.36183              -154.033    138.788    4096
       1657 13.80833333333   18.65292   150.42847              -153.689    142.728    4096
       1658 13.81666666667   18.43614   150.49459              -153.437    133.315    4096
       1659 13.82500000000   18.21954   150.56022              -153.148    138.636    4096
       1660 13.83333333333   18.00312   150.62534              -152.816    139.197    4096
       1661 13.84166666667   17.78686   150.68996              -152.572    125.587    4096
       1662 13.85000000000   17.57079   150.75408              -152.323    136.589    4096
       1663 13.85833333333   17.35489   150.81770              -151.962    145.888    4096
       1664 13.86666666667   17.13916   150.88082              -151.774    147.116    4096
       1665 13.87500000000   16.92361   150.94344              -151.394    145.441    4096
       1666 13.88333333333   16.70825   151.00556              -151.141    156.748    4096
       1667 13.89166666667   16.49306   151.06719              -150.854    160.717    4096
       1668 13.90000000000   16.27804   151.12832              -150.512    152.950    4096
       1669 13.90833333333   16.06322   151.18895              -150.205    154.035    4096
       1670 13.91666666667   15.84857   151.24908              -149.963    168.607    4096
       1671 13.92500000000   15.63410   151.30872              -149.586    160.841    4096
       1672 13.93333333333   15.41982   151.36787              -149.330    152.655    4096
       1673 13.94166666667   15.20572   151.42652              -149.054    153.883    4096
       1674 13.95000000000   14.99180   151.48467              -148.820    152.027    4096
       1675 13.95833333333   14.77807   151.54234              -148.448    168.464    4096
       1676 13.96666666667   14.56453   151.59950              -148.128    175.669    4096
       1677 13.97500000000   14.35117   151.65618              -147.856    164.771    4096
       1678 13.98333333333   14.13800   151.71236              -147.697    159.051    4096
       1679 13.99166666667   13.92502   151.76805              -147.487    184.406    4096
       1680 14.00000000000   13.71230   151.82314              -147.129    176.640    4096
       1681 14.00833333333   13.49962   151.87796              -146.683    173.775    4096
       1682 14.01666666667   13.28721   151.93218              -146.488    185.634    4096
       1683 14.02500000000   13.07498   151.98590              -146.077    156.748    4096
       1684 14.03333333333   12.86295   152.03913              -145.750    161.240    4096
       1685 14.04166666667   12.65112   152.09188              -145.456    152.808    4096
       1686 14.05000000000   12.43947   152.14413              -145.228    158.385    4096
       1687 14.05833333333   12.22802   152.19589              -144.770    158.794    4096
       1688 14.06666666667   12.01676   152.24716              -144.380    165.628    4096
       1689 14.07500000000   11.80570   152.29794              -144.142    131.840    4096
