# Created on 2022-09-13 07:27:29 
# Sources: obs\TPKL1681.22O, nav\TPKL1681.22G
# Satellite: R13 (k = -2.0)
# Interval: 30.0
# Sampling interval: 0.0 (not used).
# Site: TPKL
# Position (L, B, H): 78.5290569025, 42.4638637031, 1886.01891334
# Position (X, Y, Z): 937429.6846, 4619604.6444, 4285027.6573
# datetime format: %Y-%m-%dT%H:%M:%S
# Columns: tsn, hour, el, az, tec.l1l2, tec.p1p2, validity
# (I11,1X,F14.11,1X,F10.5,1X,F11.5,1X,F21.3,1X,F10.3,1X,I7)
       1075  8.95833333333    5.04550   346.71608               -57.168      0.000      32
       1076  8.96666666667    5.14162   346.51338               -57.239      0.000      32
       1077  8.97500000000    5.23671   346.30996               -57.262      0.000      32
       1078  8.98333333333    5.33077   346.10583               -57.305      0.000      32
       1079  8.99166666667    5.42379   345.90097               -57.447      0.000      32
       1080  9.00000000000    5.51577   345.69540               -57.698      0.000      32
       1081  9.00833333333    5.59790   345.50815               -57.624      0.000      32
       1082  9.01666666667    5.68737   345.30120               -57.579      0.000      32
       1083  9.02500000000    5.77573   345.09366               -57.685      0.000      32
       1084  9.03333333333    5.86297   344.88556               -57.786      0.000      32
       1085  9.04166666667    5.94910   344.67688               -57.765      0.000      32
       1086  9.05000000000    6.03410   344.46763               -57.828      0.000      32
       1087  9.05833333333    6.11796   344.25782               -57.937      0.000      32
       1088  9.06666666667    6.20070   344.04745               -57.979      0.000      32
       1089  9.07500000000    6.28230   343.83652               -57.979      0.000      32
       1090  9.08333333333    6.36275   343.62504               -58.022      0.000      32
       1091  9.09166666667    6.44206   343.41300               -58.148      0.000      32
       1092  9.10000000000    6.52022   343.20042               -58.201      0.000      32
       1093  9.10833333333    6.59723   342.98729               -58.222      0.000      32
       1094  9.11666666667    6.67307   342.77362               -58.415      0.000      32
       1095  9.12500000000    6.74776   342.55941               -58.336      0.000      32
       1096  9.13333333333    6.82127   342.34467               -58.452      0.000      32
       1097  9.14166666667    6.89362   342.12940               -58.612      0.000      32
       1098  9.15000000000    6.96479   341.91361               -58.729      0.000      32
       1099  9.15833333333    7.03479   341.69729               -58.887      0.000      32
       1100  9.16666666667    7.10360   341.48045               -58.832      0.000      32
       1101  9.17500000000    7.17122   341.26310               -59.008      0.000      32
       1102  9.18333333333    7.23766   341.04525               -58.935      0.000      32
       1103  9.19166666667    7.30290   340.82688               -58.849      0.000      32
       1104  9.20000000000    7.36695   340.60802               -58.876      0.000      32
       1105  9.20833333333    7.42980   340.38866               -59.165      0.000      32
       1106  9.21666666667    7.49144   340.16881               -59.213      0.000      32
       1107  9.22500000000    7.55187   339.94847               -59.057      0.000      32
       1108  9.23333333333    7.61110   339.72764               -59.176      0.000      32
       1109  9.24166666667    7.66911   339.50635               -59.198      0.000      32
       1110  9.25000000000    7.72590   339.28457               -59.238      0.000      32
       1111  9.25833333333    7.78147   339.06233               -59.333      0.000      32
       1112  9.26666666667    7.83582   338.83963               -59.132      0.000      32
       1113  9.27500000000    7.88894   338.61647               -59.021      0.000      32
       1114  9.28333333333    7.94083   338.39285                11.157      0.000      32
       1115  9.29166666667    7.99149   338.16879                11.096      0.000      32
       1116  9.30000000000    8.04091   337.94428                11.005      0.000      32
       1117  9.30833333333    8.08909   337.71934                11.219      0.000      32
       1118  9.31666666667    8.13603   337.49397                11.097      0.000      32
       1119  9.32500000000    8.18173   337.26817                10.967      0.000      32
       1120  9.33333333333    8.22617   337.04194                10.845      0.000      32
       1121  9.34166666667    8.26937   336.81531                10.718      0.000      32
       1122  9.35000000000    8.31131   336.58826                10.859      0.000      32
       1123  9.35833333333    8.35200   336.36081                10.672      0.000      32
       1124  9.36666666667    8.39143   336.13296                10.640      0.000      32
       1125  9.37500000000    8.42960   335.90472                10.631      0.000      32
       1126  9.38333333333    8.46651   335.67610                10.550      0.000      32
       1127  9.39166666667    8.50215   335.44709                10.564      0.000      32
       1128  9.40000000000    8.53652   335.21771                10.625      0.000      32
       1129  9.40833333333    8.56963   334.98797                10.645      0.000      32
       1130  9.41666666667    8.60146   334.75786                10.629      0.000      32
       1131  9.42500000000    8.63202   334.52739                10.482      0.000      32
       1132  9.43333333333    8.66131   334.29658                10.419      0.000      32
       1133  9.44166666667    8.68931   334.06543                10.296      0.000      32
       1134  9.45000000000    8.71604   333.83394                10.364      0.000      32
       1135  9.45833333333    8.74149   333.60212                10.270      0.000      32
       1136  9.46666666667    8.76565   333.36998                10.248      0.000      32
       1137  9.47500000000    8.78853   333.13752                10.297      0.000      32
       1138  9.48333333333    8.81012   332.90475                10.276      0.000      32
       1139  9.49166666667    8.83043   332.67168                10.283      0.000      32
       1140  9.50000000000    8.84945   332.43831                10.196      0.000      32
       1141  9.50833333333    8.87018   332.22513                10.377      0.000      32
       1142  9.51666666667    8.88627   331.99141                10.080      0.000      32
       1143  9.52500000000    8.90109   331.75756                10.105      0.000      32
       1144  9.53333333333    8.91465   331.52357                10.235      0.000      32
       1145  9.54166666667    8.92693   331.28946                10.063      0.000      32
       1146  9.55000000000    8.93794   331.05523                10.289      0.000      32
       1147  9.55833333333    8.94767   330.82089                10.305      0.000      32
       1148  9.56666666667    8.95614   330.58644                10.298      0.000      32
       1149  9.57500000000    8.96333   330.35189                10.187      0.000      32
       1150  9.58333333333    8.96925   330.11724                10.220      0.000      32
       1151  9.59166666667    8.97389   329.88251                10.354      0.000      32
       1152  9.60000000000    8.97727   329.64770                10.253      0.000      32
       1153  9.60833333333    8.97936   329.41281                10.251      0.000      32
       1154  9.61666666667    8.98019   329.17785                10.317      0.000      32
       1155  9.62500000000    8.97974   328.94282                10.544      0.000      32
       1156  9.63333333333    8.97802   328.70775                10.558      0.000      32
       1157  9.64166666667    8.97502   328.47262                10.634      0.000      32
       1158  9.65000000000    8.97076   328.23744                10.582      0.000      32
       1159  9.65833333333    8.96522   328.00223                10.674      0.000      32
       1160  9.66666666667    8.95840   327.76699                10.723      0.000      32
       1161  9.67500000000    8.95032   327.53172                10.584      0.000      32
       1162  9.68333333333    8.94096   327.29644                10.641      0.000      32
       1163  9.69166666667    8.93034   327.06114                10.869      0.000      32
       1164  9.70000000000    8.91844   326.82584                10.889      0.000      32
       1165  9.70833333333    8.90528   326.59054                10.966      0.000      32
       1166  9.71666666667    8.89085   326.35525                10.958      0.000      32
       1167  9.72500000000    8.87515   326.11997                11.038      0.000      32
       1168  9.73333333333    8.85818   325.88471                11.001      0.000      32
       1169  9.74166666667    8.83995   325.64948                10.971      0.000      32
       1170  9.75000000000    8.82046   325.41429                11.036      0.000      32
       1171  9.75833333333    8.79971   325.17913                10.977      0.000      32
       1172  9.76666666667    8.77769   324.94402                11.018      0.000      32
       1173  9.77500000000    8.75441   324.70896                10.951      0.000      32
       1174  9.78333333333    8.72988   324.47396                11.207      0.000      32
       1175  9.79166666667    8.70409   324.23903                11.335      0.000      32
       1176  9.80000000000    8.67704   324.00417                11.382      0.000      32
       1177  9.80833333333    8.64874   323.76939                11.582      0.000      32
       1178  9.81666666667    8.61919   323.53470                11.547      0.000      32
       1179  9.82500000000    8.58839   323.30010                11.736      0.000      32
       1180  9.83333333333    8.55634   323.06559                11.716      0.000      32
       1181  9.84166666667    8.52305   322.83119                11.744      0.000      32
       1182  9.85000000000    8.48851   322.59690                11.943      0.000      32
       1183  9.85833333333    8.45273   322.36273                11.692      0.000      32
       1184  9.86666666667    8.41571   322.12869                11.731      0.000      32
       1185  9.87500000000    8.37746   321.89477                11.778      0.000      32
       1186  9.88333333333    8.33797   321.66099                11.824      0.000      32
       1187  9.89166666667    8.29725   321.42735                11.856      0.000      32
       1188  9.90000000000    8.25530   321.19387                12.003      0.000      32
       1189  9.90833333333    8.21212   320.96053               -37.148      0.000      32
       1190  9.91666666667    8.16772   320.72737               205.421      0.000      32
       1191  9.92500000000    8.12209   320.49437               205.330      0.000      32
       1192  9.93333333333    8.07525   320.26154               205.380      0.000      32
       1193  9.94166666667    8.02719   320.02889               205.311      0.000      32
       1194  9.95000000000    7.97792   319.79644               205.614      0.000      32
       1195  9.95833333333    7.92745   319.56417               205.702      0.000      32
       1196  9.96666666667    7.87576   319.33211               205.660      0.000      32
       1197  9.97500000000    7.82287   319.10025               205.906      0.000      32
       1198  9.98333333333    7.76878   318.86860               205.672      0.000      32
       1199  9.99166666667    7.71350   318.63717               205.754      0.000      32
       1200 10.00000000000    7.65702   318.40596               205.755      0.000      32
       1201 10.00833333333    7.61392   318.18585             13002.629      0.000      32
       1202 10.01666666667    7.55484   317.95538             13002.629      0.000      32
       1203 10.02500000000    7.49468   317.72522             13002.629      0.000      32
       1204 10.03333333333    7.43343   317.49537             13002.629      0.000      32
       1205 10.04166666667    7.37111   317.26584             13002.629      0.000      32
       1206 10.05000000000    7.30772   317.03663             13002.629      0.000      32
       1207 10.05833333333    7.24326   316.80775             13002.629      0.000      32
       1208 10.06666666667    7.17773   316.57919             13002.629      0.000      32
       1209 10.07500000000    7.11113   316.35097             13002.629      0.000      32
       1210 10.08333333333    7.04348   316.12309             13002.629      0.000      32
       1211 10.09166666667    6.97477   315.89555             13002.629      0.000      32
       1212 10.10000000000    6.90501   315.66836             13002.629      0.000      32
       1213 10.10833333333    6.83421   315.44151             13002.629      0.000      32
       1214 10.11666666667    6.76235   315.21501             13002.629      0.000      32
       1215 10.12500000000    6.68946   314.98887             13002.629      0.000      32
       1216 10.13333333333    6.61553   314.76308             13002.629      0.000      32
       1217 10.14166666667    6.54057   314.53766             13002.629      0.000      32
       1218 10.15000000000    6.46457   314.31260             13002.629      0.000      32
       1219 10.15833333333    6.38755   314.08791             13002.629      0.000      32
       1220 10.16666666667    6.30952   313.86360             13002.629      0.000      32
       1221 10.17500000000    6.23046   313.63966             13002.629      0.000      32
       1222 10.18333333333    6.15039   313.41609             13002.629      0.000      32
       1223 10.19166666667    6.06931   313.19291             13002.629      0.000      32
       1224 10.20000000000    5.98722   312.97011             13002.629      0.000      32
       1225 10.20833333333    5.90414   312.74770             13002.629      0.000      32
       1226 10.21666666667    5.82006   312.52568             13002.629      0.000      32
       1227 10.22500000000    5.73498   312.30405             13002.629      0.000      32
       1228 10.23333333333    5.64892   312.08282             13002.629      0.000      32
       1229 10.24166666667    5.56188   311.86199             13002.629      0.000      32
       1230 10.25000000000    5.47385   311.64157             13002.629      0.000      32
       1231 10.25833333333    5.38485   311.42154             13002.629      0.000      32
       1232 10.26666666667    5.29488   311.20193             13002.629      0.000      32
       1233 10.27500000000    5.20395   310.98273             13002.629      0.000      32
       1234 10.28333333333    5.11205   310.76394             13002.629      0.000      32
       1235 10.29166666667    5.01920   310.54556             13002.629      0.000      32
       1236 10.30000000000    4.92539   310.32761             13002.629      0.000      32
       1237 10.30833333333    4.83064   310.11007             13002.629      0.000      32
       1238 10.31666666667    4.73494   309.89297             13002.629      0.000      32
       1239 10.32500000000    4.63831   309.67628             13002.629      0.000      32
       1240 10.33333333333    4.54074   309.46003             13002.629      0.000      32
       1241 10.34166666667    4.44224   309.24421             13002.629      0.000      32
       1242 10.35000000000    4.34282   309.02882             13002.629      0.000      32
       1243 10.35833333333    4.24248   308.81387             13002.629      0.000      32
       1244 10.36666666667    4.14123   308.59936             13002.629      0.000      32
       1245 10.37500000000    4.03906   308.38528             13002.629      0.000      32
       1246 10.38333333333    3.93600   308.17166             13002.629      0.000      32
       1247 10.39166666667    3.83203   307.95847             13002.629      0.000      32
       1248 10.40000000000    3.72717   307.74574             13002.629      0.000      32
       1249 10.40833333333    3.62142   307.53345             13002.629      0.000      32
       1250 10.41666666667    3.51479   307.32162             13002.629      0.000      32
       1251 10.42500000000    3.40727   307.11024             13002.629      0.000      32
       1252 10.43333333333    3.29888   306.89931             13002.629      0.000      32
       1253 10.44166666667    3.18963   306.68885             13002.629      0.000      32
       1254 10.45000000000    3.07951   306.47884             13002.629      0.000      32
       1255 10.45833333333    2.96853   306.26929             13002.629      0.000      32
       1980 16.50000000000    6.01873   184.39054               -64.750      0.000      32
       1981 16.50833333333    6.25955   184.38980               -64.750      0.000      32
       1982 16.51666666667    6.50072   184.38944               -64.750      0.000      32
       1983 16.52500000000    6.74225   184.38947               -64.750      0.000      32
       1984 16.53333333333    6.98413   184.38988               -64.750      0.000      32
       1985 16.54166666667    7.22636   184.39068               -64.750      0.000      32
       1986 16.55000000000    7.46896   184.39187               -64.750      0.000      32
       1987 16.55833333333    7.71191   184.39345               -64.750      0.000      32
       1988 16.56666666667    7.95523   184.39543               -64.750      0.000      32
       1989 16.57500000000    8.19890   184.39780               -64.750      0.000      32
       1990 16.58333333333    8.44294   184.40057               -64.750      0.000      32
       1991 16.59166666667    8.68733   184.40373               -64.750      0.000      32
       1992 16.60000000000    8.93209   184.40730               -64.750      0.000      32
       1993 16.60833333333    9.17721   184.41127               -64.750      0.000      32
       1994 16.61666666667    9.42270   184.41565               -64.750      0.000      32
       1995 16.62500000000    9.66856   184.42044               -64.750      0.000      32
       1996 16.63333333333    9.91477   184.42563               -64.750      0.000      32
       1997 16.64166666667   10.16136   184.43124               -64.750      0.000      32
       1998 16.65000000000   10.40831   184.43727               -64.750      0.000      32
       1999 16.65833333333   10.65563   184.44371               -64.750      0.000      32
       2000 16.66666666667   10.90332   184.45057               -64.750      0.000      32
       2001 16.67500000000   11.15138   184.45786               -64.750      0.000      32
       2002 16.68333333333   11.39980   184.46557               -64.750      0.000      32
       2003 16.69166666667   11.64860   184.47371               -64.750      0.000      32
       2004 16.70000000000   11.89777   184.48228               -64.750      0.000      32
       2005 16.70833333333   12.14731   184.49129               -64.750      0.000      32
       2006 16.71666666667   12.39721   184.50073               -64.750      0.000      32
       2007 16.72500000000   12.64749   184.51061               -64.750      0.000      32
       2008 16.73333333333   12.89815   184.52094               -64.750      0.000      32
       2009 16.74166666667   13.14917   184.53171               -64.750      0.000      32
       2010 16.75000000000   13.40057   184.54293               -64.750      0.000      32
       2011 16.75833333333   13.65234   184.55461               -64.750      0.000      32
       2012 16.76666666667   13.90448   184.56674               -64.750      0.000      32
       2013 16.77500000000   14.15699   184.57932               -64.750      0.000      32
       2014 16.78333333333   14.40988   184.59238               -61.947      0.000      32
       2015 16.79166666667   14.66314   184.60589               -62.282      0.000      32
       2016 16.80000000000   14.91677   184.61988               -62.782      0.000      32
       2017 16.80833333333   15.17078   184.63434               -63.116      0.000      32
       2018 16.81666666667   15.42516   184.64928               -63.573      0.000      32
       2019 16.82500000000   15.67991   184.66470               -63.879      0.000      32
       2020 16.83333333333   15.93504   184.68060               -64.469      0.000      32
       2021 16.84166666667   16.19053   184.69699               -64.755      0.000      32
       2022 16.85000000000   16.44640   184.71387               -65.090      0.000      32
       2023 16.85833333333   16.70265   184.73125               -65.389      0.000      32
       2024 16.86666666667   16.95926   184.74914               -65.790      0.000      32
       2025 16.87500000000   17.21624   184.76752               -66.111      0.000      32
       2026 16.88333333333   17.47360   184.78642               -66.466      0.000      32
       2027 16.89166666667   17.73132   184.80583               -66.835      0.000      32
       2028 16.90000000000   17.98942   184.82576               -67.248      0.000      32
       2029 16.90833333333   18.24788   184.84621               -67.578      0.000      32
       2030 16.91666666667   18.50672   184.86719               -67.819      0.000      32
       2031 16.92500000000   18.76592   184.88870               -68.117      0.000      32
       2032 16.93333333333   19.02549   184.91075               -68.407      0.000      32
       2033 16.94166666667   19.28543   184.93335               -68.588      0.000      32
       2034 16.95000000000   19.54573   184.95649               -68.897      0.000      32
       2035 16.95833333333   19.80640   184.98018               -69.365      0.000      32
       2036 16.96666666667   20.06743   185.00443               -69.258      0.000      32
       2037 16.97500000000   20.32883   185.02925               -69.737      0.000      32
       2038 16.98333333333   20.59059   185.05463               -70.018      0.000      32
       2039 16.99166666667   20.85271   185.08059               -70.277      0.000      32
       2040 17.00000000000   21.11519   185.10713               -70.545      0.000      32
       2041 17.00833333333   21.37613   185.08868               -70.985      0.000      32
       2042 17.01666666667   21.63919   185.11599               -71.227      0.000      32
       2043 17.02500000000   21.90260   185.14358               -71.629      0.000      32
       2044 17.03333333333   22.16636   185.17147               -72.033      0.000      32
       2045 17.04166666667   22.43047   185.19965               -72.344      0.000      32
       2046 17.05000000000   22.69492   185.22814               -72.634      0.000      32
       2047 17.05833333333   22.95973   185.25692               -72.895      0.000      32
       2048 17.06666666667   23.22489   185.28601               -73.203      0.000      32
       2049 17.07500000000   23.49039   185.31542               -73.541      0.000      32
       2050 17.08333333333   23.75625   185.34514               -73.886      0.000      32
       2051 17.09166666667   24.02245   185.37517               -74.185      0.000      32
       2052 17.10000000000   24.28900   185.40553               -74.464      0.000      32
       2053 17.10833333333   24.55589   185.43621               -74.653      0.000      32
       2054 17.11666666667   24.82313   185.46723               -74.755      0.000      32
       2055 17.12500000000   25.09072   185.49858               -74.798      0.000      32
       2056 17.13333333333   25.35865   185.53027               -75.003      0.000      32
       2057 17.14166666667   25.62693   185.56231               -75.016      0.000      32
       2058 17.15000000000   25.89555   185.59469               -75.058      0.000      32
       2059 17.15833333333   26.16452   185.62743               -75.239      0.000      32
       2060 17.16666666667   26.43383   185.66052               -75.218      0.000      32
       2061 17.17500000000   26.70347   185.69398               -75.154      0.000      32
       2062 17.18333333333   26.97346   185.72780               -75.061      0.000      32
       2063 17.19166666667   27.24379   185.76200               -75.035      0.000      32
       2064 17.20000000000   27.51446   185.79657               -75.087      0.000      32
       2065 17.20833333333   27.78547   185.83152               -75.049      0.000      32
       2066 17.21666666667   28.05681   185.86687               -75.191      0.000      32
       2067 17.22500000000   28.32849   185.90261               -75.129      0.000      32
       2068 17.23333333333   28.60051   185.93874               -75.358      0.000      32
       2069 17.24166666667   28.87286   185.97528               -75.252      0.000      32
       2070 17.25000000000   29.14554   186.01223               -75.349      0.000      32
       2071 17.25833333333   29.41855   186.04960               -75.423      0.000      32
       2072 17.26666666667   29.69190   186.08738               -75.490      0.000      32
       2073 17.27500000000   29.96557   186.12560               -75.563      0.000      32
       2074 17.28333333333   30.23957   186.16424               -75.534      0.000      32
       2075 17.29166666667   30.51390   186.20333               -75.582      0.000      32
       2076 17.30000000000   30.78856   186.24287               -75.550      0.000      32
       2077 17.30833333333   31.06353   186.28286               -75.514      0.000      32
       2078 17.31666666667   31.33884   186.32330               -75.491      0.000      32
       2079 17.32500000000   31.61446   186.36422               -75.459      0.000      32
       2080 17.33333333333   31.89040   186.40560               -75.302      0.000      32
       2081 17.34166666667   32.16666   186.44747               -75.233      0.000      32
       2082 17.35000000000   32.44323   186.48983               -75.211      0.000      32
       2083 17.35833333333   32.72012   186.53268               -75.143      0.000      32
       2084 17.36666666667   32.99732   186.57603               -75.133      0.000      32
       2085 17.37500000000   33.27484   186.61989               -75.227      0.000      32
       2086 17.38333333333   33.55266   186.66427               -75.184      0.000      32
       2087 17.39166666667   33.83079   186.70918               -75.263      0.000      32
       2088 17.40000000000   34.10923   186.75462               -75.274      0.000      32
       2089 17.40833333333   34.38797   186.80061               -75.333      0.000      32
       2090 17.41666666667   34.66701   186.84714               -75.343      0.000      32
       2091 17.42500000000   34.94636   186.89424               -75.449      0.000      32
       2092 17.43333333333   35.22600   186.94190               -75.434      0.000      32
       2093 17.44166666667   35.50593   186.99014               -75.389      0.000      32
       2094 17.45000000000   35.78616   187.03897               -75.551      0.000      32
       2095 17.45833333333   36.06669   187.08840               -75.627      0.000      32
       2096 17.46666666667   36.34750   187.13843               -75.928      0.000      32
       2097 17.47500000000   36.62860   187.18908               -76.059      0.000      32
       2098 17.48333333333   36.90998   187.24036               -76.173      0.000      32
       2099 17.49166666667   37.19165   187.29227               -76.320      0.000      32
       2100 17.50000000000   37.47359   187.34484               -76.636      0.000      32
       2101 17.50833333333   37.76036   187.33798               -76.793      0.000      32
       2102 17.51666666667   38.04287   187.39096               -76.985      0.000      32
       2103 17.52500000000   38.32569   187.44420               -77.212      0.000      32
       2104 17.53333333333   38.60881   187.49771               -77.464      0.000      32
       2105 17.54166666667   38.89225   187.55151               -77.636      0.000      32
       2106 17.55000000000   39.17598   187.60559               -77.807      0.000      32
       2107 17.55833333333   39.46002   187.65996               -78.009      0.000      32
       2108 17.56666666667   39.74435   187.71463               -78.203      0.000      32
       2109 17.57500000000   40.02898   187.76960               -78.348      0.000      32
       2110 17.58333333333   40.31391   187.82489               -78.516      0.000      32
       2111 17.59166666667   40.59913   187.88049               -78.643      0.000      32
       2112 17.60000000000   40.88464   187.93641               -78.774      0.000      32
       2113 17.60833333333   41.17044   187.99267               -78.837      0.000      32
       2114 17.61666666667   41.45653   188.04926               -78.897      0.000      32
       2115 17.62500000000   41.74290   188.10619               -78.915      0.000      32
       2116 17.63333333333   42.02955   188.16348               -79.072      0.000      32
       2117 17.64166666667   42.31648   188.22112               -79.020      0.000      32
       2118 17.65000000000   42.60369   188.27914               -79.141      0.000      32
       2119 17.65833333333   42.89117   188.33752               -79.252      0.000      32
       2120 17.66666666667   43.17893   188.39629               -79.285      0.000      32
       2121 17.67500000000   43.46696   188.45545               -79.341      0.000      32
       2122 17.68333333333   43.75526   188.51502               -79.424      0.000      32
       2123 17.69166666667   44.04382   188.57498               -79.494      0.000      32
       2124 17.70000000000   44.33264   188.63537               -79.587      0.000      32
       2125 17.70833333333   44.62173   188.69618               -79.684      0.000      32
       2126 17.71666666667   44.91107   188.75743               -79.760      0.000      32
       2127 17.72500000000   45.20067   188.81912               -79.866      0.000      32
       2128 17.73333333333   45.49052   188.88127               -80.069      0.000      32
       2129 17.74166666667   45.78063   188.94388               -80.168      0.000      32
       2130 17.75000000000   46.07098   189.00696               -80.268      0.000      32
       2131 17.75833333333   46.36158   189.07054               -80.380      0.000      32
       2132 17.76666666667   46.65242   189.13461               -80.553      0.000      32
       2133 17.77500000000   46.94350   189.19918               -80.616      0.000      32
       2134 17.78333333333   47.23481   189.26428               -80.657      0.000      32
       2135 17.79166666667   47.52637   189.32991               -80.798      0.000      32
       2136 17.80000000000   47.81815   189.39608               -80.913      0.000      32
       2137 17.80833333333   48.11016   189.46281               -81.071      0.000      32
       2138 17.81666666667   48.40240   189.53010               -81.244      0.000      32
       2139 17.82500000000   48.69487   189.59798               -81.470      0.000      32
       2140 17.83333333333   48.98755   189.66645               -81.739      0.000      32
       2141 17.84166666667   49.28046   189.73553               -81.987      0.000      32
       2142 17.85000000000   49.57357   189.80524               -82.253      0.000      32
       2143 17.85833333333   49.86690   189.87559               -82.453      0.000      32
       2144 17.86666666667   50.16044   189.94658               -82.670      0.000      32
       2145 17.87500000000   50.45419   190.01825               -82.764      0.000      32
       2146 17.88333333333   50.74814   190.09060               -82.776      0.000      32
       2147 17.89166666667   51.04229   190.16366               -82.860      0.000      32
       2148 17.90000000000   51.33664   190.23743               -82.874      0.000      32
       2149 17.90833333333   51.63118   190.31195               -82.853      0.000      32
       2150 17.91666666667   51.92591   190.38721               -82.777      0.000      32
       2151 17.92500000000   52.22083   190.46325               -82.636      0.000      32
       2152 17.93333333333   52.51594   190.54009               -82.531      0.000      32
       2153 17.94166666667   52.81123   190.61773               -82.549      0.000      32
       2154 17.95000000000   53.10670   190.69621               -82.728      0.000      32
       2155 17.95833333333   53.40234   190.77555               -83.010      0.000      32
       2156 17.96666666667   53.69816   190.85576               -83.248      0.000      32
       2157 17.97500000000   53.99414   190.93687               -83.517      0.000      32
       2158 17.98333333333   54.29029   191.01891               -83.754      0.000      32
       2159 17.99166666667   54.58661   191.10189               -83.743      0.000      32
       2160 18.00000000000   54.88308   191.18585               -83.705      0.000      32
       2161 18.00833333333   55.18469   191.18901               -83.480      0.000      32
       2162 18.01666666667   55.48160   191.27311               -83.278      0.000      32
       2163 18.02500000000   55.77871   191.35767               -83.269      0.000      32
       2164 18.03333333333   56.07600   191.44272               -83.397      0.000      32
       2165 18.04166666667   56.37347   191.52827               -83.593      0.000      32
       2166 18.05000000000   56.67111   191.61433               -83.568      0.000      32
       2167 18.05833333333   56.96893   191.70092               -83.423      0.000      32
       2168 18.06666666667   57.26692   191.78805               -83.280      0.000      32
       2169 18.07500000000   57.56507   191.87574               -83.207      0.000      32
       2170 18.08333333333   57.86338   191.96401               -83.166      0.000      32
       2171 18.09166666667   58.16186   192.05288               -83.220      0.000      32
       2172 18.10000000000   58.46049   192.14235             19119.521      0.000      32
       2173 18.10833333333   58.75927   192.23246               -83.647      0.000      32
       2174 18.11666666667   59.05819   192.32322               -83.991      0.000      32
       2175 18.12500000000   59.35727   192.41465               -84.167      0.000      32
       2176 18.13333333333   59.65648   192.50678               -84.379      0.000      32
       2177 18.14166666667   59.95583   192.59962               -84.615      0.000      32
       2178 18.15000000000   60.25531   192.69320               -84.926      0.000      32
       2179 18.15833333333   60.55493   192.78754               -85.129      0.000      32
       2180 18.16666666667   60.85467   192.88266               -85.212      0.000      32
       2181 18.17500000000   61.15453   192.97860               -85.172      0.000      32
       2182 18.18333333333   61.45451   193.07537               -85.263      0.000      32
       2183 18.19166666667   61.75461   193.17301               -85.429      0.000      32
       2184 18.20000000000   62.05482   193.27155               -85.659      0.000      32
       2185 18.20833333333   62.35514   193.37101               -85.873      0.000      32
       2186 18.21666666667   62.65557   193.47143               -86.083      0.000      32
       2187 18.22500000000   62.95609   193.57284               -86.243      0.000      32
       2188 18.23333333333   63.25671   193.67527               -86.194      0.000      32
       2189 18.24166666667   63.55743   193.77877               -85.916      0.000      32
       2190 18.25000000000   63.85824   193.88336               -85.637      0.000      32
       2191 18.25833333333   64.15913   193.98909               -85.621      0.000      32
       2192 18.26666666667   64.46011   194.09600               -85.577      0.000      32
       2193 18.27500000000   64.76117   194.20413               -85.645      0.000      32
       2194 18.28333333333   65.06230   194.31353               -85.748      0.000      32
       2195 18.29166666667   65.36351   194.42424               -85.731      0.000      32
       2196 18.30000000000   65.66478   194.53632               -85.606      0.000      32
       2197 18.30833333333   65.96612   194.64982               -85.443      0.000      32
       2198 18.31666666667   66.26752   194.76478               -85.443      0.000      32
       2199 18.32500000000   66.56898   194.88127               -85.502      0.000      32
       2200 18.33333333333   66.87049   194.99935               -85.649      0.000      32
       2201 18.34166666667   67.17204   195.11909               -85.752      0.000      32
       2202 18.35000000000   67.47365   195.24055               -85.949      0.000      32
       2203 18.35833333333   67.77530   195.36379               -86.074      0.000      32
       2204 18.36666666667   68.07698   195.48890               -86.232      0.000      32
       2205 18.37500000000   68.37870   195.61596               -86.390      0.000      32
       2206 18.38333333333   68.68045   195.74504               -86.528      0.000      32
       2207 18.39166666667   68.98222   195.87623               -86.644      0.000      32
       2208 18.40000000000   69.28402   196.00964               -86.716      0.000      32
       2209 18.40833333333   69.58583   196.14535               -86.760      0.000      32
       2210 18.41666666667   69.88766   196.28347               -86.789      0.000      32
       2211 18.42500000000   70.18950   196.42411               -86.825      0.000      32
       2212 18.43333333333   70.49134   196.56738               -86.971      0.000      32
       2213 18.44166666667   70.79318   196.71342               -87.062      0.000      32
       2214 18.45000000000   71.09501   196.86235               -87.136      0.000      32
       2215 18.45833333333   71.39684   197.01432               -87.171      0.000      32
       2216 18.46666666667   71.69865   197.16947               -87.189      0.000      32
       2217 18.47500000000   72.00045   197.32797               -87.265      0.000      32
       2218 18.48333333333   72.30221   197.48999               -87.355      0.000      32
       2219 18.49166666667   72.60395   197.65570               -87.321      0.000      32
       2220 18.50000000000   72.90566   197.82530               -87.351      0.000      32
       2221 18.50833333333   73.20634   197.86034               -87.393      0.000      32
       2222 18.51666666667   73.50818   198.03306               -87.465      0.000      32
       2223 18.52500000000   73.80997   198.20919               -87.517      0.000      32
       2224 18.53333333333   74.11170   198.38895               -87.587      0.000      32
       2225 18.54166666667   74.41336   198.57253               -87.573      0.000      32
       2226 18.55000000000   74.71495   198.76016               -87.606      0.000      32
       2227 18.55833333333   75.01646   198.95207               -87.665      0.000      32
       2228 18.56666666667   75.31789   199.14854               -87.648      0.000      32
       2229 18.57500000000   75.61923   199.34984               -87.623      0.000      32
       2230 18.58333333333   75.92046   199.55628               -87.658      0.000      32
       2231 18.59166666667   76.22159   199.76819               -87.669      0.000      32
       2232 18.60000000000   76.52261   199.98593               -87.766      0.000      32
       2233 18.60833333333   76.82350   200.20990               -87.785      0.000      32
       2234 18.61666666667   77.12426   200.44053               -87.829      0.000      32
       2235 18.62500000000   77.42488   200.67828               -87.843      0.000      32
       2236 18.63333333333   77.72534   200.92368               -87.920      0.000      32
       2237 18.64166666667   78.02565   201.17730               -88.031      0.000      32
       2238 18.65000000000   78.32579   201.43975               -88.067      0.000      32
       2239 18.65833333333   78.62574   201.71172               -88.144      0.000      32
       2240 18.66666666667   78.92550   201.99399               -88.172      0.000      32
       2241 18.67500000000   79.22505   202.28739               -88.188      0.000      32
       2242 18.68333333333   79.52437   202.59287               -88.185      0.000      32
       2243 18.69166666667   79.82345   202.91148               -88.276      0.000      32
       2244 18.70000000000   80.12228   203.24438               -88.333      0.000      32
       2245 18.70833333333   80.42082   203.59291               -88.307      0.000      32
       2246 18.71666666667   80.71907   203.95853               -88.313      0.000      32
       2247 18.72500000000   81.01699   204.34294               -88.353      0.000      32
       2248 18.73333333333   81.31456   204.74802               -88.413      0.000      32
       2249 18.74166666667   81.61175   205.17594               -88.458      0.000      32
       2250 18.75000000000   81.90852   205.62917               -88.455      0.000      32
       2251 18.75833333333   82.20484   206.11056               -88.471      0.000      32
       2252 18.76666666667   82.50066   206.62337               -88.582      0.000      32
       2253 18.77500000000   82.79592   207.17141               -88.618      0.000      32
       2254 18.78333333333   83.09057   207.75909               -88.653      0.000      32
       2255 18.79166666667   83.38454   208.39159               -88.691      0.000      32
       2256 18.80000000000   83.67775   209.07502               -88.750      0.000      32
       2257 18.80833333333   83.97008   209.81664               -88.758      0.000      32
       2258 18.81666666667   84.26144   210.62509               -88.812      0.000      32
       2259 18.82500000000   84.55168   211.51079               -88.851      0.000      32
       2260 18.83333333333   84.84061   212.48637               -88.850      0.000      32
       2261 18.84166666667   85.12804   213.56726               -88.958      0.000      32
       2262 18.85000000000   85.41370   214.77252               -89.036      0.000      32
       2263 18.85833333333   85.69726   216.12585               -89.036      0.000      32
       2264 18.86666666667   85.97830   217.65703               -89.080      0.000      32
       2265 18.87500000000   86.25627   219.40389               -89.097      0.000      32
       2266 18.88333333333   86.53048   221.41487               -89.164      0.000      32
       2267 18.89166666667   86.79997   223.75263               -89.186      0.000      32
       2268 18.90000000000   87.06350   226.49875               -89.178      0.000      32
       2269 18.90833333333   87.31935   229.75982               -89.174      0.000      32
       2270 18.91666666667   87.56512   233.67459               -89.194      0.000      32
       2271 18.92500000000   87.79750   238.42042               -89.221      0.000      32
       2272 18.93333333333   88.01185   244.21393               -89.177      0.000      32
       2273 18.94166666667   88.20176   251.29302               -89.275      0.000      32
       2274 18.95000000000   88.35880   259.85616             19113.607      0.000      32
       2275 18.95833333333   88.47287   269.93378               -89.363      0.000      32
       2276 18.96666666667   88.53398   281.21552               -89.384      0.000      32
       2277 18.97500000000   88.53558   292.97997               -89.384      0.000      32
       2278 18.98333333333   88.47755   304.30359               -89.394      0.000      32
       2279 18.99166666667   88.36630   314.44834               -89.469      0.000      32
       2280 19.00000000000   88.21181   323.08440               -89.546      0.000      32
       2281 19.00833333333   88.05532   330.43365               -89.573      0.000      32
       2282 19.01666666667   87.84294   336.36009               -89.602      0.000      32
       2283 19.02500000000   87.61257   341.20020               -89.696      0.000      32
       2284 19.03333333333   87.36900   345.18233               -89.743      0.000      32
       2285 19.04166666667   87.11565   348.49262               -89.831      0.000      32
       2286 19.05000000000   86.85496   351.27589               -89.867      0.000      32
       2287 19.05833333333   86.58868   353.64281               -89.909      0.000      32
       2288 19.06666666667   86.31808   355.67769               -89.948      0.000      32
       2289 19.07500000000   86.04412   357.44498               -90.011      0.000      32
       2290 19.08333333333   85.76748   358.99434               -90.049      0.000      32
       2291 19.09166666667   85.48873     0.36441               -90.050      0.000      32
       2292 19.10000000000   85.20828     1.58552               -90.011      0.000      32
       2293 19.10833333333   84.92645     2.68178               -90.077      0.000      32
       2294 19.11666666667   84.64351     3.67246               -90.081      0.000      32
       2295 19.12500000000   84.35967     4.57321               -90.098      0.000      32
       2296 19.13333333333   84.07510     5.39676               -90.125      0.000      32
       2297 19.14166666667   83.78994     6.15362               -90.187      0.000      32
       2298 19.15000000000   83.50430     6.85250               -90.228      0.000      32
       2299 19.15833333333   83.21828     7.50068               -90.251      0.000      32
       2300 19.16666666667   82.93196     8.10429               -90.276      0.000      32
       2301 19.17500000000   82.64541     8.66855               -90.300      0.000      32
       2302 19.18333333333   82.35868     9.19787               -90.314      0.000      32
       2303 19.19166666667   82.07183     9.69605               -90.364      0.000      32
       2304 19.20000000000   81.78490    10.16637               -90.404      0.000      32
       2305 19.20833333333   81.49793    10.61167               -90.433      0.000      32
       2306 19.21666666667   81.21094    11.03442               -90.512      0.000      32
       2307 19.22500000000   80.92397    11.43677               -90.535      0.000      32
       2308 19.23333333333   80.63704    11.82062               -90.592      0.000      32
       2309 19.24166666667   80.35017    12.18765               -90.611      0.000      32
       2310 19.25000000000   80.06338    12.53932               -90.645      0.000      32
       2311 19.25833333333   79.77669    12.87696               -90.723      0.000      32
       2312 19.26666666667   79.49011    13.20173               -90.737      0.000      32
       2313 19.27500000000   79.20366    13.51467               -90.780      0.000      32
       2314 19.28333333333   78.91735    13.81673               -90.836      0.000      32
       2315 19.29166666667   78.63119    14.10873               -90.904      0.000      32
       2316 19.30000000000   78.34518    14.39145               -90.903      0.000      32
       2317 19.30833333333   78.05935    14.66557               -91.009      0.000      32
       2318 19.31666666667   77.77368    14.93170               -91.063      0.000      32
       2319 19.32500000000   77.48820    15.19041               -91.070      0.000      32
       2320 19.33333333333   77.20291    15.44221               -91.099      0.000      32
       2321 19.34166666667   76.91782    15.68757               -91.134      0.000      32
       2322 19.35000000000   76.63292    15.92692               -91.153      0.000      32
       2323 19.35833333333   76.34822    16.16064               -91.243      0.000      32
       2324 19.36666666667   76.06373    16.38910               -91.250      0.000      32
       2325 19.37500000000   75.77946    16.61263               -91.275      0.000      32
       2326 19.38333333333   75.49539    16.83153               -91.300      0.000      32
       2327 19.39166666667   75.21155    17.04607               -91.337      0.000      32
       2328 19.40000000000   74.92792    17.25652               -91.367      0.000      32
       2329 19.40833333333   74.64452    17.46312               -91.400      0.000      32
       2330 19.41666666667   74.36134    17.66608               -91.433      0.000      32
       2331 19.42500000000   74.07839    17.86562               -91.397      0.000      32
       2332 19.43333333333   73.79567    18.06192               -91.466      0.000      32
       2333 19.44166666667   73.51317    18.25516               -91.421      0.000      32
       2334 19.45000000000   73.23091    18.44550               -91.428      0.000      32
       2335 19.45833333333   72.94887    18.63311               -91.425      0.000      32
       2336 19.46666666667   72.66707    18.81812               -91.436      0.000      32
       2337 19.47500000000   72.38550    19.00066               -91.403      0.000      32
       2338 19.48333333333   72.10416    19.18087               -91.383      0.000      32
       2339 19.49166666667   71.82306    19.35886               -91.413      0.000      32
       2340 19.50000000000   71.54219    19.53475               -91.415      0.000      32
       2341 19.50833333333   71.28707    19.74312               -91.369      0.000      32
       2342 19.51666666667   71.00692    19.91681               -91.413      0.000      32
       2343 19.52500000000   70.72718    20.08885               -91.382      0.000      32
       2344 19.53333333333   70.44783    20.25932               -91.352      0.000      32
       2345 19.54166666667   70.16890    20.42830               -91.340      0.000      32
       2346 19.55000000000   69.89037    20.59587               -91.356      0.000      32
       2347 19.55833333333   69.61224    20.76209               -91.367      0.000      32
       2348 19.56666666667   69.33452    20.92703               -91.323      0.000      32
       2349 19.57500000000   69.05721    21.09074               -91.300      0.000      32
       2350 19.58333333333   68.78030    21.25330               -91.205      0.000      32
       2351 19.59166666667   68.50380    21.41475               -91.253      0.000      32
       2352 19.60000000000   68.22771    21.57515               -91.225      0.000      32
       2353 19.60833333333   67.95201    21.73454               -91.211      0.000      32
       2354 19.61666666667   67.67673    21.89298               -91.237      0.000      32
       2355 19.62500000000   67.40185    22.05050               -91.175      0.000      32
       2356 19.63333333333   67.12737    22.20716               -91.180      0.000      32
       2357 19.64166666667   66.85330    22.36298               -91.164      0.000      32
       2358 19.65000000000   66.57962    22.51802               -91.174      0.000      32
       2359 19.65833333333   66.30635    22.67230               -91.154      0.000      32
       2360 19.66666666667   66.03348    22.82586               -91.212      0.000      32
       2361 19.67500000000   65.76102    22.97874               -91.173      0.000      32
       2362 19.68333333333   65.48895    23.13096               -91.202      0.000      32
       2363 19.69166666667   65.21727    23.28256               -91.215      0.000      32
       2364 19.70000000000   64.94600    23.43356             19111.675      0.000      32
       2365 19.70833333333   64.67512    23.58400               -91.240      0.000      32
       2366 19.71666666667   64.40463    23.73389               -91.232      0.000      32
       2367 19.72500000000   64.13454    23.88327               -91.223      0.000      32
       2368 19.73333333333   63.86484    24.03215               -91.288      0.000      32
       2369 19.74166666667   63.59553    24.18057               -91.258      0.000      32
       2370 19.75000000000   63.32662    24.32854               -91.241      0.000      32
       2371 19.75833333333   63.05808    24.47608               -91.297      0.000      32
       2372 19.76666666667   62.78994    24.62321               -91.330      0.000      32
       2373 19.77500000000   62.52218    24.76996               -91.286      0.000      32
       2374 19.78333333333   62.25480    24.91635               -91.331      0.000      32
       2375 19.79166666667   61.98780    25.06238               -91.391      0.000      32
       2376 19.80000000000   61.72119    25.20808               -91.338      0.000      32
       2377 19.80833333333   61.45495    25.35346               -91.396      0.000      32
       2378 19.81666666667   61.18909    25.49854               -91.351      0.000      32
       2379 19.82500000000   60.92360    25.64334               -91.379      0.000      32
       2380 19.83333333333   60.65849    25.78787               -91.362      0.000      32
       2381 19.84166666667   60.39375    25.93214               -91.348      0.000      32
       2382 19.85000000000   60.12938    26.07617               -91.396      0.000      32
       2383 19.85833333333   59.86537    26.21997               -91.374      0.000      32
       2384 19.86666666667   59.60174    26.36356               -91.394      0.000      32
       2385 19.87500000000   59.33846    26.50694               -91.367      0.000      32
       2386 19.88333333333   59.07555    26.65012               -91.396      0.000      32
       2387 19.89166666667   58.81300    26.79313            -15027.000      0.000      32
       2388 19.90000000000   58.55080    26.93596               -91.392      0.000      32
       2389 19.90833333333   58.28896    27.07864               -91.426      0.000      32
       2390 19.91666666667   58.02748    27.22117               -91.421      0.000      32
       2391 19.92500000000   57.76635    27.36355               -91.448      0.000      32
       2392 19.93333333333   57.50556    27.50581               -91.429      0.000      32
       2393 19.94166666667   57.24513    27.64794               -91.499      0.000      32
       2394 19.95000000000   56.98504    27.78996               -91.465      0.000      32
       2395 19.95833333333   56.72530    27.93188               -91.496      0.000      32
       2396 19.96666666667   56.46589    28.07371               -91.488      0.000      32
       2397 19.97500000000   56.20683    28.21544               -91.467      0.000      32
       2398 19.98333333333   55.94810    28.35710               -91.509      0.000      32
       2399 19.99166666667   55.68971    28.49868               -91.455      0.000      32
       2400 20.00000000000   55.43166    28.64020               -91.468      0.000      32
       2401 20.00833333333   55.19979    28.77762               -91.436      0.000      32
       2402 20.01666666667   54.94278    28.92000               -91.456      0.000      32
       2403 20.02500000000   54.68627    29.06229               -91.465      0.000      32
       2404 20.03333333333   54.43026    29.20450               -91.434      0.000      32
       2405 20.04166666667   54.17474    29.34664               -91.416      0.000      32
       2406 20.05000000000   53.91971    29.48872               -91.448      0.000      32
       2407 20.05833333333   53.66518    29.63075               -91.382      0.000      32
       2408 20.06666666667   53.41113    29.77273               -91.340      0.000      32
       2409 20.07500000000   53.15756    29.91467               -91.347      0.000      32
       2410 20.08333333333   52.90448    30.05658               -91.286      0.000      32
       2411 20.09166666667   52.65188    30.19847               -91.315      0.000      32
       2412 20.10000000000   52.39976    30.34035               -91.340      0.000      32
       2413 20.10833333333   52.14811    30.48221               -91.328      0.000      32
       2414 20.11666666667   51.89694    30.62408               -91.327      0.000      32
       2415 20.12500000000   51.64624    30.76594               -91.308      0.000      32
       2416 20.13333333333   51.39600    30.90782               -91.294      0.000      32
       2417 20.14166666667   51.14624    31.04972               -91.288      0.000      32
       2418 20.15000000000   50.89694    31.19164               -91.234      0.000      32
       2419 20.15833333333   50.64809    31.33359               -91.231      0.000      32
       2420 20.16666666667   50.39971    31.47558               -91.200      0.000      32
       2421 20.17500000000   50.15179    31.61760               -91.200      0.000      32
       2422 20.18333333333   49.90432    31.75967               -91.203      0.000      32
       2423 20.19166666667   49.65730    31.90179               -91.164      0.000      32
       2424 20.20000000000   49.41073    32.04397               -91.172      0.000      32
       2425 20.20833333333   49.16461    32.18621               -91.143      0.000      32
       2426 20.21666666667   48.91893    32.32852               -91.131      0.000      32
       2427 20.22500000000   48.67369    32.47090               -91.097      0.000      32
       2428 20.23333333333   48.42889    32.61335               -91.086      0.000      32
       2429 20.24166666667   48.18453    32.75588               -91.066      0.000      32
       2430 20.25000000000   47.94061    32.89850               -91.116      0.000      32
       2431 20.25833333333   47.69711    33.04121               -91.062      0.000      32
       2432 20.26666666667   47.45405    33.18401               -90.969      0.000      32
       2433 20.27500000000   47.21141    33.32691               -90.999      0.000      32
       2434 20.28333333333   46.96920    33.46991               -90.899      0.000      32
       2435 20.29166666667   46.72741    33.61301               -90.922      0.000      32
       2436 20.30000000000   46.48604    33.75623               -90.938      0.000      32
       2437 20.30833333333   46.24509    33.89955               -90.884      0.000      32
       2438 20.31666666667   46.00455    34.04300               -90.858      0.000      32
       2439 20.32500000000   45.76442    34.18656               -90.845      0.000      32
       2440 20.33333333333   45.52470    34.33025               -90.809      0.000      32
       2441 20.34166666667   45.28539    34.47406               -90.737      0.000      32
       2442 20.35000000000   45.04649    34.61801               -90.728      0.000      32
       2443 20.35833333333   44.80799    34.76208               -90.683      0.000      32
       2444 20.36666666667   44.56988    34.90630               -90.699      0.000      32
       2445 20.37500000000   44.33218    35.05065               -90.620      0.000      32
       2446 20.38333333333   44.09487    35.19515               -90.623      0.000      32
       2447 20.39166666667   43.85796    35.33979               -90.549      0.000      32
       2448 20.40000000000   43.62143    35.48459               -90.559      0.000      32
       2449 20.40833333333   43.38530    35.62953               -90.549      0.000      32
       2450 20.41666666667   43.14955    35.77463               -90.576      0.000      32
       2451 20.42500000000   42.91418    35.91988               -90.474      0.000      32
       2452 20.43333333333   42.67920    36.06530               -90.481      0.000      32
       2453 20.44166666667   42.44459    36.21087               -90.412      0.000      32
       2454 20.45000000000   42.21037    36.35662               -90.387      0.000      32
       2455 20.45833333333   41.97651    36.50253               -90.381      0.000      32
       2456 20.46666666667   41.74304    36.64860               -90.348      0.000      32
       2457 20.47500000000   41.50993    36.79485               -90.314      0.000      32
       2458 20.48333333333   41.27719    36.94128             19112.695      0.000      32
       2459 20.49166666667   41.04482    37.08788               -90.207      0.000      32
       2460 20.50000000000   40.81281    37.23466               -90.180      0.000      32
       2461 20.50833333333   40.59969    37.36398               -90.109      0.000      32
       2462 20.51666666667   40.36886    37.51165               -90.071      0.000      32
       2463 20.52500000000   40.13850    37.65938               -89.980      0.000      32
       2464 20.53333333333   39.90863    37.80718               -89.917      0.000      32
       2465 20.54166666667   39.67922    37.95505               -89.866      0.000      32
       2466 20.55000000000   39.45029    38.10299               -89.816      0.000      32
       2467 20.55833333333   39.22183    38.25102               -89.790      0.000      32
       2468 20.56666666667   38.99383    38.39914               -89.767      0.000      32
       2469 20.57500000000   38.76630    38.54734               -89.727      0.000      32
       2470 20.58333333333   38.53922    38.69564               -89.687      0.000      32
       2471 20.59166666667   38.31261    38.84404               -89.651      0.000      32
       2472 20.60000000000   38.08645    38.99254               -89.579      0.000      32
       2473 20.60833333333   37.86074    39.14115               -89.587      0.000      32
       2474 20.61666666667   37.63548    39.28987               -89.582      0.000      32
       2475 20.62500000000   37.41068    39.43870               -89.451      0.000      32
       2476 20.63333333333   37.18631    39.58765               -89.500      0.000      32
       2477 20.64166666667   36.96240    39.73673               -89.388      0.000      32
       2478 20.65000000000   36.73892    39.88593               -89.257      0.000      32
       2479 20.65833333333   36.51588    40.03526               -89.244      0.000      32
       2480 20.66666666667   36.29328    40.18473               -89.268      0.000      32
       2481 20.67500000000   36.07111    40.33433               -89.206      0.000      32
       2482 20.68333333333   35.84937    40.48407               -89.171      0.000      32
       2483 20.69166666667   35.62806    40.63396               -89.064      0.000      32
       2484 20.70000000000   35.40718    40.78399               -89.009      0.000      32
       2485 20.70833333333   35.18673    40.93418               -88.976      0.000      32
       2486 20.71666666667   34.96669    41.08451               -88.911      0.000      32
       2487 20.72500000000   34.74708    41.23501               -88.795      0.000      32
       2488 20.73333333333   34.52789    41.38566               -88.767      0.000      32
       2489 20.74166666667   34.30911    41.53648               -88.816      0.000      32
       2490 20.75000000000   34.09075    41.68746               -88.780      0.000      32
       2491 20.75833333333   33.87279    41.83861               -88.695      0.000      32
       2492 20.76666666667   33.65525    41.98994               -88.638      0.000      32
       2493 20.77500000000   33.43812    42.14144               -88.643      0.000      32
       2494 20.78333333333   33.22139    42.29311               -88.573      0.000      32
       2495 20.79166666667   33.00507    42.44497               -88.468      0.000      32
       2496 20.80000000000   32.78914    42.59701               -88.326      0.000      32
       2497 20.80833333333   32.57362    42.74923               -88.412      0.000      32
       2498 20.81666666667   32.35850    42.90164               -88.299      0.000      32
       2499 20.82500000000   32.14377    43.05424               -88.336      0.000      32
       2500 20.83333333333   31.92944    43.20704               -88.335      0.000      32
       2501 20.84166666667   31.71550    43.36003               -88.200      0.000      32
       2502 20.85000000000   31.50195    43.51321               -88.200      0.000      32
       2503 20.85833333333   31.28879    43.66660               -88.095      0.000      32
       2504 20.86666666667   31.07602    43.82019               -88.173      0.000      32
       2505 20.87500000000   30.86363    43.97399               -88.036      0.000      32
       2506 20.88333333333   30.65163    44.12799               -88.026      0.000      32
       2507 20.89166666667   30.44001    44.28220               -88.045      0.000      32
       2508 20.90000000000   30.22877    44.43662               -87.932      0.000      32
       2509 20.90833333333   30.01792    44.59125               -87.861      0.000      32
       2510 20.91666666667   29.80744    44.74610               -87.819      0.000      32
       2511 20.92500000000   29.59733    44.90117               -87.793      0.000      32
       2512 20.93333333333   29.38761    45.05646               -87.766      0.000      32
       2513 20.94166666667   29.17825    45.21197               -87.748      0.000      32
       2514 20.95000000000   28.96927    45.36770               -87.757      0.000      32
       2515 20.95833333333   28.76066    45.52366               -87.684      0.000      32
       2516 20.96666666667   28.55242    45.67984               -87.628      0.000      32
       2517 20.97500000000   28.34455    45.83625               -87.614      0.000      32
       2518 20.98333333333   28.13705    45.99290               -87.558      0.000      32
       2519 20.99166666667   27.92992    46.14977               -87.396      0.000      32
       2520 21.00000000000   27.72315    46.30688               -87.287      0.000      32
