# Created on 2022-09-13 07:27:24 
# Sources: obs\TPKL1681.22O, nav\TPKL1681.22N
# Satellite: G11
# Interval: 30.0
# Sampling interval: 0.0 (not used).
# Site: TPKL
# Position (L, B, H): 78.5290569025, 42.4638637031, 1886.01891334
# Position (X, Y, Z): 937429.6846, 4619604.6444, 4285027.6573
# datetime format: %Y-%m-%dT%H:%M:%S
# Columns: tsn, hour, el, az, tec.l1l2, tec.p1p2, validity
# (I11,1X,F14.11,1X,F10.5,1X,F11.5,1X,F21.3,1X,F10.3,1X,I7)
        452  3.76666666667   20.50791   200.74315              -143.757    131.126    4096
        453  3.77500000000   20.72980   200.78157              -144.067    147.525    4096
        454  3.78333333333   20.95193   200.82040              -144.507    131.573    4096
        455  3.79166666667   21.17428   200.85964              -144.835    129.794    4096
        456  3.80000000000   21.39686   200.89930              -145.136    122.170    4096
        457  3.80833333333   21.61966   200.93936              -145.396    113.728    4096
        458  3.81666666667   21.84270   200.97984              -145.767    125.549    4096
        459  3.82500000000   22.06596   201.02073              -145.814    119.572    4096
        460  3.83333333333   22.28944   201.06203              -146.320    129.936    4096
        461  3.84166666667   22.51315   201.10374              -146.446    118.344    4096
        462  3.85000000000   22.73708   201.14586              -146.712    131.278    4096
        463  3.85833333333   22.96124   201.18840              -146.967    130.203    4096
        464  3.86666666667   23.18562   201.23134              -147.270    130.346    4096
        465  3.87500000000   23.41022   201.27470              -147.429    136.856    4096
        466  3.88333333333   23.63504   201.31847              -147.802    141.091    4096
        467  3.89166666667   23.86008   201.36266              -147.958    130.460    4096
        468  3.90000000000   24.08534   201.40725              -148.308    130.869    4096
        469  3.90833333333   24.31082   201.45226              -148.425    117.259    4096
        470  3.91666666667   24.53651   201.49768              -148.721    130.193    4096
        471  3.92500000000   24.76242   201.54351              -149.043    124.768    4096
        472  3.93333333333   24.98855   201.58975              -149.230    120.533    4096
        473  3.94166666667   25.21490   201.63641              -149.544    141.091    4096
        474  3.95000000000   25.44146   201.68348              -149.801    128.823    4096
        475  3.95833333333   25.66823   201.73097              -150.031    129.375    4096
        476  3.96666666667   25.89521   201.77887              -150.333    141.091    4096
        477  3.97500000000   26.12241   201.82718             18890.304  -2303.078    4096
        478  3.98333333333   26.34982   201.87591              -150.649    143.813    4096
        479  3.99166666667   26.57744   201.92505             18890.058    134.134    4096
        480  4.00000000000   26.80527   201.97461              -151.120    127.890    4096
        481  4.00833333333   27.03331   202.02458              -151.263    154.035    4096
        482  4.01666666667   27.26156   202.07497              -151.521    124.625    4096
        483  4.02500000000   27.49001   202.12578              -151.644    122.836    4096
        484  4.03333333333   27.71867   202.17701              -151.852    147.078    4096
        485  4.04166666667   27.94754   202.22865              -152.027    128.966    4096
        486  4.05000000000   28.17661   202.28071              -152.197    126.929    4096
        487  4.05833333333   28.40588   202.33319              -152.351    139.454    4096
        488  4.06666666667   28.63536   202.38609              -152.627    127.595    4096
        489  4.07500000000   28.86504   202.43940              -152.807    130.764    4096
        490  4.08333333333   29.09492   202.49314              -152.884    136.447    4096
        491  4.09166666667   29.32500   202.54730              -153.151    137.827    4096
        492  4.10000000000   29.55528   202.60188              -153.345    131.688    4096
        493  4.10833333333   29.78576   202.65689              -153.491    125.035    4096
        494  4.11666666667   30.01644   202.71232              -153.689    137.817    4096
        495  4.12500000000   30.24731   202.76817              -153.985    121.313    4096
        496  4.13333333333   30.47838   202.82444              -154.242    122.018    4096
        497  4.14166666667   30.70964   202.88114              -154.393    118.639    4096
        498  4.15000000000   30.94110   202.93827              -154.643    127.862    4096
        499  4.15833333333   31.17275   202.99583              -154.863    120.390    4096
        500  4.16666666667   31.40460   203.05381              -155.120    116.697    4096
        501  4.17500000000   31.63663   203.11222              -155.379    122.846    4096
        502  4.18333333333   31.86886   203.17106              -155.643    120.685    4096
        503  4.19166666667   32.10127   203.23034              -155.836    115.774    4096
        504  4.20000000000   32.33388   203.29004              -156.055    118.334    4096
        505  4.20833333333   32.56667   203.35018              -156.324    121.056    4096
        506  4.21666666667   32.79964   203.41075              -156.585    146.973    4096
        507  4.22500000000   33.03281   203.47176              -156.797    130.051    4096
        508  4.23333333333   33.26615   203.53320              -157.023    129.489    4096
        509  4.24166666667   33.49968   203.59508              -157.223    140.796    4096
        510  4.25000000000   33.73340   203.65740              -157.493    132.506    4096
        511  4.25833333333   33.96729   203.72016              -157.742  -2297.614    4096
        512  4.26666666667   34.20136   203.78336              -157.899    138.902    4096
        513  4.27500000000   34.43562   203.84700              -158.029    130.755    4096
        514  4.28333333333   34.67005   203.91108              -158.174    126.929    4096
        515  4.29166666667   34.90466   203.97561              -158.377    143.661    4096
        516  4.30000000000   35.13944   204.04059              -158.500    133.467    4096
        517  4.30833333333   35.37440   204.10602              -158.675    145.146    4096
        518  4.31666666667   35.60954   204.17189              -158.922    136.999    4096
        519  4.32500000000   35.84485   204.23821              -158.929    117.259    4096
        520  4.33333333333   36.08033   204.30499              -159.119    132.649    4096
        521  4.34166666667   36.31598   204.37222             18881.623  -2323.779    4096
        522  4.35000000000   36.55180   204.43991              -159.461    142.214    4096
        523  4.35833333333   36.78778   204.50805              -159.636    119.419    4096
        524  4.36666666667   37.02394   204.57666              -159.756    132.906    4096
        525  4.37500000000   37.26026   204.64572              -159.958    124.882    4096
        526  4.38333333333   37.49675   204.71525              -160.118    123.664    4096
        527  4.39166666667   37.73340   204.78524              -160.296    130.764    4096
        528  4.40000000000   37.97021   204.85570              -160.491    117.373    4096
        529  4.40833333333   38.20719   204.92663              -160.679    123.103    4096
        530  4.41666666667   38.44433   204.99803              -160.818    118.220    4096
        531  4.42500000000   38.68162   205.06990              -161.012    114.660    4096
        532  4.43333333333   38.91908   205.14224              -161.141    107.294    4096
        533  4.44166666667   39.15669   205.21507              -161.329    126.367    4096
        534  4.45000000000   39.39446   205.28837              -161.540  -2319.391    4096
        535  4.45833333333   39.63238   205.36215              -161.696    114.403    4096
        536  4.46666666667   39.87045   205.43642              -161.878    125.996    4096
        537  4.47500000000   40.10868   205.51118              -162.053    113.728    4096
        538  4.48333333333   40.34706   205.58642              -162.167    117.963    4096
        539  4.49166666667   40.58559   205.66215             18878.592    113.023    4096
        540  4.50000000000   40.82426   205.73838              -162.509    136.856    4096
        541  4.50833333333   41.06309   205.81511              -162.654    124.064    4096
        542  4.51666666667   41.30205   205.89233              -162.855    110.863    4096
        543  4.52500000000   41.54117   205.97006              -162.973    121.209    4096
        544  4.53333333333   41.78043   206.04829              -163.144    130.193    4096
        545  4.54166666667   42.01982   206.12703              -163.214    114.546    4096
        546  4.55000000000   42.25936   206.20628              -163.372    128.414    4096
        547  4.55833333333   42.49904   206.28605              -163.525    121.047    4096
        548  4.56666666667   42.73886   206.36633              -163.601    114.955    4096
        549  4.57500000000   42.97881   206.44713              -163.727    119.562    4096
        550  4.58333333333   43.21890   206.52846              -163.878    127.338    4096
        551  4.59166666667   43.45913   206.61031              -163.989    128.566    4096
        552  4.60000000000   43.69948   206.69270              -164.086    127.033    4096
        553  4.60833333333   43.93997   206.77562              -164.266    124.740    4096
        554  4.61666666667   44.18059   206.85908              -164.414  -2303.896    4096
        555  4.62500000000   44.42133   206.94308              -164.471    125.149    4096
        556  4.63333333333   44.66220   207.02762              -164.605    115.879    4096
        557  4.64166666667   44.90320   207.11272              -164.733    116.040    4096
        558  4.65000000000   45.14432   207.19837              -164.817    112.909    4096
        559  4.65833333333   45.38557   207.28457              -164.927    132.135    4096
        560  4.66666666667   45.62693   207.37134              -165.124    118.496    4096
        561  4.67500000000   45.86842   207.45868              -165.188    114.099    4096
        562  4.68333333333   46.11002   207.54658              -165.265    118.191    4096
        563  4.69166666667   46.35174   207.63506              -165.368    106.475    4096
        564  4.70000000000   46.59358   207.72413              -165.443    119.200    4096
        565  4.70833333333   46.83553   207.81377              -165.555    114.689    4096
        566  4.71666666667   47.07759   207.90401              -165.644    115.774    4096
        567  4.72500000000   47.31977   207.99484              -165.713    112.205    4096
        568  4.73333333333   47.56205   208.08627              -165.886    120.533    4096
        569  4.74166666667   47.80444   208.17831              -165.925    109.235    4096
        570  4.75000000000   48.04694   208.27096              -166.031    114.099    4096
        571  4.75833333333   48.28954   208.36422              -166.139    107.037    4096
        572  4.76666666667   48.53224   208.45811              -166.158    117.782    4096
        573  4.77500000000   48.77505   208.55262              -166.294    122.018    4096
        574  4.78333333333   49.01795   208.64777              -166.327    109.749    4096
        575  4.79166666667   49.26096   208.74356              -166.430  -2317.383    4096
        576  4.80000000000   49.50406   208.84000              -166.524    115.365    4096
        577  4.80833333333   49.74725   208.93709              -166.676    124.768    4096
        578  4.81666666667   49.99054   209.03484              -166.747    115.745    4096
        579  4.82500000000   50.23392   209.13325              -166.856    115.917    4096
        580  4.83333333333   50.47739   209.23234              -166.884    109.902    4096
        581  4.84166666667   50.72095   209.33212              -167.007    115.222    4096
        582  4.85000000000   50.96459   209.43258              -167.062    116.183    4096
        583  4.85833333333   51.20832   209.53373              -167.160    113.023    4096
        584  4.86666666667   51.45213   209.63559              -167.302    106.665    4096
        585  4.87500000000   51.69603   209.73816              -167.393    109.902    4096
        586  4.88333333333   51.94000   209.84145              -167.477    105.438    4096
        587  4.89166666667   52.18405   209.94548              -167.579    110.758    4096
        588  4.90000000000   52.42818   210.05023              -167.683    113.433    4096
        589  4.90833333333   52.67238   210.15574              -167.752    114.803    4096
        590  4.91666666667   52.91665   210.26200              -167.854    116.707    4096
        591  4.92500000000   53.16100   210.36902              -167.974    111.834    4096
        592  4.93333333333   53.40541   210.47682              -168.058    109.340    4096
        593  4.94166666667   53.64989   210.58541              -168.164    110.720    4096
        594  4.95000000000   53.89444   210.69479              -168.226    101.573    4096
        595  4.95833333333   54.13904   210.80497              -168.295  -2320.771    4096
        596  4.96666666667   54.38371   210.91597              -168.383    113.585    4096
        597  4.97500000000   54.62844   211.02780              -168.503    113.166    4096
        598  4.98333333333   54.87323   211.14047              -168.591    113.023    4096
        599  4.99166666667   55.11807   211.25399              -168.680    110.311    4096
        600  5.00000000000   55.36296   211.36837              -168.730    113.166    4096
        601  5.00833333333   55.60791   211.48363              -168.855    114.803    4096
        602  5.01666666667   55.85290   211.59978              -168.912    108.816    4096
        603  5.02500000000   56.09795   211.71682              -168.927    116.040    4096
        604  5.03333333333   56.34304   211.83479              -169.050    119.857    4096
        605  5.04166666667   56.58817   211.95368              -169.125    112.243    4096
        606  5.05000000000   56.83334   212.07351              -169.175    113.433    4096
        607  5.05833333333   57.07855   212.19431              -169.246    119.162    4096
        608  5.06666666667   57.32380   212.31608              -169.346    113.061    4096
        609  5.07500000000   57.56909   212.43884              -169.380    113.994    4096
        610  5.08333333333   57.81440   212.56260              -169.463    119.305    4096
        611  5.09166666667   58.05975   212.68739              -169.526    116.297    4096
        612  5.10000000000   58.30513   212.81322              -169.591    108.569    4096
        613  5.10833333333   58.55053   212.94011              -169.651    114.660    4096
        614  5.11666666667   58.79596   213.06807              -169.726    118.191    4096
        615  5.12500000000   59.04140   213.19713              -169.787    114.698    4096
        616  5.13333333333   59.28687   213.32731              -169.843    110.863    4096
        617  5.14166666667   59.53235   213.45862              -169.906    112.500    4096
        618  5.15000000000   59.77785   213.59109              -169.966    119.867    4096
        619  5.15833333333   60.02336   213.72474              -170.053    117.411    4096
        620  5.16666666667   60.26888   213.85959              -170.140    106.742    4096
        621  5.17500000000   60.51441   213.99566              -170.231    118.487    4096
        622  5.18333333333   60.75995   214.13298              -170.270    112.243    4096
        623  5.19166666667   61.00548   214.27158              -170.319    108.007    4096
        624  5.20000000000   61.25102   214.41147              -170.409    119.562    4096
        625  5.20833333333   61.49655   214.55269              -170.423    115.070    4096
        626  5.21666666667   61.74208   214.69526              -170.514    113.728    4096
        627  5.22500000000   61.98760   214.83921              -170.549    116.297    4096
        628  5.23333333333   62.23311   214.98457              -170.591    110.311    4096
        629  5.24166666667   62.47861   215.13137              -170.616    113.433    4096
        630  5.25000000000   62.72409   215.27964              -170.678    115.622    4096
        631  5.25833333333   62.96956   215.42941              -170.727    119.829    4096
        632  5.26666666667   63.21500   215.58073              -170.799    114.660    4096
        633  5.27500000000   63.46041   215.73361              -170.815    110.454    4096
        634  5.28333333333   63.70580   215.88811              -170.866    110.825    4096
        635  5.29166666667   63.95117   216.04425              -170.888    109.378    4096
        636  5.30000000000   64.19649   216.20207              -170.931    114.394    4096
        637  5.30833333333   64.44178   216.36163              -170.994    113.575    4096
        638  5.31666666667   64.68704   216.52294              -171.065    115.631    4096
        639  5.32500000000   64.93225   216.68608              -171.114    113.328    4096
        640  5.33333333333   65.17741   216.85106              -171.173    114.251    4096
        641  5.34166666667   65.42252   217.01796              -171.176    110.311    4096
        642  5.35000000000   65.66759   217.18680              -171.246    114.403    4096
        643  5.35833333333   65.91260   217.35765              -171.315    115.222    4096
        644  5.36666666667   66.15754   217.53055              -171.386    112.205    4096
        645  5.37500000000   66.40243   217.70557              -171.414    108.712    4096
        646  5.38333333333   66.64725   217.88275              -171.454    104.876    4096
        647  5.39166666667   66.89200   218.06217              -171.495    113.023    4096
        648  5.40000000000   67.13668   218.24387              -171.542    110.977    4096
        649  5.40833333333   67.38127   218.42793              -171.574    114.660    4096
        650  5.41666666667   67.62579   218.61441              -171.656    111.015    4096
        651  5.42500000000   67.87022   218.80339              -171.740    112.909    4096
        652  5.43333333333   68.11456   218.99493              -171.759    112.348    4096
        653  5.44166666667   68.35881   219.18912              -171.780    113.842    4096
        654  5.45000000000   68.60296   219.38603              -171.821    110.415    4096
        655  5.45833333333   68.84701   219.58575              -171.872  -2327.053    4096
        656  5.46666666667   69.09095   219.78837              -171.951    113.994    4096
        657  5.47500000000   69.33477   219.99397              -171.992    113.842    4096
        658  5.48333333333   69.57848   220.20266              -172.034    113.737    4096
        659  5.49166666667   69.82207   220.41452              -172.060    117.934    4096
        660  5.50000000000   70.06553   220.62968              -172.156    117.116    4096
        661  5.50833333333   70.30886   220.84824              -172.241    109.902    4096
        662  5.51666666667   70.55205   221.07031              -172.292    113.728    4096
        663  5.52500000000   70.79509   221.29601              -172.341    112.757    4096
        664  5.53333333333   71.03799   221.52547              -172.372    116.040    4096
        665  5.54166666667   71.28073   221.75883              -172.416  -2324.083    4096
        666  5.55000000000   71.52330   221.99623              -172.445    112.053    4096
        667  5.55833333333   71.76571   222.23781              -172.484    114.556    4096
        668  5.56666666667   72.00794   222.48372              -172.512    113.166    4096
        669  5.57500000000   72.24999   222.73414              -172.542    116.592    4096
        670  5.58333333333   72.49184   222.98922              -172.591    112.091    4096
        671  5.59166666667   72.73350   223.24916              -172.603    115.070    4096
        672  5.60000000000   72.97496   223.51414              -172.658    113.318    4096
        673  5.60833333333   73.21619   223.78437             18868.242  -2325.568    4096
        674  5.61666666667   73.45721   224.06005              -172.739    113.842    4096
        675  5.62500000000   73.69799   224.34141              -172.787    114.546    4096
        676  5.63333333333   73.93853   224.62869              -172.829    110.454    4096
        677  5.64166666667   74.17881   224.92214              -172.875  -2323.636    4096
        678  5.65000000000   74.41884   225.22202              -172.930    111.539    4096
        679  5.65833333333   74.65858   225.52861              -172.957    109.083    4096
        680  5.66666666667   74.89805   225.84222              -172.986    107.750    4096
        681  5.67500000000   75.13721   226.16316              -173.016    110.454    4096
        682  5.68333333333   75.37606   226.49176              -173.063    110.863    4096
        683  5.69166666667   75.61459   226.82838              -173.119    113.023    4096
        684  5.70000000000   75.85278   227.17341              -173.163    111.938    4096
        685  5.70833333333   76.09061   227.52723              -173.231    111.643    4096
        686  5.71666666667   76.32807   227.89029              -173.248    112.100    4096
        687  5.72500000000   76.56515   228.26305              -173.313    113.985    4096
        688  5.73333333333   76.80181   228.64599              -173.338    114.660    4096
        689  5.74166666667   77.03805   229.03963              -173.392    107.598    4096
        690  5.75000000000   77.27384   229.44453              -173.433    108.674    4096
        691  5.75833333333   77.50917   229.86129              -173.475    110.311    4096
        692  5.76666666667   77.74400   230.29056              -173.528    110.054    4096
        693  5.77500000000   77.97831   230.73301              -173.580    109.902    4096
        694  5.78333333333   78.21207   231.18938              -173.659    111.948    4096
        695  5.79166666667   78.44526   231.66046              -173.707    110.615    4096
        696  5.80000000000   78.67785   232.14711              -173.735    111.681    4096
        697  5.80833333333   78.90979   232.65023              -173.797    108.826    4096
        698  5.81666666667   79.14106   233.17081              -173.836    104.210    4096
        699  5.82500000000   79.37162   233.70992              -173.884    105.295    4096
        700  5.83333333333   79.60141   234.26870              -173.941    111.120    4096
        701  5.84166666667   79.83041   234.84839              -173.961    104.591    4096
        702  5.85000000000   80.05855   235.45032              -174.034    107.855    4096
        703  5.85833333333   80.28578   236.07596              -174.097    108.978    4096
        704  5.86666666667   80.51205   236.72688              -174.113    108.150    4096
        705  5.87500000000   80.73729   237.40477              -174.151    108.826    4096
        706  5.88333333333   80.96143   238.11149              -174.167    108.521    4096
        707  5.89166666667   81.18439   238.84906              -174.197    104.058    4096
        708  5.90000000000   81.40609   239.61966              -174.251    108.379    4096
        709  5.90833333333   81.62644   240.42568              -174.248    109.645    4096
        710  5.91666666667   81.84534   241.26971              -174.280    109.492    4096
        711  5.92500000000   82.06267   242.15457              -174.296    105.409    4096
        712  5.93333333333   82.27832   243.08335              -174.316    108.264    4096
        713  5.94166666667   82.49215   244.05941              -174.357    111.834    4096
        714  5.95000000000   82.70401   245.08640              -174.367    112.357    4096
        715  5.95833333333   82.91373   246.16833              -174.419    106.780    4096
        716  5.96666666667   83.12113   247.30952              -174.442    104.581    4096
        717  5.97500000000   83.32601   248.51470            -15011.551    107.446    4096
        718  5.98333333333   83.52813   249.78901              -174.487    105.143    4096
        719  5.99166666667   83.72725   251.13798              -174.496    110.311    4096
        720  6.00000000000   83.92309   252.56764              -174.517    107.189    4096
        721  6.00833333333   84.11533   254.08438              -174.544    107.560    4096
        722  6.01666666667   84.30362   255.69513              -174.592    104.181    4096
        723  6.02500000000   84.48758   257.40716              -174.609    103.506    4096
        724  6.03333333333   84.66678   259.22816              -174.624    104.990    4096
        725  6.04166666667   84.84073   261.16605              -174.666    106.075    4096
        726  6.05000000000   85.00890   263.22895              -174.677    107.969    4096
        727  6.05833333333   85.17072   265.42490              -174.672    107.855    4096
        728  6.06666666667   85.32555   267.76167              -174.714    111.386    4096
        729  6.07500000000   85.47268   270.24636              -174.698    110.872    4096
        730  6.08333333333   85.61137   272.88503              -174.734    108.560    4096
        731  6.09166666667   85.74081   275.68208              -174.793    110.720    4096
        732  6.10000000000   85.86018   278.63972              -174.790    103.915    4096
        733  6.10833333333   85.96858   281.75723              -174.813    106.665    4096
        734  6.11666666667   86.06516   285.03030              -174.809    106.370    4096
        735  6.12500000000   86.14903   288.45034              -174.822    108.264    4096
        736  6.13333333333   86.21940   292.00409              -174.844  -2326.234    4096
        737  6.14166666667   86.27552   295.67333              -174.864    107.037    4096
        738  6.15000000000   86.31676   299.43511              -174.902    107.179    4096
        739  6.15833333333   86.34267   303.26226              -174.890    108.778    4096
        740  6.16666666667   86.35293   307.12451              -174.899    103.391    4096
        741  6.17500000000   86.34746   310.98981              -174.909    106.066    4096
        742  6.18333333333   86.32636   314.82599              -174.920    106.066    4096
        743  6.19166666667   86.28991   318.60233              -174.919    109.235    4096
        744  6.20000000000   86.23861   322.29105              -174.941    106.475    4096
        745  6.20833333333   86.17308   325.86840              -174.978    105.847    4096
        746  6.21666666667   86.09406   329.31531              -174.979    106.104    4096
        747  6.22500000000   86.00239   332.61763              -174.970    107.893    4096
        748  6.23333333333   85.89895   335.76602              -174.991    106.665    4096
        749  6.24166666667   85.78462   338.75543              -175.019    110.311    4096
        750  6.25000000000   85.66031   341.58457              -175.052    108.674    4096
        751  6.25833333333   85.52687   344.25518              -175.059    109.635    4096
        752  6.26666666667   85.38512   346.77133              -175.070  -2328.690    4096
        753  6.27500000000   85.23583   349.13883              -175.117  -2329.765    4096
        754  6.28333333333   85.07972   351.36463              -175.103    100.231    4096
        755  6.29166666667   84.91743   353.45640             18865.823  -2334.791    4096
        756  6.30000000000   84.74957   355.42218              -175.109  -2329.470    4096
        757  6.30833333333   84.57668   357.27005              -175.136    113.176    4096
        758  6.31666666667   84.39925   359.00802              -175.162    110.863    4096
        759  6.32500000000   84.21771     0.64379              -175.122    110.301    4096
        760  6.33333333333   84.03248     2.18475              -175.125    107.332    4096
        761  6.34166666667   83.84389     3.63784              -175.146    109.121    4096
        762  6.35000000000   83.65228     5.00959              -175.187    110.168    4096
        763  6.35833333333   83.45794     6.30607              -175.178    107.712    4096
        764  6.36666666667   83.26111     7.53291              -175.190    106.370    4096
        765  6.37500000000   83.06203     8.69531              -175.201    106.932    4096
        766  6.38333333333   82.86091     9.79805              -175.202    110.872    4096
        767  6.39166666667   82.65794    10.84556              -175.202    108.674    4096
        768  6.40000000000   82.45328    11.84188              -175.196    107.893    4096
        769  6.40833333333   82.24709    12.79073              -175.215    108.150    4096
        770  6.41666666667   82.03951    13.69551              -175.211    114.146    4096
        771  6.42500000000   81.83065    14.55935              -175.227    113.585    4096
        772  6.43333333333   81.62064    15.38513              -175.244    109.492    4096
        773  6.44166666667   81.40957    16.17547              -175.238    106.922    4096
        774  6.45000000000   81.19754    16.93280              -175.239    105.809    4096
        775  6.45833333333   80.98463    17.65934              -175.240    105.000    4096
        776  6.46666666667   80.77092    18.35713              -175.231    109.340    4096
        777  6.47500000000   80.55648    19.02804              -175.276    112.652    4096
        778  6.48333333333   80.34137    19.67382              -175.261    108.264    4096
        779  6.49166666667   80.12566    20.29605              -175.245    110.454    4096
        780  6.50000000000   79.90939    20.89620              -175.251    111.539    4096
        781  6.50833333333   79.69262    21.47564              -175.260    110.568    4096
        782  6.51666666667   79.47540    22.03562              -175.254    110.863    4096
        783  6.52500000000   79.25776    22.57730              -175.255    112.100    4096
        784  6.53333333333   79.03975    23.10176              -175.270    113.280    4096
        785  6.54166666667   78.82139    23.60999              -175.252    109.083    4096
        786  6.55000000000   78.60274    24.10294              -175.271    107.598    4096
        787  6.55833333333   78.38380    24.58144              -175.261    103.915    4096
        788  6.56666666667   78.16462    25.04631              -175.275    108.521    4096
        789  6.57500000000   77.94523    25.49829              -175.260    108.007    4096
        790  6.58333333333   77.72563    25.93808              -175.245    107.446    4096
        791  6.59166666667   77.50587    26.36632              -175.225    107.189    4096
        792  6.60000000000   77.28596    26.78361              -175.224    109.235    4096
        793  6.60833333333   77.06592    27.19052              -175.207    108.560    4096
        794  6.61666666667   76.84576    27.58759              -175.229    109.902    4096
        795  6.62500000000   76.62552    27.97530              -175.202    109.226    4096
        796  6.63333333333   76.40520    28.35412              -175.209    107.969    4096
        797  6.64166666667   76.18482    28.72448              -175.219    105.438    4096
        798  6.65000000000   75.96439    29.08679              -175.234    107.750    4096
        799  6.65833333333   75.74393    29.44143              -175.250    109.530    4096
        800  6.66666666667   75.52345    29.78878              -175.231    113.461    4096
        801  6.67500000000   75.30297    30.12915              -175.215    106.770    4096
        802  6.68333333333   75.08249    30.46288              -175.221    107.703    4096
        803  6.69166666667   74.86203    30.79026              -175.205    113.728    4096
        804  6.70000000000   74.64159    31.11158              -175.231    110.206    4096
        805  6.70833333333   74.42119    31.42711              -175.242    108.160    4096
        806  6.71666666667   74.20083    31.73710              -175.235    112.766    4096
        807  6.72500000000   73.98052    32.04179              -175.237    109.902    4096
        808  6.73333333333   73.76028    32.34140              -175.218    106.932    4096
        809  6.74166666667   73.54011    32.63615              -175.226    108.160    4096
        810  6.75000000000   73.32001    32.92624              -175.238    105.143    4096
        811  6.75833333333   73.10000    33.21187              -175.227    109.388    4096
        812  6.76666666667   72.88008    33.49321              -175.227    109.645    4096
        813  6.77500000000   72.66026    33.77044             18865.721    112.205    4096
        814  6.78333333333   72.44054    34.04373              -175.214    111.948    4096
        815  6.79166666667   72.22092    34.31323              -175.217    110.720    4096
        816  6.80000000000   72.00143    34.57909              -175.212    114.242    4096
        817  6.80833333333   71.78205    34.84144              -175.196    113.575    4096
        818  6.81666666667   71.56280    35.10043              -175.176    109.340    4096
        819  6.82500000000   71.34368    35.35618              -175.159  -2327.015    4096
        820  6.83333333333   71.12469    35.60882              -175.198    110.454    4096
        821  6.84166666667   70.90584    35.85846              -175.217    112.053    4096
        822  6.85000000000   70.68714    36.10520              -175.222    109.606    4096
        823  6.85833333333   70.46858    36.34917              -175.221    106.075    4096
        824  6.86666666667   70.25017    36.59045              -175.233    106.256    4096
        825  6.87500000000   70.03192    36.82915             18865.707    107.294    4096
        826  6.88333333333   69.81382    37.06535              -175.195    105.400    4096
        827  6.89166666667   69.59589    37.29915              -175.187    113.176    4096
        828  6.90000000000   69.37812    37.53063              -175.173    109.083    4096
        829  6.90833333333   69.16052    37.75986              -175.105    107.855    4096
        830  6.91666666667   68.94309    37.98693              -175.097    109.787    4096
        831  6.92500000000   68.72583    38.21192              -175.088    110.711    4096
        832  6.93333333333   68.50875    38.43488              -175.076    109.787    4096
        833  6.94166666667   68.29185    38.65590              -175.058    114.660    4096
        834  6.95000000000   68.07514    38.87503              -175.000    112.909    4096
        835  6.95833333333   67.85860    39.09234              -174.993    109.235    4096
        836  6.96666666667   67.64225    39.30788              -174.963    112.205    4096
        837  6.97500000000   67.42610    39.52172              -174.919    111.167    4096
        838  6.98333333333   67.21013    39.73391              -174.883    107.855    4096
        839  6.99166666667   66.99436    39.94450              -174.865    107.037    4096
        840  7.00000000000   66.77878    40.15355              -174.820    106.075    4096
        841  7.00833333333   66.56340    40.36110              -174.785    107.037    4096
        842  7.01666666667   66.34822    40.56720              -174.746    109.787    4096
        843  7.02500000000   66.13324    40.77190              -174.685    108.826    4096
        844  7.03333333333   65.91846    40.97524              -174.635    107.598    4096
        845  7.04166666667   65.70389    41.17726              -174.593    107.712    4096
        846  7.05000000000   65.48952    41.37800              -174.570    111.577    4096
        847  7.05833333333   65.27536    41.57751              -174.502    107.855    4096
        848  7.06666666667   65.06141    41.77581              -174.483    110.206    4096
        849  7.07500000000   64.84767    41.97295              -174.410    111.424    4096
        850  7.08333333333   64.63414    42.16896              -174.356    110.415    4096
        851  7.09166666667   64.42083    42.36388              -174.319    106.627    4096
        852  7.10000000000   64.20773    42.55773              -174.287    108.969    4096
        853  7.10833333333   63.99485    42.75056              -174.235    109.940    4096
        854  7.11666666667   63.78218    42.94238              -174.192    106.485    4096
        855  7.12500000000   63.56973    43.13323              -174.164    110.863    4096
        856  7.13333333333   63.35750    43.32313              -174.127    110.720    4096
        857  7.14166666667   63.14550    43.51212              -174.147    106.780    4096
        858  7.15000000000   62.93371    43.70022              -174.096    105.666    4096
        859  7.15833333333   62.72215    43.88746              -174.068    112.091    4096
        860  7.16666666667   62.51081    44.07385              -174.047    111.234    4096
        861  7.17500000000   62.29969    44.25943              -173.975    115.479    4096
        862  7.18333333333   62.08880    44.44422              -173.958    111.834    4096
        863  7.19166666667   61.87814    44.62824              -173.930    106.218    4096
        864  7.20000000000   61.66771    44.81151              -173.875    108.969    4096
        865  7.20833333333   61.45750    44.99406              -173.857    112.909    4096
        866  7.21666666667   61.24752    45.17589              -173.841  -2322.817    4096
        867  7.22500000000   61.03777    45.35704              -173.796    109.787    4096
        868  7.23333333333   60.82825    45.53752              -173.748    110.720    4096
        869  7.24166666667   60.61896    45.71735              -173.710    112.909    4096
        870  7.25000000000   60.40990    45.89655              -173.672    110.977    4096
        871  7.25833333333   60.20108    46.07513              -173.615    110.054    4096
        872  7.26666666667   59.99249    46.25311              -173.629    117.268    4096
        873  7.27500000000   59.78413    46.43051              -173.529    114.965    4096
        874  7.28333333333   59.57600    46.60735              -173.520    110.577    4096
        875  7.29166666667   59.36811    46.78364              -173.470    111.386    4096
        876  7.30000000000   59.16046    46.95938              -173.439    112.214    4096
        877  7.30833333333   58.95304    47.13461             18867.550    110.463    4096
        878  7.31666666667   58.74585    47.30933              -173.325    107.712    4096
        879  7.32500000000   58.53890    47.48356              -173.295    109.226    4096
        880  7.33333333333   58.33219    47.65730              -173.223    105.552    4096
        881  7.34166666667   58.12572    47.83058              -173.223    109.492    4096
        882  7.35000000000   57.91948    48.00340              -173.200    115.631    4096
        883  7.35833333333   57.71348    48.17578              -173.134    109.083    4096
        884  7.36666666667   57.50772    48.34772              -173.090    109.340    4096
        885  7.37500000000   57.30219    48.51925              -173.096    113.842    4096
        886  7.38333333333   57.09691    48.69036              -173.072    112.881    4096
        887  7.39166666667   56.89186    48.86108              -173.042    109.902    4096
        888  7.40000000000   56.68706    49.03140              -173.034    110.044    4096
        889  7.40833333333   56.48249    49.20135              -173.003    108.417    4096
        890  7.41666666667   56.27816    49.37093              -172.971    109.378    4096
        891  7.42500000000   56.07407    49.54015              -172.944    113.318    4096
        892  7.43333333333   55.87022    49.70903              -172.906    109.902    4096
        893  7.44166666667   55.66662    49.87756              -172.860    107.893    4096
        894  7.45000000000   55.46325    50.04576              -172.847    109.749    4096
        895  7.45833333333   55.26012    50.21363              -172.803    112.871    4096
        896  7.46666666667   55.05723    50.38120              -172.764    112.614    4096
        897  7.47500000000   54.85459    50.54845              -172.746    111.539    4096
        898  7.48333333333   54.65218    50.71541              -172.722    110.158    4096
        899  7.49166666667   54.45001    50.88207              -172.681    107.294    4096
        900  7.50000000000   54.24809    51.04845              -172.642  -2325.121    4096
        901  7.50833333333   54.04641    51.21456              -172.602    106.218    4096
        902  7.51666666667   53.84496    51.38039              -172.567    110.720    4096
        903  7.52500000000   53.64376    51.54597              -172.500  -2331.145    4096
        904  7.53333333333   53.44280    51.71129              -172.474    107.075    4096
        905  7.54166666667   53.24208    51.87635              -172.392    107.189    4096
        906  7.55000000000   53.04160    52.04118              -172.345    106.370    4096
        907  7.55833333333   52.84136    52.20577              -172.316    105.247    4096
        908  7.56666666667   52.64136    52.37013              -172.324    110.415    4096
        909  7.57500000000   52.44160    52.53426              -172.244    105.695    4096
        910  7.58333333333   52.24208    52.69818              -172.220    110.463    4096
        911  7.59166666667   52.04280    52.86188              -172.118    109.645    4096
        912  7.60000000000   51.84377    53.02537              -172.083    115.108    4096
        913  7.60833333333   51.64497    53.18867              -172.035    117.525    4096
        914  7.61666666667   51.44641    53.35176              -171.970    112.624    4096
        915  7.62500000000   51.24810    53.51466              -171.915    113.318    4096
        916  7.63333333333   51.05002    53.67737              -171.900    110.311    4096
        917  7.64166666667   50.85218    53.83991              -171.809    110.863    4096
        918  7.65000000000   50.65458    54.00226              -171.744    116.440    4096
        919  7.65833333333   50.45722    54.16444              -171.672    112.766    4096
        920  7.66666666667   50.26010    54.32645              -171.590    116.183    4096
        921  7.67500000000   50.06322    54.48829              -171.510    115.365    4096
        922  7.68333333333   49.86658    54.64998              -171.471    116.440    4096
        923  7.69166666667   49.67017    54.81151              -171.381    114.403    4096
        924  7.70000000000   49.47400    54.97288             18869.616    112.766    4096
        925  7.70833333333   49.27808    55.13411              -171.266    105.961    4096
        926  7.71666666667   49.08238    55.29519              -171.152    106.370    4096
        927  7.72500000000   48.88693    55.45613              -171.121    113.728    4096
        928  7.73333333333   48.69171    55.61693              -171.011    109.787    4096
        929  7.74166666667   48.49673    55.77760              -170.971    109.635    4096
        930  7.75000000000   48.30199    55.93814              -170.900    109.749    4096
        931  7.75833333333   48.10748    56.09855              -170.791    109.388    4096
        932  7.76666666667   47.91321    56.25884              -170.721    110.977    4096
        933  7.77500000000   47.71917    56.41900              -170.631    113.061    4096
        934  7.78333333333   47.52537    56.57905              -170.531    113.023    4096
        935  7.79166666667   47.33180    56.73898              -170.424    108.969    4096
        936  7.80000000000   47.13847    56.89880              -170.352    114.403    4096
        937  7.80833333333   46.94537    57.05851              -170.253    110.454    4096
        938  7.81666666667   46.75251    57.21812              -170.175    110.158    4096
        939  7.82500000000   46.55987    57.37762              -170.113    110.568    4096
        940  7.83333333333   46.36747    57.53702              -170.026    111.948    4096
        941  7.84166666667   46.17531    57.69632              -169.969    110.577    4096
        942  7.85000000000   45.98337    57.85553              -169.885    114.289    4096
        943  7.85833333333   45.79167    58.01464              -169.818    119.572    4096
        944  7.86666666667   45.60020    58.17366              -169.758    110.197    4096
        945  7.87500000000   45.40896    58.33259              -169.708    119.867    4096
        946  7.88333333333   45.21795    58.49144              -169.623    121.608    4096
        947  7.89166666667   45.02717    58.65020              -169.574  -2322.855    4096
        948  7.90000000000   44.83662    58.80888              -169.530    115.631    4096
        949  7.90833333333   44.64630    58.96748              -169.425    119.162    4096
        950  7.91666666667   44.45621    59.12600              -169.381    110.977    4096
        951  7.92500000000   44.26635    59.28444              -169.311    117.678    4096
        952  7.93333333333   44.07671    59.44281              -169.258    120.266    4096
        953  7.94166666667   43.88730    59.60111              -169.186    118.743    4096
        954  7.95000000000   43.69812    59.75934              -169.140    114.251    4096
        955  7.95833333333   43.50916    59.91750              -169.071    116.440    4096
        956  7.96666666667   43.32043    60.07559              -169.015    113.842    4096
        957  7.97500000000   43.13193    60.23362              -168.939    113.471    4096
        958  7.98333333333   42.94364    60.39158              -168.862    120.238    4096
        959  7.99166666667   42.75559    60.54948              -168.774    118.230    4096
        960  8.00000000000   42.56777    60.70726              -168.674    120.276    4096
        961  8.00833333333   42.38015    60.86510              -168.631    113.433    4096
        962  8.01666666667   42.19276    61.02282              -168.556    124.616    4096
        963  8.02500000000   42.00560    61.18049              -168.425    129.641    4096
        964  8.03333333333   41.81865    61.33810              -168.334    124.321    4096
        965  8.04166666667   41.63193    61.49566              -168.251    122.693    4096
        966  8.05000000000   41.44543    61.65317              -168.144    119.857    4096
        967  8.05833333333   41.25915    61.81062              -168.098    114.546    4096
        968  8.06666666667   41.07308    61.96803              -168.004    117.668    4096
        969  8.07500000000   40.88724    62.12539              -167.895    121.494    4096
        970  8.08333333333   40.70161    62.28270              -167.778    126.263    4096
        971  8.09166666667   40.51620    62.43996              -167.646    124.102    4096
        972  8.10000000000   40.33101    62.59718              -167.545    115.365    4096
        973  8.10833333333   40.14604    62.75436              -167.442    115.479    4096
        974  8.11666666667   39.96128    62.91149              -167.379    113.318    4096
        975  8.12500000000   39.77673    63.06858              -167.236    117.116    4096
        976  8.13333333333   39.59240    63.22563              -167.101    112.509    4096
        977  8.14166666667   39.40829    63.38264              -167.010    110.720    4096
        978  8.15000000000   39.22439    63.53961              -166.896    111.796    4096
        979  8.15833333333   39.04070    63.69654              -166.773    111.938    4096
        980  8.16666666667   38.85722    63.85343              -166.651    115.926    4096
        981  8.17500000000   38.67395    64.01029              -166.512    116.450    4096
        982  8.18333333333   38.49090    64.16711              -166.379    113.585    4096
        983  8.19166666667   38.30805    64.32389              -166.237    102.992    4096
        984  8.20000000000   38.12541    64.48064              -166.146    109.787    4096
        985  8.20833333333   37.94299    64.63736              -166.042    112.757    4096
        986  8.21666666667   37.76077    64.79404              -165.901    116.183    4096
        987  8.22500000000   37.57875    64.95070            -15002.876    118.896    4096
        988  8.23333333333   37.39695    65.10731              -165.686    116.440    4096
        989  8.24166666667   37.21535    65.26390              -165.526    117.268    4096
        990  8.25000000000   37.03396    65.42046              -165.452    118.077    4096
        991  8.25833333333   36.85277    65.57699              -165.281    113.699    4096
        992  8.26666666667   36.67178    65.73349              -165.196    107.484    4096
        993  8.27500000000   36.49100    65.88995              -165.085    107.703    4096
        994  8.28333333333   36.31042    66.04639              -164.995    119.267    4096
        995  8.29166666667   36.13005    66.20281              -164.831    136.751    4096
        996  8.30000000000   35.94987    66.35919              -164.655    121.351    4096
        997  8.30833333333   35.76990    66.51555              -164.537    116.849    4096
        998  8.31666666667   35.59012    66.67188              -164.456    122.988    4096
        999  8.32500000000   35.41055    66.82818              -164.291    126.662    4096
       1000  8.33333333333   35.23117    66.98446              -164.130    118.639    4096
       1001  8.34166666667   35.05199    67.14071              -164.098  -2316.269    4096
       1002  8.35000000000   34.87301    67.29693              -163.945    113.728    4096
       1003  8.35833333333   34.69422    67.45313              -163.868    101.726    4096
       1004  8.36666666667   34.51563    67.60931              -163.731    116.707    4096
       1005  8.37500000000   34.33724    67.76546              -163.622    112.614    4096
       1006  8.38333333333   34.15904    67.92159              -163.591    124.473    4096
       1007  8.39166666667   33.98103    68.07769              -163.403    116.040    4096
       1008  8.40000000000   33.80322    68.23377              -163.255    118.191    4096
       1009  8.40833333333   33.62559    68.38982              -163.148    125.701    4096
       1010  8.41666666667   33.44816    68.54585              -162.996    106.370    4096
       1011  8.42500000000   33.27092    68.70186              -162.869    117.002    4096
       1012  8.43333333333   33.09387    68.85784              -162.670    128.423    4096
       1013  8.44166666667   32.91701    69.01380              -162.518    121.608    4096
       1014  8.45000000000   32.74033    69.16974              -162.468    113.737    4096
       1015  8.45833333333   32.56385    69.32566              -162.300    119.010    4096
       1016  8.46666666667   32.38755    69.48155              -162.166    121.646    4096
       1017  8.47500000000   32.21143    69.63741              -162.038    116.592    4096
       1018  8.48333333333   32.03551    69.79326              -161.876    121.199    4096
       1019  8.49166666667   31.85976    69.94908              -161.710    117.154    4096
       1020  8.50000000000   31.68420    70.10488              -161.586  -2317.906    4096
       1021  8.50833333333   31.50882    70.26066              -161.419    112.091    4096
       1022  8.51666666667   31.33363    70.41641              -161.291    118.753    4096
       1023  8.52500000000   31.15862    70.57215              -161.103    126.110    4096
       1024  8.53333333333   30.98378    70.72786              -160.974    118.230    4096
       1025  8.54166666667   30.80913    70.88354              -160.755    114.394    4096
       1026  8.55000000000   30.63466    71.03920              -160.620    117.516    4096
       1027  8.55833333333   30.46036    71.19484              -160.459    122.018    4096
       1028  8.56666666667   30.28624    71.35046              -160.264    115.327    4096
       1029  8.57500000000   30.11230    71.50605              -160.112    118.191    4096
       1030  8.58333333333   29.93853    71.66162              -159.969    113.023    4096
       1031  8.59166666667   29.76494    71.81717              -159.798    118.077    4096
       1032  8.60000000000   29.59153    71.97269              -159.561    125.587    4096
       1033  8.60833333333   29.41829    72.12819              -159.425    121.237    4096
       1034  8.61666666667   29.24522    72.28367              -159.184    120.390    4096
       1035  8.62500000000   29.07232    72.43912              -159.051    122.427    4096
       1036  8.63333333333   28.89959    72.59455              -158.852    113.318    4096
       1037  8.64166666667   28.72704    72.74995              -158.595  -2319.581    4096
       1038  8.65000000000   28.55465    72.90533              -158.432    116.745    4096
       1039  8.65833333333   28.38243    73.06068              -158.236    119.419    4096
       1040  8.66666666667   28.21038    73.21601              -158.040    118.334    4096
       1041  8.67500000000   28.03850    73.37131              -157.813    119.267    4096
       1042  8.68333333333   27.86679    73.52658              -157.659    133.172    4096
       1043  8.69166666667   27.69524    73.68184              -157.415    134.438    4096
       1044  8.70000000000   27.52385    73.83706              -157.240    132.915    4096
       1045  8.70833333333   27.35263    73.99226              -157.012    131.431    4096
       1046  8.71666666667   27.18157    74.14743              -156.883    136.075    4096
       1047  8.72500000000   27.01068    74.30257              -156.721    133.772    4096
       1048  8.73333333333   26.83994    74.45769              -156.517  -2301.031    4096
       1049  8.74166666667   26.66937    74.61278              -156.382    137.827    4096
       1050  8.75000000000   26.49896    74.76784              -156.148    123.245    4096
       1051  8.75833333333   26.32871    74.92288              -155.976    126.662    4096
       1052  8.76666666667   26.15861    75.07788              -155.856  -2313.709    4096
       1053  8.77500000000   25.98867    75.23286              -155.678    125.844    4096
       1054  8.78333333333   25.81889    75.38780              -155.512    125.149    4096
       1055  8.79166666667   25.64927    75.54272              -155.277    135.780    4096
       1056  8.80000000000   25.47980    75.69761              -154.996    120.638    4096
       1057  8.80833333333   25.31048    75.85246              -154.825    108.369    4096
       1058  8.81666666667   25.14132    76.00729              -154.708    127.747    4096
       1059  8.82500000000   24.97231    76.16208              -154.457    125.958    4096
       1060  8.83333333333   24.80345    76.31685              -154.273    120.647    4096
       1061  8.84166666667   24.63475    76.47158              -154.050    124.073    4096
       1062  8.85000000000   24.46619    76.62627              -153.863    131.726    4096
       1063  8.85833333333   24.29779    76.78094              -153.695    131.535    4096
       1064  8.86666666667   24.12953    76.93557              -153.455  -2298.195    4096
       1065  8.87500000000   23.96142    77.09017              -153.228    112.500    4096
       1066  8.88333333333   23.79346    77.24473              -153.043    122.170    4096
       1067  8.89166666667   23.62564    77.39926              -152.799    125.958    4096
       1068  8.90000000000   23.45797    77.55376              -152.654    134.029    4096
       1069  8.90833333333   23.29044    77.70821              -152.319    137.151    4096
       1070  8.91666666667   23.12306    77.86264              -152.138    128.157    4096
       1071  8.92500000000   22.95582    78.01702              -151.903    134.848    4096
       1072  8.93333333333   22.78872    78.17137              -151.698    129.794    4096
       1073  8.94166666667   22.62177    78.32568              -151.355    129.527    4096
       1074  8.95000000000   22.45495    78.47995              -151.138    129.679    4096
       1075  8.95833333333   22.28827    78.63419              -150.899    127.605    4096
       1076  8.96666666667   22.12174    78.78838              -150.704    119.562    4096
       1077  8.97500000000   21.95534    78.94254              -150.397    129.242    4096
       1078  8.98333333333   21.78907    79.09665              -150.189    125.549    4096
       1079  8.99166666667   21.62295    79.25072              -149.964    133.886    4096
       1080  9.00000000000   21.45696    79.40476              -149.702    136.999    4096
       1081  9.00833333333   21.29110    79.55875              -149.439    127.890    4096
       1082  9.01666666667   21.12538    79.71269              -149.226    126.815    4096
       1083  9.02500000000   20.95979    79.86660              -148.987    141.510    4096
       1084  9.03333333333   20.79434    80.02046              -148.757    147.792    4096
       1085  9.04166666667   20.62901    80.17428              -148.456    138.226    4096
       1086  9.05000000000   20.46382    80.32805              -148.210    125.596    4096
       1087  9.05833333333   20.29876    80.48178              -147.947    149.124    4096
       1088  9.06666666667   20.13382    80.63546              -147.596    135.771    4096
       1089  9.07500000000   19.96902    80.78910              -147.431    139.197    4096
       1090  9.08333333333   19.80434    80.94268              -147.148    147.744    4096
       1091  9.09166666667   19.63979    81.09622              -146.833    139.978    4096
       1092  9.10000000000   19.47536    81.24971              -146.606    140.130    4096
       1093  9.10833333333   19.31106    81.40316              -146.352    139.197    4096
       1094  9.11666666667   19.14688    81.55655              -146.079    128.975    4096
       1095  9.12500000000   18.98283    81.70989              -145.890    127.747    4096
       1096  9.13333333333   18.81890    81.86319              -145.620    132.773    4096
       1097  9.14166666667   18.65509    82.01643              -145.400    126.263    4096
       1098  9.15000000000   18.49140    82.16962              -144.941    146.145    4096
       1099  9.15833333333   18.32783    82.32275              -144.788    139.045    4096
       1100  9.16666666667   18.16439    82.47583              -144.563    131.840    4096
       1101  9.17500000000   18.00106    82.62886              -144.361    136.856    4096
       1102  9.18333333333   17.83785    82.78184              -144.140    135.923    4096
       1103  9.19166666667   17.67475    82.93475              -143.819    139.863    4096
       1104  9.20000000000   17.51177    83.08762              -143.620    135.114    4096
       1105  9.20833333333   17.34891    83.24042              -143.291    143.813    4096
       1106  9.21666666667   17.18616    83.39317              -143.082    125.187    4096
       1107  9.22500000000   17.02353    83.54586              -142.902    150.247    4096
       1108  9.23333333333   16.86101    83.69849              -142.635    144.365    4096
       1109  9.24166666667   16.69860    83.85106              -142.342    133.620    4096
       1110  9.25000000000   16.53630    84.00357              -142.102    137.969    4096
       1111  9.25833333333   16.37411    84.15602              -141.905    136.332    4096
       1112  9.26666666667   16.21204    84.30841              -141.570    147.487    4096
       1113  9.27500000000   16.05007    84.46074              -141.320    141.767    4096
       1114  9.28333333333   15.88821    84.61300              -141.072    137.151    4096
       1115  9.29166666667   15.72646    84.76520              -140.664    138.236    4096
       1116  9.30000000000   15.56481    84.91734              -140.493  -2322.817    4096
       1117  9.30833333333   15.40328    85.06941              -140.258    145.745    4096
       1118  9.31666666667   15.24184    85.22141              -139.920    151.313    4096
       1119  9.32500000000   15.08051    85.37335              -139.593    149.267    4096
       1120  9.33333333333   14.91929    85.52522             18901.610  -2297.091    4096
       1121  9.34166666667   14.75816    85.67702              -139.023    134.962    4096
       1122  9.35000000000   14.59714    85.82875              -138.794    135.514    4096
       1123  9.35833333333   14.43622    85.98042              -138.438    149.572    4096
       1124  9.36666666667   14.27541    86.13201              -138.160    140.387    4096
       1125  9.37500000000   14.11469    86.28353              -137.912    146.002    4096
       1126  9.38333333333   13.95407    86.43498              -137.651    140.130    4096
       1127  9.39166666667   13.79355    86.58636              -137.291    120.685    4096
       1128  9.40000000000   13.63312    86.73766              -137.259    127.338    4097
       1129  9.40833333333   13.47279    86.88889                 0.000      0.000    5233
