# Created on 2022-09-13 07:27:31 
# Sources: obs\TPKL1681.22O, nav\TPKL1681.22G
# Satellite: R23 (k = 3.0)
# Interval: 30.0
# Sampling interval: 0.0 (not used).
# Site: TPKL
# Position (L, B, H): 78.5290569025, 42.4638637031, 1886.01891334
# Position (X, Y, Z): 937429.6846, 4619604.6444, 4285027.6573
# datetime format: %Y-%m-%dT%H:%M:%S
# Columns: tsn, hour, el, az, tec.l1l2, tec.p1p2, validity
# (I11,1X,F14.11,1X,F10.5,1X,F11.5,1X,F21.3,1X,F10.3,1X,I7)
       1260 10.50000000000    5.69607   317.46054               -40.467      0.000      32
       1261 10.50833333333    5.90100   317.57339               -40.467      0.000      32
       1262 10.51666666667    6.10630   317.68567               -40.467      0.000      32
       1263 10.52500000000    6.31197   317.79737               -40.467      0.000      32
       1264 10.53333333333    6.51802   317.90848               -40.467      0.000      32
       1265 10.54166666667    6.72444   318.01902               -40.467      0.000      32
       1266 10.55000000000    6.93124   318.12899               -40.467      0.000      32
       1267 10.55833333333    7.13840   318.23837               -40.467      0.000      32
       1268 10.56666666667    7.34595   318.34718               -40.467      0.000      32
       1269 10.57500000000    7.55386   318.45540             -4139.216      0.000      32
       1270 10.58333333333    7.76215   318.56305              9994.595      0.000      32
       1271 10.59166666667    7.97082   318.67012              4805.225      0.000      32
       1272 10.60000000000    8.17986   318.77661              -464.615      0.000      32
       1273 10.60833333333    8.38927   318.88252             -5812.715      0.000      32
       1274 10.61666666667    8.59906   318.98786              8001.559      0.000      32
       1275 10.62500000000    8.80922   319.09261              2509.614      0.000      32
       1276 10.63333333333    9.01976   319.19678             -3048.826      0.000      32
       1277 10.64166666667    9.23067   319.30038             10568.657      0.000      32
       1278 10.65000000000    9.44196   319.40339              4891.269      0.000      32
       1279 10.65833333333    9.65363   319.50582              -839.706      0.000      32
       1280 10.66666666667    9.86568   319.60768             12615.229      0.000      32
       1281 10.67500000000   10.07810   319.70895              6788.314      0.000      32
       1282 10.68333333333   10.29090   319.80964               919.927      0.000      32
       1283 10.69166666667   10.50408   319.90974             -4985.761      0.000      32
       1284 10.70000000000   10.71764   320.00927              8311.392      0.000      32
       1285 10.70833333333   10.93158   320.10821              2342.397      0.000      32
       1286 10.71666666667   11.14590   320.20657             -3650.780      0.000      32
       1287 10.72500000000   11.36061   320.30435              9572.321      0.000      32
       1288 10.73333333333   11.57569   320.40154              3542.690      0.000      32
       1289 10.74166666667   11.79117   320.49814             -2498.750      0.000      32
       1290 10.75000000000   12.00702   320.59416             10689.277      0.000      32
       1291 10.75833333333   12.22326   320.68959              4636.619      0.000      32
       1292 10.76666666667   12.43989   320.78444             -1414.539      0.000      32
       1293 10.77500000000   12.65691   320.87870             11776.723      0.000      32
       1294 10.78333333333   12.87431   320.97237              5741.704      0.000      32
       1295 10.79166666667   13.09211   321.06545              -278.095      0.000      32
       1296 10.80000000000   13.31029   321.15795             12958.054      0.000      32
       1297 10.80833333333   13.52887   321.24985              6981.181      0.000      32
       1298 10.81666666667   13.74784   321.34116              1033.184      0.000      32
       1299 10.82500000000   13.96721   321.43187             -4882.276      0.000      32
       1300 10.83333333333   14.18698   321.52200              8476.229      0.000      32
       1301 10.84166666667   14.40714   321.61153              2641.296      0.000      32
       1302 10.85000000000   14.62770   321.70046             -3146.902      0.000      32
       1303 10.85833333333   14.84866   321.78880             10353.839      0.000      32
       1304 10.86666666667   15.07002   321.87654              4674.453      0.000      32
       1305 10.87500000000   15.29179   321.96368              -943.608      0.000      32
       1306 10.88333333333   15.51396   322.05022             -6494.637      0.000      32
       1307 10.89166666667   15.73654   322.13616              7261.165      0.000      32
       1308 10.90000000000   15.95952   322.22150              1857.378      0.000      32
       1309 10.90833333333   16.18292   322.30623             -3464.962      0.000      32
       1310 10.91666666667   16.40672   322.39036             10533.949      0.000      32
       1311 10.92500000000   16.63094   322.47388              5388.618      0.000      32
       1312 10.93333333333   16.85558   322.55679               338.375      0.000      32
       1313 10.94166666667   17.08063   322.63910             -4610.772      0.000      32
       1314 10.95000000000   17.30610   322.72079              9782.749      0.000      32
       1315 10.95833333333   17.53199   322.80187              5051.343      0.000      32
       1316 10.96666666667   17.75830   322.88234               436.022      0.000      32
       1317 10.97500000000   17.98504   322.96219             -4058.051      0.000      32
       1318 10.98333333333   18.21220   323.04142             10811.324      0.000      32
       1319 10.99166666667   18.43980   323.12003              6575.938      0.000      32
       1320 11.00000000000   18.66782   323.19802              2477.111      0.000      32
       1321 11.00833333333   18.88293   323.25775             -1478.673      0.000      32
       1322 11.01666666667   19.11189   323.33379             -5287.939      0.000      32
       1323 11.02500000000   19.34119   323.40909             10292.103      0.000      32
       1324 11.03333333333   19.57083   323.48363              6796.657      0.000      32
       1325 11.04166666667   19.80082   323.55743              3464.067      0.000      32
       1326 11.05000000000   20.03116   323.63046               298.111      0.000      32
       1327 11.05833333333   20.26184   323.70273             -2691.651      0.000      32
       1328 11.06666666667   20.49286   323.77424             -5501.407      0.000      32
       1329 11.07500000000   20.72424   323.84498             11110.509      0.000      32
       1330 11.08333333333   20.95596   323.91494              8678.759      0.000      32
       1331 11.09166666667   21.18803   323.98412              6441.546      0.000      32
       1332 11.10000000000   21.42045   324.05253              4407.134      0.000      32
       1333 11.10833333333   21.65321   324.12014              2579.733      0.000      32
       1334 11.11666666667   21.88633   324.18697               963.531      0.000      32
       1335 11.12500000000   22.11981   324.25300              -434.896      0.000      32
       1336 11.13333333333   22.35363   324.31823             -1606.227      0.000      32
       1337 11.14166666667   22.58781   324.38265             -2547.688      0.000      32
       1338 11.15000000000   22.82235   324.44627             -3254.611      0.000      32
       1339 11.15833333333   23.05724   324.50907             -3719.110      0.000      32
       1340 11.16666666667   23.29249   324.57105             -3938.565      0.000      32
       1341 11.17500000000   23.52809   324.63221             -3901.201      0.000      32
       1342 11.18333333333   23.76406   324.69253             -3606.134      0.000      32
       1343 11.19166666667   24.00038   324.75202             -3045.147      0.000      32
       1344 11.20000000000   24.23707   324.81068             -2213.953      0.000      32
       1345 11.20833333333   24.47412   324.86848             -1104.747      0.000      32
       1346 11.21666666667   24.71153   324.92543               286.361      0.000      32
       1347 11.22500000000   24.94931   324.98153              1966.416      0.000      32
       1348 11.23333333333   25.18745   325.03676              3940.968      0.000      32
       1349 11.24166666667   25.42596   325.09112              6216.783      0.000      32
       1350 11.25000000000   25.66484   325.14460              8799.051      0.000      32
       1351 11.25833333333   25.90409   325.19720             11694.123      0.000      32
       1352 11.26666666667   26.14371   325.24892             -4329.477      0.000      32
       1353 11.27500000000   26.38370   325.29973              -792.221      0.000      32
       1354 11.28333333333   26.62407   325.34965              3079.069      0.000      32
       1355 11.29166666667   26.86481   325.39865              7286.349      0.000      32
       1356 11.30000000000   27.10592   325.44674             11836.980      0.000      32
       1357 11.30833333333   27.34742   325.49391             -2499.041      0.000      32
       1358 11.31666666667   27.58929   325.54014              2758.924      0.000      32
       1359 11.32500000000   27.83154   325.58544              8376.044      0.000      32
       1360 11.33333333333   28.07417   325.62979             -4873.808      0.000      32
       1361 11.34166666667   28.31718   325.67318              1489.716      0.000      32
       1362 11.35000000000   28.56058   325.71562              8232.525      0.000      32
       1363 11.35833333333   28.80436   325.75708             -3875.361      0.000      32
       1364 11.36666666667   29.04853   325.79756              3648.679      0.000      32
       1365 11.37500000000   29.29308   325.83706             11570.076      0.000      32
       1366 11.38333333333   29.53802   325.87556               663.536      0.000      32
       1367 11.39166666667   29.78335   325.91306              9405.561      0.000      32
       1368 11.40000000000   30.02907   325.94954              -668.094      0.000      32
       1369 11.40833333333   30.27519   325.98499              8919.144      0.000      32
       1370 11.41666666667   30.52169   326.01942              -295.445      0.000      32
       1371 11.42500000000   30.76859   326.05280             10163.622      0.000      32
       1372 11.43333333333   31.01589   326.08513              1831.104      0.000      32
       1373 11.44166666667   31.26358   326.11639             -6048.511      0.000      32
       1374 11.45000000000   31.51167   326.14658              5768.492      0.000      32
       1375 11.45833333333   31.76016   326.17568             -1186.392      0.000      32
       1376 11.46666666667   32.00904   326.20369             11564.997      0.000      32
       1377 11.47500000000   32.25833   326.23059              5558.225      0.000      32
       1378 11.48333333333   32.50802   326.25638                35.693      0.000      32
       1379 11.49166666667   32.75811   326.28103             -4995.144      0.000      32
       1380 11.50000000000   33.00861   326.30454              9709.700      0.000      32
       1381 11.50833333333   33.23574   326.32173              5682.344      0.000      32
       1382 11.51666666667   33.48686   326.34224              2166.928      0.000      32
       1383 11.52500000000   33.73822   326.36153              -830.093      0.000      32
       1384 11.53333333333   33.98982   326.37958             -3301.385      0.000      32
       1385 11.54166666667   34.24166   326.39640             -5240.959      0.000      32
       1386 11.55000000000   34.49375   326.41196             -6642.015      0.000      32
       1387 11.55833333333   34.74608   326.42624             -7496.986      0.000      32
       1388 11.56666666667   34.99865   326.43924             -7799.568      0.000      32
       1389 11.57500000000   35.25146   326.45094             -7542.964      0.000      32
       1390 11.58333333333   35.50451   326.46132             12516.594      0.000      32
       1391 11.59166666667   35.75780   326.47036             -5324.690      0.000      32
       1392 11.60000000000   36.01133   326.47806             -3349.034      0.000      32
       1393 11.60833333333   36.26509   326.48438              -786.409      0.000      32
       1394 11.61666666667   36.51910   326.48933              2369.633      0.000      32
       1395 11.62500000000   36.77334   326.49287              6126.749      0.000      32
       1396 11.63333333333   37.02782   326.49500             10490.342      0.000      32
       1397 11.64166666667   37.28253   326.49569             -3767.719      0.000      32
       1398 11.65000000000   37.53748   326.49492              1832.776      0.000      32
       1399 11.65833333333   37.79265   326.49268              8061.196      0.000      32
       1400 11.66666666667   38.04807   326.48894             -4312.087      0.000      32
       1401 11.67500000000   38.30371   326.48369              3193.742      0.000      32
       1402 11.68333333333   38.55958   326.47691             11349.492      0.000      32
       1403 11.69166666667   38.81568   326.46858               924.811      0.000      32
       1404 11.70000000000   39.07200   326.45867             10399.988      0.000      32
       1405 11.70833333333   39.32855   326.44716              1309.089      0.000      32
       1406 11.71666666667   39.58533   326.43403             -7104.032      0.000      32
       1407 11.72500000000   39.84233   326.41926              4404.442      0.000      32
       1408 11.73333333333   40.09954   326.40283             -2631.429      0.000      32
       1409 11.74166666667   40.35698   326.38471             10267.249      0.000      32
       1410 11.75000000000   40.61463   326.36487              4635.120      0.000      32
       1411 11.75833333333   40.87250   326.34330              -284.415      0.000      32
       1412 11.76666666667   41.13058   326.31996             -4483.386      0.000      32
       1413 11.77500000000   41.38886   326.29484             -7955.497      0.000      32
       1414 11.78333333333   41.64736   326.26790              8542.509      0.000      32
       1415 11.79166666667   41.90606   326.23912              6544.842      0.000      32
       1416 11.80000000000   42.16496   326.20846              5295.771      0.000      32
       1417 11.80833333333   42.42407   326.17591              4801.971      0.000      32
       1418 11.81666666667   42.68337   326.14143              5071.518      0.000      32
       1419 11.82500000000   42.94286   326.10499              6110.984      0.000      32
       1420 11.83333333333   43.20254   326.06657              7926.854      0.000      32
       1421 11.84166666667   43.46241   326.02612             10526.497      0.000      32
       1422 11.85000000000   43.72247   325.98362             -5319.316      0.000      32
       1423 11.85833333333   43.98270   325.93904             -1130.565      0.000      32
       1424 11.86666666667   44.24311   325.89234              3864.179      0.000      32
       1425 11.87500000000   44.50369   325.84349              9671.029      0.000      32
       1426 11.88333333333   44.76444   325.79245             -2938.663      0.000      32
       1427 11.89166666667   45.02535   325.73919              4514.992      0.000      32
       1428 11.90000000000   45.28642   325.68366             12803.082      0.000      32
       1429 11.90833333333   45.54764   325.62584              2695.477      0.000      32
       1430 11.91666666667   45.80902   325.56568             -6564.156      0.000      32
       1431 11.92500000000   46.07053   325.50314              4269.197      0.000      32
       1432 11.93333333333   46.33219   325.43819             -3273.219      0.000      32
       1433 11.94166666667   46.59397   325.37078              9292.503      0.000      32
       1434 11.95000000000   46.85589   325.30086              3496.303      0.000      32
       1435 11.95833333333   47.11792   325.22840             -1416.256      0.000      32
       1436 11.96666666667   47.38007   325.15335             -5438.021      0.000      32
       1437 11.97500000000   47.64232   325.07566             10678.339      0.000      32
       1438 11.98333333333   47.90468   324.99528              8462.594      0.000      32
       1439 11.99166666667   48.16712   324.91218              7157.015      0.000      32
       1440 12.00000000000   48.42966   324.82629              6769.438      0.000      32
       1441 12.00833333333   48.66746   324.75552              7307.691      0.000      32
       1442 12.01666666667   48.92975   324.66348              8779.276      0.000      32
       1443 12.02500000000   49.19193   324.56861             -8045.643      0.000      32
       1444 12.03333333333   49.45400   324.47089             -4685.351      0.000      32
       1445 12.04166666667   49.71594   324.37025              -370.736      0.000      32
       1446 12.05000000000   49.97776   324.26663              4905.512      0.000      32
       1447 12.05833333333   50.23943   324.15999             11149.357      0.000      32
       1448 12.06666666667   50.50095   324.05026              -869.633      0.000      32
       1449 12.07500000000   50.76232   323.93740              7330.545      0.000      32
       1450 12.08333333333   51.02351   323.82133             -2716.769      0.000      32
       1451 12.09166666667   51.28453   323.70199              7469.146      0.000      32
       1452 12.10000000000   51.54535   323.57934              -579.296      0.000      32
       1453 12.10833333333   51.80597   323.45329             11618.853      0.000      32
       1454 12.11666666667   52.06638   323.32378              5597.855      0.000      32
       1455 12.12500000000   52.32656   323.19076               599.865      0.000      32
       1456 12.13333333333   52.58650   323.05414             -3366.723      0.000      32
       1457 12.14166666667   52.84619   322.91386             -6295.925      0.000      32
       1458 12.15000000000   53.10562   322.76985             11055.947      0.000      32
       1459 12.15833333333   53.36477   322.62202             10222.233      0.000      32
       1460 12.16666666667   53.62362   322.47031             10446.168      0.000      32
       1461 12.17500000000   53.88217   322.31464             11734.781      0.000      32
       1462 12.18333333333   54.14040   322.15492             -5142.009      0.000      32
       1463 12.19166666667   54.39828   321.99108             -1704.643      0.000      32
       1464 12.20000000000   54.65582   321.82304              2817.424      0.000      32
       1465 12.20833333333   54.91298   321.65069              8432.257      0.000      32
       1466 12.21666666667   55.16975   321.47397             -4091.804      0.000      32
       1467 12.22500000000   55.42611   321.29277              3725.274      0.000      32
       1468 12.23333333333   55.68205   321.10701             -6583.230      0.000      32
       1469 12.24166666667   55.93754   320.91658              3462.803      0.000      32
       1470 12.25000000000   56.19257   320.72140             -4602.945      0.000      32
       1471 12.25833333333   56.44711   320.52137              7698.231      0.000      32
       1472 12.26666666667   56.70115   320.31638              1899.674      0.000      32
       1473 12.27500000000   56.95465   320.10633             -2755.096      0.000      32
       1474 12.28333333333   57.20761   319.89111             -6259.813      0.000      32
       1475 12.29166666667   57.45999   319.67062             10629.109      0.000      32
       1476 12.30000000000   57.71176   319.44474              9444.491      0.000      32
       1477 12.30833333333   57.96292   319.21336              9429.269      0.000      32
       1478 12.31666666667   58.21342   318.97637             10589.704      0.000      32
       1479 12.32500000000   58.46324   318.73364             -6305.345      0.000      32
       1480 12.33333333333   58.71236   318.48505             -2775.632      0.000      32
       1481 12.34166666667   58.96074   318.23048              1948.001      0.000      32
       1482 12.35000000000   59.20836   317.96980              7871.612      0.000      32
       1483 12.35833333333   59.45518   317.70288             -4235.172      0.000      32
       1484 12.36666666667   59.70117   317.42959              4107.137      0.000      32
       1485 12.37500000000   59.94631   317.14979             -5568.203      0.000      32
       1486 12.38333333333   60.19055   316.86335              5217.506      0.000      32
       1487 12.39166666667   60.43386   316.57013             -2002.999      0.000      32
       1488 12.40000000000   60.67620   316.26998             -7987.762      0.000      32
       1489 12.40833333333   60.91754   315.96275              6506.608      0.000      32
       1490 12.41666666667   61.15784   315.64830              3012.073      0.000      32
       1491 12.42500000000   61.39706   315.32648               771.381      0.000      32
       1492 12.43333333333   61.63516   314.99713              -209.566      0.000      32
       1493 12.44166666667   61.87209   314.66009                75.057      0.000      32
       1494 12.45000000000   62.10781   314.31521              1630.996      0.000      32
       1495 12.45833333333   62.34228   313.96233              4462.993      0.000      32
       1496 12.46666666667   62.57545   313.60128              8578.107      0.000      32
       1497 12.47500000000   62.80726   313.23189             -5255.565      0.000      32
       1498 12.48333333333   63.03768   312.85400              1440.107      0.000      32
       1499 12.49166666667   63.26665   312.46745              9433.732      0.000      32
       1500 12.50000000000   63.49411   312.07205              -504.476      0.000      32
       1501 12.50833333333   63.71154   311.72923             10102.909      0.000      32
       1502 12.51666666667   63.93553   311.31603              2788.557      0.000      32
       1503 12.52500000000   64.15779   310.89390             -3206.878      0.000      32
       1504 12.53333333333   64.37829   310.46268             11360.324      0.000      32
       1505 12.54166666667   64.59696   310.02220              8021.050      0.000      32
       1506 12.55000000000   64.81374   309.57230              6016.595      0.000      32
       1507 12.55833333333   65.02857   309.11281              5352.332      0.000      32
       1508 12.56666666667   65.24140   308.64357              6033.568      0.000      32
       1509 12.57500000000   65.45216   308.16442             -6897.076      0.000      32
       1510 12.58333333333   65.66079   307.67518             -7786.024      0.000      32
       1511 12.59166666667   65.86722   307.17570             -3039.864      0.000      32
       1512 12.60000000000   66.07139   306.66582              3069.903      0.000      32
       1513 12.60833333333   66.27321   306.14539             10549.663      0.000      32
       1514 12.61666666667   66.47264   305.61425               167.078      0.000      32
       1515 12.62500000000   66.66958   305.07225             10398.171      0.000      32
       1516 12.63333333333   66.86397   304.51925              2776.399      0.000      32
       1517 12.64166666667   67.05573   303.95511             -3458.330      0.000      32
       1518 12.65000000000   67.24479   303.37969             10935.320      0.000      32
       1519 12.65833333333   67.43106   302.79288              7488.286      0.000      32
       1520 12.66666666667   67.61446   302.19455              5441.520      0.000      32
       1521 12.67500000000   67.79490   301.58460              4798.871      0.000      32
       1522 12.68333333333   67.97232   300.96291              5565.887      0.000      32
       1523 12.69166666667   68.14661   300.32941              7745.670      0.000      32
       1524 12.70000000000   68.31770   299.68401             11343.058      0.000      32
       1525 12.70833333333   68.48548   299.02665             -2875.863      0.000      32
       1526 12.71666666667   68.64988   298.35727              3566.908      0.000      32
       1527 12.72500000000   68.81081   297.67583             11438.247      0.000      32
       1528 12.73333333333   68.96816   296.98230              1504.496      0.000      32
       1529 12.74166666667   69.12185   296.27669             12243.157      0.000      32
       1530 12.75000000000   69.27178   295.55900              5184.537      0.000      32
       1531 12.75833333333   69.41786   294.82925              -431.149      0.000      32
       1532 12.76666666667   69.55999   294.08750             -4600.263      0.000      32
       1533 12.77500000000   69.69808   293.33381             -7319.605      0.000      32
       1534 12.78333333333   69.83203   292.56828             10651.073      0.000      32
       1535 12.79166666667   69.96175   291.79101             10841.639      0.000      32
       1536 12.80000000000   70.08714   291.00215             -6744.367      0.000      32
       1537 12.80833333333   70.20810   290.20185             -3631.154      0.000      32
       1538 12.81666666667   70.32454   289.39031               948.853      0.000      32
       1539 12.82500000000   70.43637   288.56773              6997.740      0.000      32
       1540 12.83333333333   70.54349   287.73435             -4717.344      0.000      32
       1541 12.84166666667   70.64582   286.89044              4278.694      0.000      32
       1542 12.85000000000   70.74326   286.03630             -4484.291      0.000      32
       1543 12.85833333333   70.83573   285.17225              7469.958      0.000      32
       1544 12.86666666667   70.92314   284.29863              1670.871      0.000      32
       1545 12.87500000000   71.00541   283.41582             -2641.985      0.000      32
       1546 12.88333333333   71.08246   282.52424             -5467.198      0.000      32
       1547 12.89166666667   71.15421   281.62430             -6802.323      0.000      32
       1548 12.90000000000   71.22060   280.71648             -6643.807      0.000      32
       1549 12.90833333333   71.28154   279.80125             -4990.278      0.000      32
       1550 12.91666666667   71.33698   278.87913             -1839.268      0.000      32
       1551 12.92500000000   71.38686   277.95064              2810.545      0.000      32
       1552 12.93333333333   71.43111   277.01635              8962.125      0.000      32
       1553 12.94166666667   71.46968   276.07683             -2619.790      0.000      32
       1554 12.95000000000   71.50254   275.13266              6540.025      0.000      32
       1555 12.95833333333   71.52963   274.18448             -2030.009      0.000      32
       1556 12.96666666667   71.55092   273.23289             10145.338      0.000      32
       1557 12.97500000000   71.56638   272.27854              4594.870      0.000      32
       1558 12.98333333333   71.57598   271.32209               555.405      0.000      32
       1559 12.99166666667   71.57971   270.36417             -1969.914      0.000      32
       1560 13.00000000000   71.57754   269.40547             -2980.796      0.000      32
       1561 13.00833333333   71.59799   268.49287             -2475.615      0.000      32
       1562 13.01666666667   71.58402   267.53382              -453.102      0.000      32
       1563 13.02500000000   71.56435   266.57623              3087.205      0.000      32
       1564 13.03333333333   71.53899   265.62074              8147.856      0.000      32
       1565 13.04166666667   71.50796   264.66795             -4507.088      0.000      32
       1566 13.05000000000   71.47128   263.71846              3595.748      0.000      32
       1567 13.05833333333   71.42899   262.77287             -6015.529      0.000      32
       1568 13.06666666667   71.38110   261.83174              5132.485      0.000      32
       1569 13.07500000000   71.32767   260.89565             -1432.571      0.000      32
       1570 13.08333333333   71.26873   259.96514             -6472.588      0.000      32
       1571 13.09166666667   71.20434   259.04072              9248.320      0.000      32
       1572 13.10000000000   71.13454   258.12291              7257.750      0.000      32
       1573 13.10833333333   71.05939   257.21217              6792.619      0.000      32
       1574 13.11666666667   70.97896   256.30898              7852.922      0.000      32
       1575 13.12500000000   70.89329   255.41377             10440.496      0.000      32
       1576 13.13333333333   70.80247   254.52694             -4682.943      0.000      32
       1577 13.14166666667   70.70655   253.64888               956.643      0.000      32
       1578 13.15000000000   70.60562   252.77994              8122.473      0.000      32
       1579 13.15833333333   70.49975   251.92048             -2422.437      0.000      32
       1580 13.16666666667   70.38901   251.07077              7795.204      0.000      32
       1581 13.17500000000   70.27348   250.23112               302.421      0.000      32
       1582 13.18333333333   70.15325   249.40178             -5665.714      0.000      32
       1583 13.19166666667   70.02840   248.58297              9128.618      0.000      32
       1584 13.20000000000   69.89901   247.77490              6210.369      0.000      32
       1585 13.20833333333   69.76516   246.97776              4814.379      0.000      32
       1586 13.21666666667   69.62695   246.19170              4941.592      0.000      32
       1587 13.22500000000   69.48446   245.41685              6591.861      0.000      32
       1588 13.23333333333   69.33778   244.65332              9763.086      0.000      32
       1589 13.24166666667   69.18699   243.90122             -4782.928      0.000      32
       1590 13.25000000000   69.03219   243.16060              1427.026      0.000      32
       1591 13.25833333333   68.87345   242.43152              9154.726      0.000      32
       1592 13.26666666667   68.71088   241.71401              -837.996      0.000      32
       1593 13.27500000000   68.54455   241.00809              9921.668      0.000      32
       1594 13.28333333333   68.37455   240.31376              2958.938      0.000      32
       1595 13.29166666667   68.20097   239.63098             -2492.437      0.000      32
       1596 13.30000000000   68.02389   238.95975             12804.552      0.000      32
       1597 13.30833333333   67.84340   238.30000             10376.140      0.000      32
       1598 13.31666666667   67.65958   237.65168              9456.161      0.000      32
       1599 13.32500000000   67.47252   237.01473             10041.554      0.000      32
       1600 13.33333333333   67.28229   236.38905             12130.963      0.000      32
       1601 13.34166666667   67.08898   235.77456             -3514.286      0.000      32
       1602 13.35000000000   66.89266   235.17116              1577.473      0.000      32
       1603 13.35833333333   66.69341   234.57874              8166.458      0.000      32
       1604 13.36666666667   66.49132   233.99718             -2984.549      0.000      32
       1605 13.37500000000   66.28644   233.42637              6594.020      0.000      32
       1606 13.38333333333   66.07887   232.86618             -1572.734      0.000      32
       1607 13.39166666667   65.86866   232.31646             -8250.697      0.000      32
       1608 13.40000000000   65.65590   231.77709              5794.938      0.000      32
       1609 13.40833333333   65.44064   231.24791              2087.259      0.000      32
       1610 13.41666666667   65.22297   230.72879              -139.216      0.000      32
       1611 13.42500000000   65.00294   230.21958              -886.800      0.000      32
       1612 13.43333333333   64.78061   229.72012              -158.593      0.000      32
       1613 13.44166666667   64.55607   229.23027              2042.043      0.000      32
       1614 13.45000000000   64.32936   228.74986              5712.109      0.000      32
       1615 13.45833333333   64.10055   228.27874             10849.309      0.000      32
       1616 13.46666666667   63.86969   227.81676             -1786.938      0.000      32
       1617 13.47500000000   63.63685   227.36376              6274.702      0.000      32
       1618 13.48333333333   63.40208   226.91958             -3442.589      0.000      32
       1619 13.49166666667   63.16544   226.48407              7530.738      0.000      32
       1620 13.50000000000   62.92698   226.05706               718.312      0.000      32
       1621 13.50833333333   62.71700   225.58003             -4647.513      0.000      32
       1622 13.51666666667   62.47494   225.16978             10666.697      0.000      32
       1623 13.52500000000   62.23140   224.76717              8185.036      0.000      32
       1624 13.53333333333   61.98644   224.37206              7138.287      0.000      32
       1625 13.54166666667   61.74010   223.98430              7524.690      0.000      32
       1626 13.55000000000   61.49242   223.60374              9339.347      0.000      32
       1627 13.55833333333   61.24344   223.23023             -6657.653      0.000      32
       1628 13.56666666667   60.99320   222.86362             -1997.412      0.000      32
       1629 13.57500000000   60.74173   222.50378              4079.253      0.000      32
       1630 13.58333333333   60.48907   222.15056             11568.812      0.000      32
       1631 13.59166666667   60.23526   221.80384              1229.360      0.000      32
       1632 13.60000000000   59.98033   221.46346             11531.750      0.000      32
       1633 13.60833333333   59.72432   221.12931              3996.540      0.000      32
       1634 13.61666666667   59.46726   220.80125             -2143.581      0.000      32
       1635 13.62500000000   59.20918   220.47915             -6892.971      0.000      32
       1636 13.63333333333   58.95011   220.16289              8980.629      0.000      32
       1637 13.64166666667   58.69009   219.85236              6998.914      0.000      32
       1638 13.65000000000   58.42913   219.54742              6394.611      0.000      32
       1639 13.65833333333   58.16728   219.24797              7162.215      0.000      32
       1640 13.66666666667   57.90456   218.95388              9296.811      0.000      32
       1641 13.67500000000   57.64100   218.66505             -6441.748      0.000      32
       1642 13.68333333333   57.37662   218.38137             -1585.911      0.000      32
       1643 13.69166666667   57.11145   218.10272              4622.051      0.000      32
       1644 13.70000000000   56.84551   217.82901             -7058.875      0.000      32
       1645 13.70833333333   56.57884   217.56014              1839.703      0.000      32
       1646 13.71666666667   56.31145   217.29599             -7161.317      0.000      32
       1647 13.72500000000   56.04336   217.03648              4406.689      0.000      32
       1648 13.73333333333   55.77461   216.78151             -1935.242      0.000      32
       1649 13.74166666667   55.50521   216.53098             -6956.312      0.000      32
       1650 13.75000000000   55.23518   216.28480              8575.024      0.000      32
       1651 13.75833333333   54.96455   216.04289              6180.345      0.000      32
       1652 13.76666666667   54.69334   215.80515              5091.480      0.000      32
       1653 13.77500000000   54.42156   215.57151              5301.999      0.000      32
       1654 13.78333333333   54.14924   215.34187              6806.080      0.000      32
       1655 13.79166666667   53.87640   215.11616              9598.318      0.000      32
       1656 13.80000000000   53.60305   214.89430             -5563.773      0.000      32
       1657 13.80833333333   53.32921   214.67620              -212.478      0.000      32
       1658 13.81666666667   53.05491   214.46180              6409.387      0.000      32
       1659 13.82500000000   52.78015   214.25102             -4941.175      0.000      32
       1660 13.83333333333   52.50496   214.04379              4203.323      0.000      32
       1661 13.84166666667   52.22936   213.84003             -4636.537      0.000      32
       1662 13.85000000000   51.95335   213.63968              7007.355      0.000      32
       1663 13.85833333333   51.67696   213.44268               655.177      0.000      32
       1664 13.86666666667   51.40020   213.24894             -4462.631      0.000      32
       1665 13.87500000000   51.12309   213.05842             10883.999      0.000      32
       1666 13.88333333333   50.84563   212.87104              8215.583      0.000      32
       1667 13.89166666667   50.56786   212.68675              6763.696      0.000      32
       1668 13.90000000000   50.28977   212.50549              6519.840      0.000      32
       1669 13.90833333333   50.01139   212.32720              7478.579      0.000      32
       1670 13.91666666667   49.73273   212.15181              9633.238      0.000      32
       1671 13.92500000000   49.45380   211.97929             -6259.278      0.000      32
       1672 13.93333333333   49.17462   211.80956             -1731.818      0.000      32
       1673 13.94166666667   48.89519   211.64258              3971.940      0.000      32
       1674 13.95000000000   48.61554   211.47830             10845.248      0.000      32
       1675 13.95833333333   48.33567   211.31667              -355.297      0.000      32
       1676 13.96666666667   48.05559   211.15763              8837.728      0.000      32
       1677 13.97500000000   47.77533   211.00114               -56.913      0.000      32
       1678 13.98333333333   47.49488   210.84715             11427.375      0.000      32
       1679 13.99166666667   47.21426   210.69561              4811.358      0.000      32
       1680 14.00000000000   46.93348   210.54648              -675.923      0.000      32
       1681 14.00833333333   46.67092   210.33640             -5041.234      0.000      32
       1682 14.01666666667   46.38982   210.19192             10945.483      0.000      32
       1683 14.02500000000   46.10871   210.04930              8803.154      0.000      32
       1684 14.03333333333   45.82759   209.90851              7761.803      0.000      32
       1685 14.04166666667   45.54648   209.76950              7814.498      0.000      32
       1686 14.05000000000   45.26539   209.63225              8953.533      0.000      32
       1687 14.05833333333   44.98431   209.49672             -8064.501      0.000      32
       1688 14.06666666667   44.70325   209.36288            -19736.050      0.000      32
       1689 14.07500000000   44.42222   209.23070              -418.277      0.000      32
       1690 14.08333333333   44.14124   209.10016              4995.341      0.000      32
       1691 14.09166666667   43.86029   208.97121             11459.126      0.000      32
       1692 14.10000000000   43.57940   208.84384              -270.517      0.000      32
       1693 14.10833333333   43.29856   208.71800              8271.734      0.000      32
       1694 14.11666666667   43.01778   208.59368             -1394.875      0.000      32
       1695 14.12500000000   42.73707   208.47085              9196.583      0.000      32
       1696 14.13333333333   42.45644   208.34949              1564.418      0.000      32
       1697 14.14166666667   42.17588   208.22955             -5061.603      0.000      32
       1698 14.15000000000   41.89540   208.11103              8546.991      0.000      32
       1699 14.15833333333   41.61502   207.99389              3909.804      0.000      32
       1700 14.16666666667   41.33473   207.87812               255.710      0.000      32
       1701 14.17500000000   41.05455   207.76368             -2422.960      0.000      32
       1702 14.18333333333   40.77446   207.65056             -4133.930      0.000      32
       1703 14.19166666667   40.49449   207.53873             -4885.477      0.000      32
       1704 14.20000000000   40.21463   207.42818             -4684.285      0.000      32
       1705 14.20833333333   39.93490   207.31887             -3537.960      0.000      32
       1706 14.21666666667   39.65529   207.21079             -1455.325      0.000      32
       1707 14.22500000000   39.37580   207.10391              1557.175      0.000      32
       1708 14.23333333333   39.09646   206.99823              5491.646      0.000      32
       1709 14.24166666667   38.81725   206.89371             10339.359      0.000      32
       1710 14.25000000000   38.53818   206.79034             -3143.395      0.000      32
       1711 14.25833333333   38.25926   206.68809              3508.576      0.000      32
       1712 14.26666666667   37.98049   206.58696             11051.105      0.000      32
       1713 14.27500000000   37.70188   206.48692               239.289      0.000      32
       1714 14.28333333333   37.42343   206.38796              9537.493      0.000      32
       1715 14.29166666667   37.14515   206.29005               466.157      0.000      32
       1716 14.30000000000   36.86703   206.19319             11489.304      0.000      32
       1717 14.30833333333   36.58908   206.09735              4126.585      0.000      32
       1718 14.31666666667   36.31131   206.00251             -2393.787      0.000      32
       1719 14.32500000000   36.03372   205.90867             11157.528      0.000      32
       1720 14.33333333333   35.75631   205.81581              6298.519      0.000      32
       1721 14.34166666667   35.47909   205.72390              2257.734      0.000      32
       1722 14.35000000000   35.20205   205.63294              -972.747      0.000      32
       1723 14.35833333333   34.92522   205.54291             -3401.186      0.000      32
       1724 14.36666666667   34.64857   205.45380             -5034.829      0.000      32
       1725 14.37500000000   34.37213   205.36559             -5882.812      0.000      32
       1726 14.38333333333   34.09590   205.27827             -5952.266      0.000      32
       1727 14.39166666667   33.81987   205.19183             -5252.154      0.000      32
       1728 14.40000000000   33.54405   205.10625             -3789.638      0.000      32
       1729 14.40833333333   33.26844   205.02151             -1573.540      0.000      32
       1730 14.41666666667   32.99305   204.93762              1388.302      0.000      32
       1731 14.42500000000   32.71788   204.85454              5086.969      0.000      32
       1732 14.43333333333   32.44293   204.77228              9515.171      0.000      32
       1733 14.44166666667   32.16821   204.69082             -4572.330      0.000      32
       1734 14.45000000000   31.89372   204.61014              1289.592      0.000      32
       1735 14.45833333333   31.61945   204.53025              7856.636      0.000      32
       1736 14.46666666667   31.34542   204.45111             -4116.870      0.000      32
       1737 14.47500000000   31.07162   204.37274              3834.460      0.000      32
       1738 14.48333333333   30.79807   204.29510             12465.805      0.000      32
       1739 14.49166666667   30.52475   204.21820              2532.736      0.000      32
       1740 14.50000000000   30.25168   204.14201             12499.607      0.000      32
       1741 14.50833333333   29.99317   204.01412              3885.266      0.000      32
       1742 14.51666666667   29.72058   203.93898             -4082.246      0.000      32
       1743 14.52500000000   29.44833   203.86418              7825.563      0.000      32
       1744 14.53333333333   29.17642   203.78972              1127.115      0.000      32
       1745 14.54166666667   28.90486   203.71559             -4948.950      0.000      32
       1746 14.55000000000   28.63364   203.64180              8826.100      0.000      32
       1747 14.55833333333   28.36277   203.56832              3970.838      0.000      32
       1748 14.56666666667   28.09224   203.49516              -286.855      0.000      32
       1749 14.57500000000   27.82207   203.42231             -3955.120      0.000      32
       1750 14.58333333333   27.55224   203.34977             -7042.290      0.000      32
       1751 14.59166666667   27.28277   203.27753              9680.116      0.000      32
       1752 14.60000000000   27.01364   203.20558              7730.411      0.000      32
       1753 14.60833333333   26.74487   203.13392              6337.224      0.000      32
       1754 14.61666666667   26.47646   203.06255              5491.627      0.000      32
       1755 14.62500000000   26.20840   202.99145              5185.469      0.000      32
       1756 14.63333333333   25.94069   202.92063              5410.945      0.000      32
       1757 14.64166666667   25.67334   202.85008              6160.077      0.000      32
       1758 14.65000000000   25.40635   202.77979              7423.633      0.000      32
       1759 14.65833333333   25.13971   202.70976              9193.865      0.000      32
       1760 14.66666666667   24.87344   202.63999             -7773.274      0.000      32
       1761 14.67500000000   24.60752   202.57047             -5013.796      0.000      32
       1762 14.68333333333   24.34197   202.50119             -1772.456      0.000      32
       1763 14.69166666667   24.07677   202.43215              1942.320      0.000      32
       1764 14.70000000000   23.81194   202.36335              6123.049      0.000      32
       1765 14.70833333333   23.54746   202.29478             10760.800      0.000      32
       1766 14.71666666667   23.28335   202.22644             -3389.016      0.000      32
       1767 14.72500000000   23.01961   202.15833              2138.824      0.000      32
       1768 14.73333333333   22.75622   202.09043              8098.788      0.000      32
       1769 14.74166666667   22.49320   202.02275             -4753.456      0.000      32
       1770 14.75000000000   22.23055   201.95528              2047.595      0.000      32
       1771 14.75833333333   21.96826   201.88802              9256.866      0.000      32
       1772 14.76666666667   21.70633   201.82096             -2371.033      0.000      32
       1773 14.77500000000   21.44477   201.75410              5628.739      0.000      32
       1774 14.78333333333   21.18357   201.68744             -5224.116      0.000      32
       1775 14.79166666667   20.92274   201.62097              3535.045      0.000      32
       1776 14.80000000000   20.66228   201.55469             12660.971      0.000      32
       1777 14.80833333333   20.40218   201.48859              2909.475      0.000      32
       1778 14.81666666667   20.14245   201.42267             -6491.545      0.000      32
       1779 14.82500000000   19.88309   201.35693              3687.397      0.000      32
       1780 14.83333333333   19.62409   201.29137             -5036.408      0.000      32
       1781 14.84166666667   19.36546   201.22597              5804.331      0.000      32
       1782 14.85000000000   19.10719   201.16074             -2274.222      0.000      32
       1783 14.85833333333   18.84930   201.09567              9194.558      0.000      32
       1784 14.86666666667   18.59177   201.03077              1728.314      0.000      32
       1785 14.87500000000   18.33460   200.96602             -5443.530      0.000      32
       1786 14.88333333333   18.07780   200.90142              6908.007      0.000      32
       1787 14.89166666667   17.82137   200.83698               300.929      0.000      32
       1788 14.90000000000   17.56531   200.77268             -6035.462      0.000      32
       1789 14.90833333333   17.30961   200.70852              7126.688      0.000      32
       1790 14.91666666667   17.05427   200.64451              1305.659      0.000      32
       1791 14.92500000000   16.79931   200.58063             -4269.547      0.000      32
       1792 14.93333333333   16.54471   200.51688              9629.836      0.000      32
       1793 14.94166666667   16.29047   200.45327              4523.177      0.000      32
       1794 14.95000000000   16.03660   200.38979              -361.325      0.000      32
       1795 14.95833333333   15.78309   200.32643             -5031.883      0.000      32
       1796 14.96666666667   15.52995   200.26319              9740.834      0.000      32
       1797 14.97500000000   15.27717   200.20007              5474.906      0.000      32
       1798 14.98333333333   15.02475   200.13707              1399.465      0.000      32
       1799 14.99166666667   14.77270   200.07418             -2494.178      0.000      32
       1800 15.00000000000   14.52101   200.01140             -6213.475      0.000      32
       1801 15.00833333333   14.28653   199.90865              9470.437      0.000      32
       1802 15.01666666667   14.03561   199.84554              6077.028      0.000      32
       1803 15.02500000000   13.78516   199.78227              2834.726      0.000      32
       1804 15.03333333333   13.53518   199.71883              -263.119      0.000      32
       1805 15.04166666667   13.28567   199.65523             -3226.374      0.000      32
       1806 15.05000000000   13.03664   199.59147             -6062.427      0.000      32
       1807 15.05833333333   12.78807   199.52754             10458.396      0.000      32
       1808 15.06666666667   12.53998   199.46345              7854.569      0.000      32
       1809 15.07500000000   12.29235   199.39919              5356.036      0.000      32
       1810 15.08333333333   12.04519   199.33476             -4639.135      0.000      32
       1811 15.09166666667   11.79850   199.27017             -4639.135      0.000      32
       1812 15.10000000000   11.55228   199.20540             -4639.135      0.000      32
       1813 15.10833333333   11.30653   199.14046             -4639.135      0.000      32
       1814 15.11666666667   11.06124   199.07535             -4639.135      0.000      32
       1815 15.12500000000   10.81641   199.01007             -4639.135      0.000      32
       1816 15.13333333333   10.57206   198.94461             -4639.135      0.000      32
       1817 15.14166666667   10.32816   198.87898             -4639.135      0.000      32
       1818 15.15000000000   10.08473   198.81317             -4639.135      0.000      32
       1819 15.15833333333    9.84177   198.74718             -4639.135      0.000      32
       1820 15.16666666667    9.59926   198.68101             -4639.135      0.000      32
       1821 15.17500000000    9.35722   198.61466             -4639.135      0.000      32
       1822 15.18333333333    9.11564   198.54814             -4639.135      0.000      32
       1823 15.19166666667    8.87452   198.48142             -4639.135      0.000      32
       1824 15.20000000000    8.63385   198.41453             -4639.135      0.000      32
       1825 15.20833333333    8.39365   198.34745             -4639.135      0.000      32
       1826 15.21666666667    8.15390   198.28018             -4639.135      0.000      32
       1827 15.22500000000    7.91460   198.21273             -4639.135      0.000      32
       1828 15.23333333333    7.67577   198.14508             -4639.135      0.000      32
       1829 15.24166666667    7.43738   198.07725             -4639.135      0.000      32
       1830 15.25000000000    7.19945   198.00922             -4639.135      0.000      32
       1831 15.25833333333    6.96197   197.94101             -4639.135      0.000      32
       1832 15.26666666667    6.72495   197.87259             -4639.135      0.000      32
       1833 15.27500000000    6.48837   197.80399             -4639.135      0.000      32
       1834 15.28333333333    6.25224   197.73518             -4639.135      0.000      32
       1835 15.29166666667    6.01656   197.66618             -4639.135      0.000      32
       1836 15.30000000000    5.78133   197.59697             -4639.135      0.000      32
       1837 15.30833333333    5.54654   197.52757             -4639.135      0.000      32
       1838 15.31666666667    5.31220   197.45796             -4639.135      0.000      32
       1839 15.32500000000    5.07830   197.38815             -4639.135      0.000      32
       1840 15.33333333333    4.84485   197.31814             -4639.135      0.000      32
       1841 15.34166666667    4.61183   197.24792             -4639.135      0.000      32
       1842 15.35000000000    4.37926   197.17749             -4639.135      0.000      32
       1843 15.35833333333    4.14712   197.10685             -4639.135      0.000      32
       1844 15.36666666667    3.91542   197.03600             -4639.135      0.000      32
       1845 15.37500000000    3.68416   196.96493             -4639.135      0.000      32
       1846 15.38333333333    3.45333   196.89365             -4639.135      0.000      32
       1847 15.39166666667    3.22294   196.82216             -4639.135      0.000      32
       1848 15.40000000000    2.99298   196.75045             -4639.135      0.000      32
       2460 20.50000000000    3.56745    88.96496               -39.758      0.000      32
       2461 20.50833333333    3.73812    88.78081               -39.758      0.000      32
       2462 20.51666666667    3.90844    88.59610               -39.758      0.000      32
       2463 20.52500000000    4.07841    88.41083               -39.758      0.000      32
       2464 20.53333333333    4.24801    88.22499               -39.758      0.000      32
       2465 20.54166666667    4.41726    88.03859               -39.758      0.000      32
       2466 20.55000000000    4.58613    87.85162               -39.758      0.000      32
       2467 20.55833333333    4.75464    87.66408               -39.758      0.000      32
       2468 20.56666666667    4.92276    87.47596               -39.758      0.000      32
       2469 20.57500000000    5.09050    87.28727               -39.758      0.000      32
       2470 20.58333333333    5.25786    87.09800               -39.758      0.000      32
       2471 20.59166666667    5.42482    86.90816               -39.758      0.000      32
       2472 20.60000000000    5.59138    86.71773               -39.758      0.000      32
       2473 20.60833333333    5.75755    86.52671               -39.758      0.000      32
       2474 20.61666666667    5.92330    86.33511               -39.758      0.000      32
       2475 20.62500000000    6.08864    86.14292               -39.758      0.000      32
       2476 20.63333333333    6.25356    85.95014               -39.758      0.000      32
       2477 20.64166666667    6.41806    85.75676               -39.758      0.000      32
       2478 20.65000000000    6.58213    85.56279               -39.758      0.000      32
       2479 20.65833333333    6.74577    85.36822               -39.758      0.000      32
       2480 20.66666666667    6.90897    85.17305               -39.758      0.000      32
       2481 20.67500000000    7.07173    84.97728               -39.758      0.000      32
       2482 20.68333333333    7.23404    84.78091               -39.758      0.000      32
       2483 20.69166666667    7.39589    84.58392               -39.758      0.000      32
       2484 20.70000000000    7.55729    84.38633               -39.758      0.000      32
       2485 20.70833333333    7.71822    84.18813               -39.758      0.000      32
       2486 20.71666666667    7.87868    83.98932               -39.758      0.000      32
       2487 20.72500000000    8.03867    83.78989               -39.758      0.000      32
       2488 20.73333333333    8.19818    83.58984               -39.758      0.000      32
       2489 20.74166666667    8.35720    83.38918               -39.758      0.000      32
       2490 20.75000000000    8.51573    83.18789               -39.758      0.000      32
       2491 20.75833333333    8.67377    82.98599               -39.758      0.000      32
       2492 20.76666666667    8.83130    82.78345               -39.758      0.000      32
       2493 20.77500000000    8.98833    82.58029               -39.758      0.000      32
       2494 20.78333333333    9.14484    82.37650               -39.758      0.000      32
       2495 20.79166666667    9.30084    82.17208               -39.758      0.000      32
       2496 20.80000000000    9.45632    81.96703               -39.758      0.000      32
       2497 20.80833333333    9.61126    81.76135               -39.758      0.000      32
       2498 20.81666666667    9.76568    81.55502               -39.758      0.000      32
       2499 20.82500000000    9.91955    81.34806               -39.758      0.000      32
       2500 20.83333333333   10.07288    81.14046               -39.758      0.000      32
       2501 20.84166666667   10.22566    80.93222               -39.758      0.000      32
       2502 20.85000000000   10.37789    80.72333               -39.758      0.000      32
       2503 20.85833333333   10.52955    80.51380               -39.758      0.000      32
       2504 20.86666666667   10.68065    80.30363               -39.758      0.000      32
       2505 20.87500000000   10.83118    80.09280               -39.758      0.000      32
       2506 20.88333333333   10.98113    79.88133               -39.758      0.000      32
       2507 20.89166666667   11.13049    79.66920               -39.758      0.000      32
       2508 20.90000000000   11.27927    79.45642               -39.758      0.000      32
       2509 20.90833333333   11.42746    79.24298               -39.758      0.000      32
       2510 20.91666666667   11.57504    79.02889               -39.758      0.000      32
       2511 20.92500000000   11.72202    78.81414               -39.758      0.000      32
       2512 20.93333333333   11.86839    78.59873               -39.758      0.000      32
       2513 20.94166666667   12.01414    78.38267               -39.758      0.000      32
       2514 20.95000000000   12.15927    78.16593               -39.758      0.000      32
       2515 20.95833333333   12.30378    77.94854               -39.758      0.000      32
       2516 20.96666666667   12.44765    77.73048               -39.758      0.000      32
       2517 20.97500000000   12.59088    77.51176            -10947.777      0.000      32
       2518 20.98333333333   12.73347    77.29236              1359.560      0.000      32
       2519 20.99166666667   12.87541    77.07230             -4654.206      0.000      32
       2520 21.00000000000   13.01669    76.85157             -9741.218      0.000      32
       2521 21.00833333333   10.28004    24.36720            -13898.161      0.000      32
       2522 21.01666666667   10.24102    24.13152            -17118.205      0.000      32
       2523 21.02500000000   10.20068    23.89630              -156.042      0.000      32
       2524 21.03333333333   10.15902    23.66153             -1479.172      0.000      32
       2525 21.04166666667   10.11604    23.42724             -1840.285      0.000      32
       2526 21.05000000000   10.07174    23.19342             -1233.726      0.000      32
       2527 21.05833333333   10.02614    22.96007               346.822      0.000      32
       2528 21.06666666667    9.97923    22.72722            -16325.757      0.000      32
       2529 21.07500000000    9.93101    22.49486            -12771.677      0.000      32
       2530 21.08333333333    9.88148    22.26300             -8221.089      0.000      32
       2531 21.09166666667    9.83066    22.03164             -2665.626      0.000      32
       2532 21.10000000000    9.77855    21.80080            -15336.641      0.000      32
       2533 21.10833333333    9.72514    21.57047             -7752.354      0.000      32
       2534 21.11666666667    9.67045    21.34067               857.651      0.000      32
       2535 21.12500000000    9.61447    21.11140             -8737.506      0.000      32
       2536 21.13333333333    9.55720    20.88266              1945.056      0.000      32
       2537 21.14166666667    9.49867    20.65447             -5562.673      0.000      32
       2538 21.15000000000    9.43885    20.42682            -12018.529      0.000      32
       2539 21.15833333333    9.37777    20.19972            -17412.783      0.000      32
       2540 21.16666666667    9.31542    19.97318             -2502.398      0.000      32
       2541 21.17500000000    9.25181    19.74721             -5755.360      0.000      32
       2542 21.18333333333    9.18694    19.52180             -7925.216      0.000      32
       2543 21.19166666667    9.12081    19.29696            -23970.685      0.000      32
       2544 21.20000000000    9.05344    19.07271             -9000.316      0.000      32
       2545 21.20833333333    8.98482    18.84903             -7888.417      0.000      32
       2546 21.21666666667    8.91495    18.62594             -5668.336      0.000      32
       2547 21.22500000000    8.84385    18.40345             -2335.794      0.000      32
       2548 21.23333333333    8.77152    18.18155              2118.027      0.000      32
       2549 21.24166666667    8.69796    17.96025            -11535.586      0.000      32
       2550 21.25000000000    8.62317    17.73956             -4818.432      0.000      32
       2551 21.25833333333    8.54716    17.51948            -16197.697      0.000      32
       2552 21.26666666667    8.46993    17.30001             -7194.374      0.000      32
       2553 21.27500000000    8.39150    17.08116              2961.650      0.000      32
       2554 21.28333333333    8.31185    16.86294             -4961.781      0.000      32
       2555 21.29166666667    8.23101    16.64534            -11718.021      0.000      32
       2556 21.30000000000    8.14896    16.42837              1935.271      0.000      32
       2557 21.30833333333    8.06573    16.21204             -2474.677      0.000      32
       2558 21.31666666667    7.98130    15.99634             -5698.290      0.000      32
       2559 21.32500000000    7.89569    15.78128             -7731.666      0.000      32
       2560 21.33333333333    7.80890    15.56687             -8570.926      0.000      32
       2561 21.34166666667    7.72094    15.35311             -8209.756      0.000      32
       2562 21.35000000000    7.63180    15.14000             -6641.558      0.000      32
       2563 21.35833333333    7.54151    14.92755             -3863.364      0.000      32
       2564 21.36666666667    7.45005    14.71575               136.854      0.000      32
       2565 21.37500000000    7.35744    14.50462            -13876.872      0.000      32
       2566 21.38333333333    7.26368    14.29414             -7424.558      0.000      32
       2567 21.39166666667    7.16877    14.08434               263.798      0.000      32
       2568 21.40000000000    7.07273    13.87521            -10043.879      0.000      32
       2569 21.40833333333    6.97555    13.66674               128.403      0.000      32
       2570 21.41666666667    6.87724    13.45896             -7682.866      0.000      32
       2571 21.42500000000    6.77780    13.25185            -14234.748      0.000      32
       2572 21.43333333333    6.67725    13.04542              -289.151      0.000      32
       2573 21.44166666667    6.57558    12.83967             -4313.724      0.000      32
       2574 21.45000000000    6.47281    12.63461             -7066.347      0.000      32
       2575 21.45833333333    6.36893    12.43024             -8541.549      0.000      32
       2576 21.46666666667    6.26395    12.22655             -8734.035      0.000      32
       2577 21.47500000000    6.15788    12.02356             -7639.134      0.000      32
       2578 21.48333333333    6.05072    11.82126             -5251.711      0.000      32
       2579 21.49166666667    5.94248    11.61966             -1567.339      0.000      32
       2580 21.50000000000    5.83316    11.41875            -15818.204      0.000      32
       2581 21.50833333333    5.73395    11.23765             -9526.026      0.000      32
       2582 21.51666666667    5.62228    11.03854             -1922.816      0.000      32
       2583 21.52500000000    5.50962    10.84026            -12239.914      0.000      32
       2584 21.53333333333    5.39599    10.64282             -2000.219      0.000      32
       2585 21.54166666667    5.28138    10.44620             -9672.805      0.000      32
       2586 21.55000000000    5.16581    10.25041            -16016.033      0.000      32
       2587 21.55833333333    5.04927    10.05546             -1789.819      0.000      32
       2588 21.56666666667    4.93178     9.86133             -5462.744      0.000      32
       2589 21.57500000000    4.81334     9.66804             -7792.219      0.000      32
       2590 21.58333333333    4.69395     9.47559             -8777.101      0.000      32
       2591 21.59166666667    4.57362     9.28396             -8412.497      0.000      32
       2592 21.60000000000    4.45235     9.09317             -6693.858      0.000      32
       2593 21.60833333333    4.33016     8.90321             -3617.425      0.000      32
       2594 21.61666666667    4.20704     8.71409               820.424      0.000      32
       2595 21.62500000000    4.08299     8.52580            -12613.323      0.000      32
       2596 21.63333333333    3.95804     8.33834             -5442.406      0.000      32
       2597 21.64166666667    3.83217     8.15171            -16135.297      0.000      32
       2598 21.65000000000    3.70540     7.96592             -6213.938      0.000      32
       2599 21.65833333333    3.57774     7.78096            -14149.584      0.000      32
       2600 21.66666666667    3.44917     7.59683             -1466.070      0.000      32
       2601 21.67500000000    3.31972     7.41354             -6632.923      0.000      32
       2602 21.68333333333    3.18939     7.23107            -10410.720      0.000      32
       2603 21.69166666667    3.05818     7.04944            -12795.340      0.000      32
       2604 21.70000000000    2.92609     6.86864            -13782.919      0.000      32
       2605 21.70833333333    2.79314     6.68866            -13372.639      0.000      32
       2606 21.71666666667    2.65933     6.50952            -11560.333      0.000      32
       2607 21.72500000000    2.52465     6.33120             -8345.117      0.000      32
       2608 21.73333333333    2.38913     6.15372             -3718.741      0.000      32
       2609 21.74166666667    2.25276     5.97705            -16920.270      0.000      32
       2610 21.75000000000    2.11555     5.80122             -9473.231      0.000      32
       2611 21.75833333333    1.97750     5.62621              -610.196      0.000      32
       2612 21.76666666667    1.83862     5.45202             -9565.210      0.000      32
       2613 21.77500000000    1.69892     5.27866              2136.096      0.000      32
       2614 21.78333333333    1.55839     5.10611             -3976.203      0.000      32
       2615 21.79166666667    1.41705     4.93439             -8663.825      0.000      32
       2616 21.80000000000    1.27489     4.76349            -11923.798      0.000      32
       2617 21.80833333333    1.13194     4.59341            -13754.817      0.000      32
       2618 21.81666666667    0.98818     4.42414            -14152.909      0.000      32
       2619 21.82500000000    0.84363     4.25569            -13119.138      0.000      32
       2620 21.83333333333    0.69828     4.08806            -10649.519      0.000      32
       2621 21.84166666667    0.55215     3.92123             -6741.908      0.000      32
       2622 21.85000000000    0.40525     3.75522             -1396.431      0.000      32
       2623 21.85833333333    0.25756     3.59002            -13847.486      0.000      32
       2624 21.86666666667    0.10911     3.42563             -5619.961      0.000      32
