# Created on 2022-09-13 07:27:29 
# Sources: obs\TPKL1681.22O, nav\TPKL1681.22N
# Satellite: G15
# Interval: 30.0
# Sampling interval: 0.0 (not used).
# Site: TPKL
# Position (L, B, H): 78.5290569025, 42.4638637031, 1886.01891334
# Position (X, Y, Z): 937429.6846, 4619604.6444, 4285027.6573
# datetime format: %Y-%m-%dT%H:%M:%S
# Columns: tsn, hour, el, az, tec.l1l2, tec.p1p2, validity
# (I11,1X,F14.11,1X,F10.5,1X,F11.5,1X,F21.3,1X,F10.3,1X,I7)
       1262 10.51666666667   60.05554   128.26295                50.252    112.652    4096
       1263 10.52500000000   60.19219   127.83220                50.252    112.652    4096
       1264 10.53333333333   60.32687   127.39726                45.562    119.153    4098
       1265 10.54166666667   60.45956   126.95813                47.795    119.153    4096
       1266 10.55000000000   60.59022   126.51483                47.747    110.577    4098
       1267 10.55833333333   60.71884   126.06735                47.690    117.525    4096
       1268 10.56666666667   60.84536   125.61572                47.612    117.820    4096
       1269 10.57500000000   60.96977   125.15996                47.555    117.820    4096
       1270 10.58333333333   61.09204   124.70008                47.486    116.031    4096
       1271 10.59166666667   61.21213   124.23611                47.451    110.463    4096
       1272 10.60000000000   61.33001   123.76807                47.378    115.070    4096
       1273 10.60833333333   61.44565   123.29600                47.324    111.653    4096
       1274 10.61666666667   61.55902   122.81993                47.262    105.923    4096
       1275 10.62500000000   61.67009   122.33989                47.202    104.990    4096
       1276 10.63333333333   61.77883   121.85593                47.158    109.645    4096
       1277 10.64166666667   61.88521   121.36808                47.058    107.037    4096
       1278 10.65000000000   61.98921   120.87640                47.021    108.521    4096
       1279 10.65833333333   62.09078   120.38093                46.932    104.619    4096
       1280 10.66666666667   62.18991   119.88174                46.904    102.430    4096
       1281 10.67500000000   62.28656   119.37888                51.485    105.143    4098
       1282 10.68333333333   62.38071   118.87240                53.765    107.741    4098
       1283 10.69166666667   62.47232   118.36238                53.765    107.741    4098
       1284 10.70000000000   62.56137   117.84889                55.950    112.348    4096
       1285 10.70833333333   62.64784   117.33200                55.950    112.348    4096
       1286 10.71666666667   62.73169   116.81178                55.864    110.168    4096
       1287 10.72500000000   62.81290   116.28832                53.489    110.311    4096
       1288 10.73333333333   62.89145   115.76171                53.489    110.311    4096
       1289 10.74166666667   62.96730   115.23202                58.030    107.446    4096
       1290 10.75000000000   63.04044   114.69936                60.298    106.513    4096
       1291 10.75833333333   63.11084   114.16381                60.298    106.513    4096
       1292 10.76666666667   63.17848   113.62548                57.905    106.218    4096
       1293 10.77500000000   63.24334   113.08447                55.511    110.463    4096
       1294 10.78333333333   63.30539   112.54089                55.511    110.463    4096
       1295 10.79166666667   63.36462   111.99485                59.970    107.969    4096
       1296 10.80000000000   63.42100   111.44646                59.970    107.969    4096
       1297 10.80833333333   63.47451   110.89584                59.970    107.969    4096
       1298 10.81666666667   63.52515   110.34311                57.618    108.674    4096
       1299 10.82500000000   63.57288   109.78838                59.874    109.235    4096
       1300 10.83333333333   63.61770   109.23180                59.854    106.780    4098
       1301 10.84166666667   63.65959   108.67347                57.486    107.741    4096
       1302 10.85000000000   63.69853   108.11355                57.424    107.969    4096
       1303 10.85833333333   63.73452   107.55215                57.397    103.391    4096
       1304 10.86666666667   63.76753   106.98942                57.339    107.189    4096
       1305 10.87500000000   63.79757   106.42550                57.292    107.075    4096
       1306 10.88333333333   63.82461   105.86052                57.284    105.666    4096
       1307 10.89166666667   63.84865   105.29463                57.216    104.619    4096
       1308 10.90000000000   63.86969   104.72796                57.184    103.353    4096
       1309 10.90833333333   63.88771   104.16067                57.174    104.733    4096
       1310 10.91666666667   63.90270   103.59290                57.142    103.391    4096
       1311 10.92500000000   63.91468   103.02480                57.106    103.096    4096
       1312 10.93333333333   63.92363   102.45652                61.749    105.438    4098
       1313 10.94166666667   63.92954   101.88820                61.749    105.438    4098
       1314 10.95000000000   63.93243   101.32000                59.367    112.614    4096
       1315 10.95833333333   63.93228   100.75205                59.367    112.614    4096
       1316 10.96666666667   63.92911   100.18452                56.988    107.189    4096
       1317 10.97500000000   63.92291    99.61755                56.988    107.189    4096
       1318 10.98333333333   63.91369    99.05129                59.276    107.855    4098
       1319 10.99166666667   63.90145    98.48588                59.273    106.066    4098
       1320 11.00000000000   63.88620    97.92148                54.604    112.462    4096
       1321 11.00833333333   63.86794    97.35822                54.604    112.462    4096
       1322 11.01666666667   63.84669    96.79626                59.205    108.560    4096
       1323 11.02500000000   63.82245    96.23574                59.205    108.560    4096
       1324 11.03333333333   63.79524    95.67679                59.205    108.560    4096
       1325 11.04166666667   63.76506    95.11955                61.469    105.285    4096
       1326 11.05000000000   63.73193    94.56418                61.469    105.285    4096
       1327 11.05833333333   63.69586    94.01078                59.109    108.407    4096
       1328 11.06666666667   63.65687    93.45951                59.109    108.407    4096
       1329 11.07500000000   63.61498    92.91049                59.117    108.407    4096
       1330 11.08333333333   63.57019    92.36385                59.117    108.407    4096
       1331 11.09166666667   63.52253    91.81971                56.800    108.417    4096
       1332 11.10000000000   63.47202    91.27820                56.800    108.417    4096
       1333 11.10833333333   63.41868    90.73943                59.118    111.834    4096
       1334 11.11666666667   63.36252    90.20351                61.471    109.349    4096
       1335 11.12500000000   63.30356    89.67057                56.793    109.749    4098
       1336 11.13333333333   63.24184    89.14070                59.113    109.749    4096
       1337 11.14166666667   63.17737    88.61402                59.113    109.749    4096
       1338 11.15000000000   63.11017    88.09062                63.785    102.944    4096
       1339 11.15833333333   63.04028    87.57061                59.123    110.454    4096
       1340 11.16666666667   62.96771    87.05407                61.433    108.560    4096
       1341 11.17500000000   62.89249    86.54110                59.076    114.660    4098
       1342 11.18333333333   62.81464    86.03178                59.111    109.902    4096
       1343 11.19166666667   62.73420    85.52620                59.111    109.902    4096
       1344 11.20000000000   62.65119    85.02444                59.081    107.189    4096
       1345 11.20833333333   62.56564    84.52657                56.755    112.091    4096
       1346 11.21666666667   62.47757    84.03266                56.755    112.091    4096
       1347 11.22500000000   62.38702    83.54278                56.751    107.855    4096
       1348 11.23333333333   62.29401    83.05700                56.751    107.855    4096
       1349 11.24166666667   62.19857    82.57537                59.098    105.666    4096
       1350 11.25000000000   62.10074    82.09796                56.754    106.627    4098
       1351 11.25833333333   62.00054    81.62480                56.754    106.627    4098
       1352 11.26666666667   61.89800    81.15597                54.480    106.932    4096
       1353 11.27500000000   61.79316    80.69149                54.471    103.353    4096
       1354 11.28333333333   61.68604    80.23141                54.471    103.353    4096
       1355 11.29166666667   61.57667    79.77577                56.791    108.264    4096
       1356 11.30000000000   61.46509    79.32461                56.829    109.645    4096
       1357 11.30833333333   61.35132    78.87795                56.829    109.645    4096
       1358 11.31666666667   61.23541    78.43583                56.853    107.179    4096
       1359 11.32500000000   61.11737    77.99827                56.887    109.378    4096
       1360 11.33333333333   60.99725    77.56529                59.184    107.037    4098
       1361 11.34166666667   60.87506    77.13691                56.890    109.121    4096
       1362 11.35000000000   60.75085    76.71315                59.235    107.589    4098
       1363 11.35833333333   60.62464    76.29402                56.918    112.614    4098
       1364 11.36666666667   60.49647    75.87954                59.265    108.150    4096
       1365 11.37500000000   60.36637    75.46970                56.932    108.150    4096
       1366 11.38333333333   60.23436    75.06451                56.970    103.506    4096
       1367 11.39166666667   60.10048    74.66398                63.959    102.544    4098
       1368 11.40000000000   59.96477    74.26811                63.932    106.627    4096
       1369 11.40833333333   59.82724    73.87689                54.646    111.386    4098
       1370 11.41666666667   59.68793    73.49032                56.953    108.969    4096
       1371 11.42500000000   59.54688    73.10840                56.953    108.969    4096
       1372 11.43333333333   59.40410    72.73111                59.300    105.704    4096
       1373 11.44166666667   59.25964    72.35844                59.281    106.218    4096
       1374 11.45000000000   59.11352    71.99039                59.324    108.303    4096
       1375 11.45833333333   58.96577    71.62693                59.339    109.787    4096
