# Created on 2022-09-13 07:27:31 
# Sources: obs\TPKL1681.22O, nav\TPKL1681.22N
# Satellite: G27
# Interval: 30.0
# Sampling interval: 0.0 (not used).
# Site: TPKL
# Position (L, B, H): 78.5290569025, 42.4638637031, 1886.01891334
# Position (X, Y, Z): 937429.6846, 4619604.6444, 4285027.6573
# datetime format: %Y-%m-%dT%H:%M:%S
# Columns: tsn, hour, el, az, tec.l1l2, tec.p1p2, validity
# (I11,1X,F14.11,1X,F10.5,1X,F11.5,1X,F21.3,1X,F10.3,1X,I7)
       1465 12.20833333333   33.80595   297.09124              -169.009    130.755    4096
       1466 12.21666666667   33.87207   296.83665              -169.002    130.755    4096
       1467 12.22500000000   33.93683   296.58113              -169.067    130.755    4096
       1468 12.23333333333   34.00023   296.32470              -169.022    124.064    4096
       1469 12.24166666667   34.06227   296.06737              -169.011    140.939    4096
       1470 12.25000000000   34.12292   295.80916              -169.061    144.518    4096
       1471 12.25833333333   34.18220   295.55008              -169.086    142.024    4096
       1472 12.26666666667   34.24009   295.29015              -169.036    138.493    4096
       1473 12.27500000000   34.29660   295.02938              -169.108    137.256    4096
       1474 12.28333333333   34.35171   294.76778              -169.111    146.297    4096
       1475 12.29166666667   34.40541   294.50537              -169.096    146.297    4096
       1476 12.30000000000   34.45771   294.24216              -169.157    130.907    4096
       1477 12.30833333333   34.50860   293.97818              -169.133    148.201    4096
       1478 12.31666666667   34.55808   293.71343              -169.132    147.896    4096
       1479 12.32500000000   34.60614   293.44794              -169.067    134.438    4096
       1480 12.33333333333   34.65277   293.18171              -169.010    139.863    4096
       1481 12.34166666667   34.69797   292.91476              -169.046    139.863    4096
       1482 12.35000000000   34.74175   292.64712              -169.036    137.522    4096
       1483 12.35833333333   34.78408   292.37879              -168.997    132.763    4096
       1484 12.36666666667   34.82498   292.10980              -168.975    142.842    4096
       1485 12.37500000000   34.86443   291.84016              -169.062    151.580    4096
       1486 12.38333333333   34.90244   291.56988              -169.015    131.573    4096
       1487 12.39166666667   34.93899   291.29899              -168.958    157.157    4096
       1488 12.40000000000   34.97409   291.02749              -168.958    132.915    4096
       1489 12.40833333333   35.00774   290.75542              -168.958    140.539    4096
       1490 12.41666666667   35.03993   290.48278              -169.086    153.065    4096
       1491 12.42500000000   35.07065   290.20960              -169.121    130.755    4096
       1492 12.43333333333   35.09991   289.93589              -169.121    130.755    4096
       1493 12.44166666667   35.12770   289.66167              -169.161    146.554    4096
       1494 12.45000000000   35.15402   289.38695              -169.121    149.381    4096
       1495 12.45833333333   35.17887   289.11176              -169.077    140.273    4096
       1496 12.46666666667   35.20225   288.83611              -169.130    125.806    4096
       1497 12.47500000000   35.22415   288.56003              -169.116    130.460    4096
       1498 12.48333333333   35.24458   288.28352              -169.135    138.940    4096
       1499 12.49166666667   35.26353   288.00661              -169.080    140.539    4096
       1500 12.50000000000   35.28100   287.72932              -169.000    147.896    4096
       1501 12.50833333333   35.29699   287.45167              -168.961    152.284    4096
       1502 12.51666666667   35.31149   287.17366              -168.925    142.471    4096
       1503 12.52500000000   35.32452   286.89533              -168.890    128.966    4096
       1504 12.53333333333   35.33606   286.61669              -168.868    161.393    4096
       1505 12.54166666667   35.34613   286.33776              -168.840    133.030    4096
       1506 12.55000000000   35.35470   286.05856              -168.768    127.081    4096
       1507 12.55833333333   35.36180   285.77910              -168.734    134.438    4096
       1508 12.56666666667   35.36741   285.49941              -168.717    152.246    4096
       1509 12.57500000000   35.37154   285.21951              -168.674    142.062    4096
       1510 12.58333333333   35.37419   284.93940              -168.660    140.682    4096
       1511 12.59166666667   35.37536   284.65912              -168.609    148.572    4096
       1512 12.60000000000   35.37504   284.37868              -168.549    136.485    4096
       1513 12.60833333333   35.37325   284.09809              -168.545    131.992    4096
       1514 12.61666666667   35.36998   283.81739              -168.566    123.540    4096
       1515 12.62500000000   35.36523   283.53658              -168.514    131.021    4096
       1516 12.63333333333   35.35901   283.25568              -168.515    142.985    4096
       1517 12.64166666667   35.35131   282.97472              -168.545    139.464    4096
       1518 12.65000000000   35.34214   282.69371              -168.506    154.178    4096
       1519 12.65833333333   35.33150   282.41267              -168.379    149.124    4096
       1520 12.66666666667   35.31940   282.13162              -168.306    149.124    4096
       1521 12.67500000000   35.30583   281.85058              -168.295    136.485    4096
       1522 12.68333333333   35.29079   281.56955              -168.286    139.464    4096
       1523 12.69166666667   35.27430   281.28858              -168.358    139.083    4096
       1524 12.70000000000   35.25635   281.00766              -168.419    151.580    4096
       1525 12.70833333333   35.23694   280.72682              -168.305    154.844    4096
       1526 12.71666666667   35.21609   280.44608              -168.198    150.647    4096
       1527 12.72500000000   35.19379   280.16545              -168.117    138.226    4096
       1528 12.73333333333   35.17004   279.88496              -168.167    138.226    4096
       1529 12.74166666667   35.14485   279.60461              -168.182    136.599    4096
       1530 12.75000000000   35.11823   279.32443              -168.163    137.008    4096
       1531 12.75833333333   35.09017   279.04443              -168.074    134.962    4096
       1532 12.76666666667   35.06069   278.76463              -168.076    137.817    4096
       1533 12.77500000000   35.02978   278.48505              -168.038    151.427    4096
       1534 12.78333333333   34.99745   278.20571              -167.910    149.019    4096
       1535 12.79166666667   34.96371   277.92661              -167.876    144.365    4096
       1536 12.80000000000   34.92855   277.64778              -167.809    133.068    4096
       1537 12.80833333333   34.89199   277.36923              -167.822    139.054    4096
       1538 12.81666666667   34.85403   277.09099              -167.858    133.210    4096
       1539 12.82500000000   34.81468   276.81306              -167.798    140.168    4096
       1540 12.83333333333   34.77394   276.53546              -167.731    136.075    4096
       1541 12.84166666667   34.73181   276.25820              -167.715    130.869    4096
       1542 12.85000000000   34.68830   275.98131              -167.692    142.052    4096
       1543 12.85833333333   34.64342   275.70479              -167.671    151.313    4096
       1544 12.86666666667   34.59717   275.42866              -167.579    158.271    4096
       1545 12.87500000000   34.54956   275.15294              -167.506    150.914    4096
       1546 12.88333333333   34.50060   274.87765              -167.450    140.825    4096
       1547 12.89166666667   34.45029   274.60278              -167.479    129.641    4096
       1548 12.90000000000   34.39863   274.32837              -167.366    141.615    4096
       1549 12.90833333333   34.34564   274.05441              -167.293    146.155    4096
       1550 12.91666666667   34.29132   273.78094              -167.235    143.509    4096
       1551 12.92500000000   34.23567   273.50795              -167.107    137.303    4096
       1552 12.93333333333   34.17872   273.23547              -167.070    135.219    4096
       1553 12.94166666667   34.12045   272.96350              -167.009    133.068    4096
       1554 12.95000000000   34.06088   272.69207              -166.907    149.828    4096
       1555 12.95833333333   34.00001   272.42117              -166.829    145.184    4096
       1556 12.96666666667   33.93786   272.15083              -166.693    140.016    4096
       1557 12.97500000000   33.87442   271.88105              -166.527    138.674    4096
       1558 12.98333333333   33.80972   271.61185              -166.468    136.751    4096
       1559 12.99166666667   33.74374   271.34324              -166.385    135.666    4096
       1560 13.00000000000   33.67652   271.07523              -166.339    137.560    4096
       1561 13.00833333333   33.60804   270.80783              -166.228    142.871    4096
       1562 13.01666666667   33.53831   270.54105              -166.126    137.522    4096
       1563 13.02500000000   33.46736   270.27491              -166.068    149.162    4096
       1564 13.03333333333   33.39518   270.00940              -165.905    145.593    4096
       1565 13.04166666667   33.32178   269.74456              -165.796    140.120    4096
       1566 13.05000000000   33.24717   269.48037              -165.773    140.120    4096
       1567 13.05833333333   33.17136   269.21686              -165.700    149.943    4096
       1568 13.06666666667   33.09435   268.95403              -165.613    151.837    4096
       1569 13.07500000000   33.01616   268.69189              -165.522    150.799    4096
       1570 13.08333333333   32.93680   268.43045              -165.460    139.454    4096
       1571 13.09166666667   32.85626   268.16972              -165.473    142.728    4096
       1572 13.10000000000   32.77457   267.90971              -165.447    146.259    4096
       1573 13.10833333333   32.69172   267.65042              -165.300    146.669    4096
       1574 13.11666666667   32.60773   267.39186              -165.202    141.643    4096
       1575 13.12500000000   32.52261   267.13405              -165.178    139.197    4096
       1576 13.13333333333   32.43637   266.87698              -165.128    130.612    4096
       1577 13.14166666667   32.34901   266.62067              -165.187    137.446    4096
       1578 13.15000000000   32.26054   266.36512              -165.147    147.373    4096
       1579 13.15833333333   32.17097   266.11034              -165.082    150.342    4096
       1580 13.16666666667   32.08032   265.85634              -164.983    145.184    4096
       1581 13.17500000000   31.98858   265.60312              -164.947    143.956    4096
       1582 13.18333333333   31.89577   265.35068              -164.876    140.682    4096
       1583 13.19166666667   31.80191   265.09904              -164.826    140.273    4096
       1584 13.20000000000   31.70698   264.84819              -164.740    137.008    4096
       1585 13.20833333333   31.61102   264.59816              -164.674    135.923    4096
       1586 13.21666666667   31.51402   264.34893              -164.534    137.408    4096
       1587 13.22500000000   31.41600   264.10051              -164.458    143.690    4096
       1588 13.23333333333   31.31696   263.85291              -164.372    139.311    4096
       1589 13.24166666667   31.21691   263.60614              -164.310    139.197    4096
       1590 13.25000000000   31.11587   263.36019              -164.145    139.759    4096
       1591 13.25833333333   31.01383   263.11507              -164.017    144.108    4096
       1592 13.26666666667   30.91082   262.87079              -163.900    137.827    4096
       1593 13.27500000000   30.80684   262.62734              -163.804    133.068    4096
       1594 13.28333333333   30.70190   262.38474              -163.656    137.522    4096
       1595 13.29166666667   30.59601   262.14298              -163.523    141.767    4096
       1596 13.30000000000   30.48918   261.90207              -163.420    148.715    4096
       1597 13.30833333333   30.38142   261.66201              -163.263    147.230    4096
       1598 13.31666666667   30.27273   261.42280              -163.143    142.985    4096
       1599 13.32500000000   30.16313   261.18444              -163.143    144.775    4096
       1600 13.33333333333   30.05263   260.94694              -162.856    146.412    4096
       1601 13.34166666667   29.94123   260.71030              -162.808    148.306    4096
       1602 13.35000000000   29.82895   260.47452              -162.641    137.008    4096
       1603 13.35833333333   29.71579   260.23960              -162.516    137.008    4096
       1604 13.36666666667   29.60177   260.00555              -162.431    144.670    4096
       1605 13.37500000000   29.48689   259.77236              -162.292    138.379    4096
       1606 13.38333333333   29.37117   259.54003              -162.210    138.750    4096
       1607 13.39166666667   29.25460   259.30857              -162.063    144.365    4096
       1608 13.40000000000   29.13721   259.07797              -161.984    146.145    4096
       1609 13.40833333333   29.01900   258.84824              -161.833    151.837    4096
       1610 13.41666666667   28.89998   258.61938              -161.706    146.821    4096
       1611 13.42500000000   28.78015   258.39138              -161.673    147.230    4096
       1612 13.43333333333   28.65954   258.16425              -161.673    147.230    4096
       1613 13.44166666667   28.53815   257.93799              -161.496    147.639    4096
       1614 13.45000000000   28.41598   257.71259              -161.357    143.290    4096
       1615 13.45833333333   28.29305   257.48806              -161.215    146.002    4096
       1616 13.46666666667   28.16936   257.26439              -161.158    142.833    4096
       1617 13.47500000000   28.04493   257.04159              -160.987    144.660    4096
       1618 13.48333333333   27.91977   256.81965              -160.875    145.888    4096
       1619 13.49166666667   27.79387   256.59856              -160.765    146.669    4096
       1620 13.50000000000   27.66726   256.37834              -160.575    146.669    4096
       1621 13.50833333333   27.53995   256.15898              -160.361    142.205    4096
       1622 13.51666666667   27.41193   255.94048              -160.250    151.313    4096
       1623 13.52500000000   27.28322   255.72283              -160.074    155.920    4096
       1624 13.53333333333   27.15383   255.50603              -159.934    143.138    4096
       1625 13.54166666667   27.02377   255.29008              -159.752    144.518    4096
       1626 13.55000000000   26.89305   255.07499              -159.558    142.614    4096
       1627 13.55833333333   26.76167   254.86074              -159.350    147.087    4096
       1628 13.56666666667   26.62964   254.64733              -159.185    142.576    4096
       1629 13.57500000000   26.49698   254.43477              -159.021    150.761    4096
       1630 13.58333333333   26.36369   254.22304              -158.864    152.284    4096
       1631 13.59166666667   26.22979   254.01215              -158.699    156.481    4096
       1632 13.60000000000   26.09527   253.80210              -158.500    154.150    4096
       1633 13.60833333333   25.96015   253.59287              -158.277    147.896    4096
       1634 13.61666666667   25.82444   253.38448              -158.166    147.230    4096
       1635 13.62500000000   25.68814   253.17691              -158.143    147.639    4096
       1636 13.63333333333   25.55127   252.97016              -157.884    156.491    4096
       1637 13.64166666667   25.41383   252.76423              -157.741    151.066    4096
       1638 13.65000000000   25.27583   252.55911              -157.609    146.811    4096
       1639 13.65833333333   25.13728   252.35480              -157.508    152.960    4096
       1640 13.66666666667   24.99819   252.15130              -157.349    158.118    4096
       1641 13.67500000000   24.85856   251.94861              -157.168    152.950    4096
       1642 13.68333333333   24.71841   251.74671              -157.032    152.950    4096
       1643 13.69166666667   24.57775   251.54562              -156.913    150.238    4096
       1644 13.70000000000   24.43657   251.34531              -156.788    145.184    4096
       1645 13.70833333333   24.29490   251.14579              -156.661    151.989    4096
       1646 13.71666666667   24.15273   250.94706              -156.500    152.655    4096
       1647 13.72500000000   24.01007   250.74911              -156.368    154.997    4096
       1648 13.73333333333   23.86695   250.55193              -156.184    154.997    4096
       1649 13.74166666667   23.72335   250.35552              -156.035    155.377    4096
       1650 13.75000000000   23.57929   250.15988              -155.860    152.798    4096
       1651 13.75833333333   23.43478   249.96501              -155.678    152.389    4096
       1652 13.76666666667   23.28983   249.77089              -155.501    153.255    4096
       1653 13.77500000000   23.14444   249.57752              -155.445    153.255    4096
       1654 13.78333333333   22.99862   249.38491              -155.235    157.823    4096
       1655 13.79166666667   22.85238   249.19304              -155.077    144.622    4096
       1656 13.80000000000   22.70573   249.00191              -154.889    152.808    4096
       1657 13.80833333333   22.55867   248.81151              -154.754    158.937    4096
       1658 13.81666666667   22.41121   248.62185              -154.536    162.620    4096
       1659 13.82500000000   22.26337   248.43291              -154.320    160.022    4096
       1660 13.83333333333   22.11514   248.24469              -154.166    162.620    4096
       1661 13.84166666667   21.96653   248.05718              -154.083    162.620    4096
       1662 13.85000000000   21.81755   247.87039              -153.774    154.549    4096
       1663 13.85833333333   21.66822   247.68430              -153.643    140.273    4096
       1664 13.86666666667   21.51853   247.49891              -153.510    140.530    4096
       1665 13.87500000000   21.36849   247.31422              -153.399    152.027    4096
       1666 13.88333333333   21.21812   247.13022              -153.195    152.808    4096
       1667 13.89166666667   21.06741   246.94691              -153.012    154.035    4096
       1668 13.90000000000   20.91638   246.76427              -152.829    149.276    4096
       1669 13.90833333333   20.76503   246.58231              -152.627    144.108    4096
       1670 13.91666666667   20.61337   246.40101              -152.426    147.382    4096
       1671 13.92500000000   20.46141   246.22039              -152.208    154.692    4096
       1672 13.93333333333   20.30915   246.04042              -152.045    152.798    4096
       1673 13.94166666667   20.15659   245.86110              -151.876    152.132    4096
       1674 13.95000000000   20.00376   245.68244              -151.668    142.319    4096
       1675 13.95833333333   19.85065   245.50441              -151.445    143.547    4096
       1676 13.96666666667   19.69727   245.32702              -151.263    146.117    4096
       1677 13.97500000000   19.54362   245.15027              -150.961    153.217    4096
       1678 13.98333333333   19.38972   244.97414              -150.801    153.769    4096
       1679 13.99166666667   19.23557   244.79863              -150.674    150.875    4096
       1680 14.00000000000   19.08106   244.62382              -150.400    144.108    4096
       1681 14.00833333333   18.92655   244.44946              -150.225    142.995    4096
       1682 14.01666666667   18.77169   244.27578              -150.038    148.858    4096
       1683 14.02500000000   18.61660   244.10271              -149.820    148.858    4096
       1684 14.03333333333   18.46130   243.93022              -149.578    164.105    4096
       1685 14.04166666667   18.30578   243.75833              -149.334    156.748    4096
       1686 14.05000000000   18.15006   243.58701              -149.129    164.514    4096
       1687 14.05833333333   17.99414   243.41628              -148.978    163.296    4096
       1688 14.06666666667   17.83803   243.24611              -148.703    169.169    4096
       1689 14.07500000000   17.68173   243.07652              -148.509    158.118    4096