# Created on 2022-09-13 07:34:34 
# Sources: obs\AAV40321.22O, nav\AAV40321.22N
# Satellite: G15
# Interval: 30.0
# Sampling interval: 0.0 (not used).
# Site: AAV4
# Position (L, B, H): 74.6178382249, 43.0232991769, 585.248198851
# Position (X, Y, Z): 1238908.5437, 4503304.8915, 4329793.7299
# datetime format: %Y-%m-%dT%H:%M:%S
# Columns: tsn, hour, el, az, tec.l1l2, tec.p1p2, validity
# (I11,1X,F14.11,1X,F10.5,1X,F11.5,1X,F21.3,1X,F10.3,1X,I7)
       1108  9.23333333333    3.40055   327.84573                 0.000      0.000    5232
       1119  9.32500000000    5.07859   326.64029              -113.586    128.004    4096
       1120  9.33333333333    5.22840   326.52578              -113.644    124.740    4096
       1121  9.34166666667    5.37773   326.41045              -113.731    127.072    4096
       1122  9.35000000000    5.52659   326.29429              -113.784    121.456    4096
       1123  9.35833333333    5.67495   326.17731              -113.836    129.270    4096
       1124  9.36666666667    5.82283   326.05949              -113.837    125.177    4096
       1125  9.37500000000    5.97020   325.94085              -113.963    126.110    4096
       1126  9.38333333333    6.11708   325.82137              -114.101    122.988    4096
       1127  9.39166666667    6.26345   325.70106              -114.247    128.309    4096
       1128  9.40000000000    6.40931   325.57991              -114.308    117.268    4096
       1129  9.40833333333    6.55465   325.45793              -114.384    125.587    4096
       1130  9.41666666667    6.69947   325.33511              -114.450    119.191    4096
       1131  9.42500000000    6.84377   325.21146              -114.554    122.684    4096
       1132  9.43333333333    6.98754   325.08696              -114.755    130.898    4096
       1133  9.44166666667    7.13076   324.96163              -114.820    129.270    4096
       1134  9.45000000000    7.27345   324.83546              -114.975    127.081    4096
       1135  9.45833333333    7.41559   324.70845              -115.119    117.154    4096
       1136  9.46666666667    7.55718   324.58059              -115.189    119.000    4096
       1137  9.47500000000    7.69822   324.45189              -115.328    110.311    4096
       1138  9.48333333333    7.83869   324.32235              -115.412    126.110    4096
       1139  9.49166666667    7.97860   324.19197              -115.526    118.077    4096
       1140  9.50000000000    8.11793   324.06074              -115.658    119.981    4096
       1141  9.50833333333    8.25669   323.92867              -115.762    115.479    4096
       1142  9.51666666667    8.39486   323.79575              -115.999    120.533    4096
       1143  9.52500000000    8.53245   323.66198              -116.146    119.305    4096
       1144  9.53333333333    8.66945   323.52737              -116.331    119.562    4096
       1145  9.54166666667    8.80585   323.39192              -116.454    125.701    4096
       1146  9.55000000000    8.94164   323.25561              -116.525    115.774    4096
       1147  9.55833333333    9.07683   323.11846              -116.782    119.305    4096
       1148  9.56666666667    9.21140   322.98046              -116.850    115.479    4096
       1149  9.57500000000    9.34536   322.84162              -117.039    121.199    4096
       1150  9.58333333333    9.47869   322.70193              -117.128    115.774    4096
       1151  9.59166666667    9.61139   322.56139              -117.258    119.981    4096
       1152  9.60000000000    9.74345   322.42000              -117.358    120.533    4096
       1153  9.60833333333    9.87488   322.27776              -117.579    116.554    4096
       1154  9.61666666667   10.00566   322.13468              -117.818    117.411    4096
       1155  9.62500000000   10.13580   321.99075              -117.969    109.340    4096
       1156  9.63333333333   10.26527   321.84598              -118.084    120.942    4096
       1157  9.64166666667   10.39409   321.70036              -118.227    115.365    4096
       1158  9.65000000000   10.52224   321.55389              -118.302    114.803    4096
       1159  9.65833333333   10.64971   321.40657              -118.319    111.539    4096
       1160  9.66666666667   10.77651   321.25842              -118.519    116.183    4096
       1161  9.67500000000   10.90263   321.10941              -118.647    119.448    4096
       1162  9.68333333333   11.02806   320.95957              -118.662    126.929    4096
       1163  9.69166666667   11.15279   320.80888              -118.796    125.444    4096
       1164  9.70000000000   11.27683   320.65735              -118.989    121.618    4096
       1165  9.70833333333   11.40016   320.50498              -119.153    110.568    4096
       1166  9.71666666667   11.52279   320.35177              -119.290    114.698    4096
       1167  9.72500000000   11.64470   320.19772              -119.369    118.448    4096
       1168  9.73333333333   11.76589   320.04283              -119.384    117.668    4096
       1169  9.74166666667   11.88635   319.88710              -119.452    114.955    4096
       1170  9.75000000000   12.00609   319.73054              -119.575    120.790    4096
       1171  9.75833333333   12.12508   319.57314              -119.618    112.919    4096
       1172  9.76666666667   12.24334   319.41491              -119.817    118.230    4096
       1173  9.77500000000   12.36085   319.25585              -119.941    112.348    4096
       1174  9.78333333333   12.47761   319.09596              -120.048  -2316.688    4096
       1175  9.79166666667   12.59361   318.93524              -120.253    125.025    4096
       1176  9.80000000000   12.70884   318.77369              -120.343    116.964    4096
       1177  9.80833333333   12.82331   318.61131              -120.565    117.925    4096
       1178  9.81666666667   12.93701   318.44812              -120.669    122.018    4096
       1179  9.82500000000   13.04992   318.28410              -120.804    117.782    4096
       1180  9.83333333333   13.16206   318.11926              -120.838    119.153    4096
       1181  9.84166666667   13.27340   317.95361              -121.002    115.479    4096
       1182  9.85000000000   13.38395   317.78714              -121.150    116.183    4096
       1183  9.85833333333   13.49370   317.61986              -121.308    110.977    4096
       1184  9.86666666667   13.60264   317.45176              -121.413    109.787    4096
       1185  9.87500000000   13.71078   317.28286              -121.534    123.245    4096
       1186  9.88333333333   13.81809   317.11315              -121.644    114.251    4096
       1187  9.89166666667   13.92459   316.94264              -121.728    111.234    4096
       1188  9.90000000000   14.03026   316.77133              -121.775    125.549    4096
       1189  9.90833333333   14.13510   316.59922              -121.977    110.158    4096
       1190  9.91666666667   14.23911   316.42631              -122.111    123.398    4096
       1191  9.92500000000   14.34227   316.25261              -122.192    115.888    4096
       1192  9.93333333333   14.44459   316.07812              -122.355    116.992    4096
       1193  9.94166666667   14.54605   315.90285              -122.396    113.280    4096
       1194  9.95000000000   14.64666   315.72679              -122.482    114.917    4096
       1195  9.95833333333   14.74640   315.54996              -122.514    120.019    4096
       1196  9.96666666667   14.84528   315.37234              -122.544    111.282    4096
       1197  9.97500000000   14.94329   315.19395              -122.573    128.004    4096
       1198  9.98333333333   15.04042   315.01480              -122.647    114.556    4096
       1199  9.99166666667   15.13667   314.83488              -122.712    104.210    4096
       1200 10.00000000000   15.23204   314.65419              -122.920    114.546    4096
       1201 10.00833333333   15.32651   314.47275              -123.007    113.842    4096
       1202 10.01666666667   15.42008   314.29055              -123.031    109.749    4096
       1203 10.02500000000   15.51276   314.10760              -123.121    118.896    4096
       1204 10.03333333333   15.60452   313.92390              -123.184    106.228    4096
       1205 10.04166666667   15.69538   313.73946              -123.297    114.099    4096
       1206 10.05000000000   15.78532   313.55428              -123.352    112.919    4096
       1207 10.05833333333   15.87435   313.36837              -123.495    112.205    4096
       1208 10.06666666667   15.96244   313.18173              -123.566    120.638    4096
       1209 10.07500000000   16.04961   312.99436              -123.653    113.023    4096
       1210 10.08333333333   16.13585   312.80628              -123.697    121.761    4096
       1211 10.09166666667   16.22114   312.61747              -123.777    111.681    4096
       1212 10.10000000000   16.30549   312.42796              -123.940  -2326.758    4096
       1213 10.10833333333   16.38890   312.23773              -123.985    115.622    4096
       1214 10.11666666667   16.47135   312.04681              -124.143    114.546    4096
       1215 10.12500000000   16.55285   311.85519              -124.161    118.077    4096
       1216 10.13333333333   16.63339   311.66288              -124.188    117.525    4096
       1217 10.14166666667   16.71296   311.46988              -124.273    117.563    4096
       1218 10.15000000000   16.79156   311.27620              -124.313    113.166    4096
       1219 10.15833333333   16.86919   311.08184              -124.426    116.155    4096
       1220 10.16666666667   16.94584   310.88682              -124.475    120.124    4096
       1221 10.17500000000   17.02151   310.69113              -124.506    105.923    4096
       1222 10.18333333333   17.09620   310.49478              -124.601    116.554    4096
       1223 10.19166666667   17.16989   310.29778              -124.725    110.863    4096
       1224 10.20000000000   17.24260   310.10013              -124.772    115.774    4096
       1225 10.20833333333   17.31430   309.90184              -124.855    118.753    4096
       1226 10.21666666667   17.38500   309.70291              -124.945    108.816    4096
       1227 10.22500000000   17.45470   309.50335              -125.048    112.871    4096
       1228 10.23333333333   17.52339   309.30317              -124.983    114.813    4096
       1229 10.24166666667   17.59107   309.10237              -125.028    115.070    4096
       1230 10.25000000000   17.65773   308.90097              -125.100    106.770    4096
       1231 10.25833333333   17.72337   308.69895              -125.175    113.994    4096
       1232 10.26666666667   17.78799   308.49634              -125.220  -2328.833    4096
       1233 10.27500000000   17.85159   308.29314              -125.234    120.790    4096
       1234 10.28333333333   17.91415   308.08935              -125.258    111.796    4096
       1235 10.29166666667   17.97568   307.88498              -125.381    115.479    4096
       1236 10.30000000000   18.03617   307.68005              -125.356    112.500    4096
       1237 10.30833333333   18.09562   307.47454              -125.386    106.665    4096
       1238 10.31666666667   18.15404   307.26848              -125.504  -2326.643    4096
       1239 10.32500000000   18.21140   307.06187              -125.514    110.977    4096
       1240 10.33333333333   18.26772   306.85472              -125.521    110.415    4096
       1241 10.34166666667   18.32298   306.64703              -125.587    109.235    4096
       1242 10.35000000000   18.37719   306.43881              -125.681    116.031    4096
       1243 10.35833333333   18.43035   306.23007              -125.713    103.915    4096
       1244 10.36666666667   18.48244   306.02081              -125.856    114.508    4096
       1245 10.37500000000   18.53347   305.81104              -125.900    105.400    4096
       1246 10.38333333333   18.58344   305.60078              -126.007    109.340    4096
       1247 10.39166666667   18.63233   305.39002              -126.019    111.386    4096
       1248 10.40000000000   18.68016   305.17878              -126.084    106.894    4096
       1249 10.40833333333   18.72692   304.96707              -126.165    114.403    4096
       1250 10.41666666667   18.77260   304.75488              -126.172    112.614    4096
       1251 10.42500000000   18.81720   304.54223              -126.197    110.197    4096
       1252 10.43333333333   18.86073   304.32913              -126.305    110.054    4096
       1253 10.44166666667   18.90317   304.11558              -126.302    108.303    4096
       1254 10.45000000000   18.94453   303.90160              -126.414    114.803    4096
       1255 10.45833333333   18.98481   303.68719              -126.408    115.365    4096
       1256 10.46666666667   19.02400   303.47235              -126.497     98.195    4096
       1257 10.47500000000   19.06210   303.25710              -126.493    113.690    4096
       1258 10.48333333333   19.09911   303.04145              -126.529    104.990    4096
       1259 10.49166666667   19.13503   302.82539              -126.629    110.463    4096
       1260 10.50000000000   19.16986   302.60895              -126.636  -2321.295    4096
       1261 10.50833333333   19.20359   302.39213              -126.617    105.028    4096
       1262 10.51666666667   19.23623   302.17494              -126.689    112.509    4096
       1263 10.52500000000   19.26777   301.95738              -126.716    108.264    4096
       1264 10.53333333333   19.29821   301.73947              -126.768    112.766    4096
       1265 10.54166666667   19.32755   301.52121              -126.740    102.278    4096
       1266 10.55000000000   19.35579   301.30261              -126.784    110.568    4096
       1267 10.55833333333   19.38293   301.08368              -126.823    113.433    4096
       1268 10.56666666667   19.40897   300.86443              -126.814    105.143    4096
       1269 10.57500000000   19.43390   300.64487              -126.820    107.189    4096
       1270 10.58333333333   19.45774   300.42500              -126.940  -2338.465    4096
       1271 10.59166666667   19.48046   300.20484              -126.993    109.388    4096
       1272 10.60000000000   19.50209   299.98439              -127.030  -2323.626    4096
       1273 10.60833333333   19.52261   299.76366              -126.996     97.214    4096
       1274 10.61666666667   19.54202   299.54267              -126.986    118.448    4096
       1275 10.62500000000   19.56033   299.32141              -127.052    108.674    4096
       1276 10.63333333333   19.57753   299.09990              -127.096    112.766    4096
       1277 10.64166666667   19.59363   298.87814              -127.129    109.635    4096
       1278 10.65000000000   19.60862   298.65615              -127.144    108.264    4096
       1279 10.65833333333   19.62250   298.43394              -127.239    112.205    4096
       1280 10.66666666667   19.63528   298.21151              -127.265  -2323.522    4096
       1281 10.67500000000   19.64696   297.98886              -127.160    104.029    4096
       1282 10.68333333333   19.65753   297.76602              -127.177    110.568    4096
       1283 10.69166666667   19.66700   297.54299              -127.227    111.272    4096
       1284 10.70000000000   19.67536   297.31978              -127.251    107.703    4096
       1285 10.70833333333   19.68262   297.09639              -127.237    110.863    4096
       1286 10.71666666667   19.68878   296.87283              -127.268    104.990    4096
       1287 10.72500000000   19.69384   296.64913              -127.322    110.568    4096
       1288 10.73333333333   19.69779   296.42527              -127.330    110.311    4096
       1289 10.74166666667   19.70065   296.20127              -127.324    109.073    4096
       1290 10.75000000000   19.70241   295.97715              -127.393    108.417    4096
       1291 10.75833333333   19.70307   295.75290              -127.415    112.500    4096
       1292 10.76666666667   19.70264   295.52854              -127.444    113.023    4096
       1293 10.77500000000   19.70111   295.30408              -127.481    113.585    4096
       1294 10.78333333333   19.69848   295.07952              -127.511    110.568    4096
       1295 10.79166666667   19.69477   294.85488              -127.523    115.622    4096
       1296 10.80000000000   19.68997   294.63015              -127.564    112.652    4096
       1297 10.80833333333   19.68407   294.40536              -127.522    117.973    4096
       1298 10.81666666667   19.67709   294.18050              -127.559    100.907    4096
       1299 10.82500000000   19.66903   293.95560              -127.587    117.820    4096
       1300 10.83333333333   19.65988   293.73065              -127.597    108.264    4096
       1301 10.84166666667   19.64965   293.50566              -127.592    108.417    4096
       1302 10.85000000000   19.63835   293.28064              -127.521  -2325.530    4096
       1303 10.85833333333   19.62596   293.05561              -127.580    110.711    4096
       1304 10.86666666667   19.61250   292.83057              -127.612    111.272    4096
       1305 10.87500000000   19.59797   292.60552              -127.608    110.463    4096
       1306 10.88333333333   19.58237   292.38048              -127.637    108.112    4096
       1307 10.89166666667   19.56571   292.15545              -127.598    108.407    4096
       1308 10.90000000000   19.54797   291.93044              -127.628    110.711    4096
       1309 10.90833333333   19.52918   291.70547              -127.595    118.344    4096
       1310 10.91666666667   19.50933   291.48053             18913.325  -2335.495    4096
       1311 10.92500000000   19.48842   291.25564              -127.627    112.509    4096
       1312 10.93333333333   19.46645   291.03080              -127.591    110.463    4096
       1313 10.94166666667   19.44344   290.80602              -127.605    105.400    4096
       1314 10.95000000000   19.41938   290.58132              -127.581     94.102    4096
       1315 10.95833333333   19.39427   290.35669             18913.349    107.303    4096
       1316 10.96666666667   19.36813   290.13214              -127.551    114.251    4096
       1317 10.97500000000   19.34094   289.90769              -127.613     98.185    4096
       1318 10.98333333333   19.31272   289.68334              -127.549    121.504    4096
       1319 10.99166666667   19.28347   289.45910              -127.558    106.884    4096
       1320 11.00000000000   19.25319   289.23497              -127.551    116.450    4096
       1321 11.00833333333   19.22189   289.01096              -127.468    110.977    4096
       1322 11.01666666667   19.18957   288.78708              -127.472    106.323    4096
       1323 11.02500000000   19.15623   288.56334              -127.405    109.635    4096
       1324 11.03333333333   19.12187   288.33974              -127.376    112.509    4096
       1325 11.04166666667   19.08651   288.11630              -127.268    108.674    4096
       1326 11.05000000000   19.05014   287.89301              -127.295    111.948    4096
       1327 11.05833333333   19.01277   287.66989              -127.179    111.796    4096
       1328 11.06666666667   18.97440   287.44694              -127.126    114.955    4096
       1329 11.07500000000   18.93504   287.22416              -127.087    106.932    4096
       1330 11.08333333333   18.89470   287.00157              -127.092    115.365    4096
       1331 11.09166666667   18.85336   286.77918              -126.953    103.772    4096
       1332 11.10000000000   18.81105   286.55698              -126.904    115.365    4096
       1333 11.10833333333   18.76775   286.33499              -126.843    115.365    4096
       1334 11.11666666667   18.72349   286.11320              -126.814  -2324.188    4096
       1335 11.12500000000   18.67826   285.89164              -126.805    115.327    4096
       1336 11.13333333333   18.63207   285.67030              -126.713    106.627    4096
       1337 11.14166666667   18.58491   285.44918              -126.693    119.305    4096
       1338 11.15000000000   18.53681   285.22830              -126.596    115.060    4096
       1339 11.15833333333   18.48775   285.00767              -126.519    111.244    4096
       1340 11.16666666667   18.43775   284.78728              -126.492    112.919    4096
       1341 11.17500000000   18.38681   284.56714              -126.474    107.446    4096
       1342 11.18333333333   18.33494   284.34727              -126.326    115.336    4096
       1343 11.19166666667   18.28213   284.12765              -126.271    100.498    4096
       1344 11.20000000000   18.22840   283.90831              -126.163    116.849    4096
       1345 11.20833333333   18.17375   283.68924              -126.113    105.552    4096
       1346 11.21666666667   18.11819   283.47045             18914.951  -2317.687    4096
       1347 11.22500000000   18.06172   283.25195              -125.868    109.235    4096
       1348 11.23333333333   18.00434   283.03374              -125.813    107.037    4096
       1349 11.24166666667   17.94606   282.81582              -125.711    112.100    4096
       1350 11.25000000000   17.88688   282.59821              -125.649  -2325.416    4096
       1351 11.25833333333   17.82682   282.38090              -125.483    114.289    4096
       1352 11.26666666667   17.76588   282.16390              -125.520     98.223    4096
       1353 11.27500000000   17.70405   281.94721              -125.382    114.917    4096
       1354 11.28333333333   17.64135   281.73085              -125.256    112.909    4096
       1355 11.29166666667   17.57779   281.51480            -14962.400    109.235    4096
       1356 11.30000000000   17.51336   281.29909              -125.211    113.023    4096
       1357 11.30833333333   17.44808   281.08371              -125.109    115.479    4096
       1358 11.31666666667   17.38194   280.86866              -125.043    108.150    4096
       1359 11.32500000000   17.31496   280.65396              -124.950    116.145    4096
       1360 11.33333333333   17.24714   280.43960              -124.856    100.650    4096
       1361 11.34166666667   17.17848   280.22558              -124.843    114.813    4096
       1362 11.35000000000   17.10900   280.01192              -124.657    118.753    4096
       1363 11.35833333333   17.03869   279.79862              -124.596    105.438    4096
       1364 11.36666666667   16.96757   279.58568              -124.526    107.446    4096
       1365 11.37500000000   16.89563   279.37309              -124.400    102.954    4096
       1366 11.38333333333   16.82289   279.16088              -124.272    110.054    4096
       1367 11.39166666667   16.74935   278.94904             18916.763  -2334.420    4096
       1368 11.40000000000   16.67501   278.73756              -124.093    114.955    4096
       1369 11.40833333333   16.59988   278.52647              -124.045    110.872    4096
       1370 11.41666666667   16.52398   278.31575              -123.860    106.113    4096
       1371 11.42500000000   16.44729   278.10542              -123.782    115.222    4096
       1372 11.43333333333   16.36984   277.89547              -123.678     97.252    4096
       1373 11.44166666667   16.29162   277.68591              -123.566    117.002    4096
       1374 11.45000000000   16.21264   277.47674              -123.443    117.259    4096
       1375 11.45833333333   16.13291   277.26796              -123.308    105.657    4096
       1376 11.46666666667   16.05243   277.05958              -123.246    118.077    4096
       1377 11.47500000000   15.97121   276.85159              -123.130    110.749    4096
       1378 11.48333333333   15.88926   276.64401              -122.982    106.523    4096
       1379 11.49166666667   15.80658   276.43683              -122.896    110.872    4096
       1380 11.50000000000   15.72317   276.23005              -122.775    102.021    4096
       1381 11.50833333333   15.63905   276.02368              -122.714    111.424    4096
       1382 11.51666666667   15.55422   275.81772              -122.614    100.498    4096
       1383 11.52500000000   15.46868   275.61217              -122.471    122.170    4096
       1384 11.53333333333   15.38245   275.40703              -122.350    117.259    4096
       1385 11.54166666667   15.29552   275.20231              -122.375    101.459    4096
       1386 11.55000000000   15.20791   274.99800             18918.532  -2330.175    4096
       1387 11.55833333333   15.11962   274.79411              -122.205    116.964    4096
       1388 11.56666666667   15.03065   274.59064              -122.055    110.711    4096
       1389 11.57500000000   14.94102   274.38758              -122.010    110.606    4096
       1390 11.58333333333   14.85073   274.18495              -121.849    110.872    4096
       1391 11.59166666667   14.75978   273.98274              -121.912    113.575    4096
       1392 11.60000000000   14.66818   273.78096              -121.801    117.925    4096
       1393 11.60833333333   14.57594   273.57959              -121.732    111.539    4096
       1394 11.61666666667   14.48306   273.37866              -121.690    108.150    4096
       1395 11.62500000000   14.38956   273.17815              -121.594    110.568    4096
       1396 11.63333333333   14.29542   272.97807              -121.538    110.044    4096
       1397 11.64166666667   14.20067   272.77841              -121.454    111.272    4096
       1398 11.65000000000   14.10531   272.57919              -121.308    119.162    4096
       1399 11.65833333333   14.00934   272.38039              -121.133    117.116    4096
       1400 11.66666666667   13.91278   272.18202              -121.050    102.954    4096
       1401 11.67500000000   13.81562   271.98409              -120.871     99.565    4096
       1402 11.68333333333   13.71787   271.78658              -120.736    134.962    4096
       1403 11.69166666667   13.61954   271.58951              -120.623    112.100    4096
       1404 11.70000000000   13.52064   271.39286              -120.500    117.525    4096
       1405 11.70833333333   13.42117   271.19665              -120.427    119.305    4096
       1406 11.71666666667   13.32114   271.00086              -120.244    124.178    4096
       1407 11.72500000000   13.22055   270.80551              -120.244    112.348    4096
       1408 11.73333333333   13.11941   270.61059              -120.002    120.647    4096
       1409 11.74166666667   13.01773   270.41610              -119.999    116.554    4096
       1410 11.75000000000   12.91551   270.22204              -119.875    125.958    4096
       1411 11.75833333333   12.81276   270.02841              -119.679  -2323.636    4096
       1412 11.76666666667   12.70948   269.83521              -119.601    103.915    4096
       1413 11.77500000000   12.60569   269.64244              -119.494    122.836    4096
       1414 11.78333333333   12.50138   269.45010              -119.336  -2320.362    4096
       1415 11.79166666667   12.39656   269.25819              -119.168    118.639    4096
       1416 11.80000000000   12.29124   269.06670              -119.143    116.040    4096
       1417 11.80833333333   12.18543   268.87564              -119.090    117.411    4096
       1418 11.81666666667   12.07913   268.68501              -118.989    112.053    4096
       1419 11.82500000000   11.97235   268.49481              -118.905    112.100    4096
       1420 11.83333333333   11.86509   268.30503              -118.820    117.782    4096
       1421 11.84166666667   11.75736   268.11567              -118.743    112.757    4096
       1422 11.85000000000   11.64917   267.92674              -118.579    126.929    4096
       1423 11.85833333333   11.54051   267.73822              -118.429    117.373    4096
       1424 11.86666666667   11.43141   267.55013             18922.604  -2327.310    4096
       1425 11.87500000000   11.32186   267.36246              -118.280    113.623    4096
       1426 11.88333333333   11.21187   267.17521              -118.104    121.865    4096
       1427 11.89166666667   11.10144   266.98837              -117.967    107.332    4096
       1428 11.90000000000   10.99059   266.80195              -117.997    121.094    4096
       1429 11.90833333333   10.87931   266.61595              -117.830    126.367    4096
       1430 11.91666666667   10.76761   266.43036              -117.724    101.307    4096
       1431 11.92500000000   10.65551   266.24518              -117.550    121.865    4096
       1432 11.93333333333   10.54300   266.06041              -117.434    121.351    4096
       1433 11.94166666667   10.43009   265.87605              -117.319    120.799    4096
       1434 11.95000000000   10.31679   265.69209              -117.187    132.202    4096
       1435 11.95833333333   10.20310   265.50855              -117.032    118.077    4096
       1436 11.96666666667   10.08903   265.32540              -116.846    103.658    4096
       1437 11.97500000000    9.97458   265.14266              -116.635    118.087    4096
       1438 11.98333333333    9.85977   264.96032              -116.563    124.483    4096
       1439 11.99166666667    9.74459   264.77838              -116.476    124.882    4096
       1440 12.00000000000    9.62905   264.59683              -116.427    115.212    4096
       1441 12.00833333333    9.51316   264.41568              -116.360    109.787    4096
       1442 12.01666666667    9.39692   264.23492              -116.254    127.900    4096
       1443 12.02500000000    9.28034   264.05455              -116.137    122.056    4096
       1444 12.03333333333    9.16342   263.87458              -116.089    124.216    4096
       1445 12.04166666667    9.04618   263.69499              -115.960    117.525    4096
       1446 12.05000000000    8.92861   263.51578              -115.819    117.259    4096
       1447 12.05833333333    8.81072   263.33696              -115.891    119.305    4096
       1448 12.06666666667    8.69252   263.15852              -115.740    114.289    4096
       1449 12.07500000000    8.57401   262.98045              -115.634    112.500    4096
       1450 12.08333333333    8.45520   262.80276              -115.491    110.711    4096
       1451 12.09166666667    8.33609   262.62545              -115.524    112.500    4096
       1452 12.10000000000    8.21669   262.44851              -115.492    119.162    4096
       1453 12.10833333333    8.09701   262.27194              -115.338    122.018    4096
       1454 12.11666666667    7.97704   262.09573              -115.379    102.687    4096
       1455 12.12500000000    7.85680   261.91989              -115.300    127.852    4096
       1456 12.13333333333    7.73630   261.74441              -115.107    131.688    4096
       1457 12.14166666667    7.61552   261.56929              -115.022    114.546    4096
       1458 12.15000000000    7.49449   261.39453              -115.024    115.622    4096
       1459 12.15833333333    7.37321   261.22012              -114.830    108.816    4096
       1460 12.16666666667    7.25168   261.04607              -114.849    142.062    4096
       1461 12.17500000000    7.12991   260.87236              -114.677    106.113    4096
       1462 12.18333333333    7.00790   260.69901              -114.692    119.562    4096
       1463 12.19166666667    6.88565   260.52599              -114.649    119.457    4096
       1464 12.20000000000    6.76319   260.35332              -114.340    121.903    4096
       1465 12.20833333333    6.64050   260.18099              -114.077    106.228    4096
       1468 12.23333333333    6.27115   259.66600              -121.854    119.714    4099
       1469 12.24166666667    6.14762   259.49500              -121.499    131.012    4096
       1470 12.25000000000    6.02390   259.32433              -121.323    123.131    4096
       1471 12.25833333333    5.89999   259.15397              -121.286    117.268    4096
       1472 12.26666666667    5.77590   258.98394              -121.174    125.149    4096
       1473 12.27500000000    5.65162   258.81423              -121.036    115.631    4096
       1474 12.28333333333    5.52717   258.64482              -121.005    135.219    4096
       1475 12.29166666667    5.40255   258.47573              -120.915    111.796    4096
       1476 12.30000000000    5.27776   258.30695              -120.944    123.759    4096
       1477 12.30833333333    5.15281   258.13848              -120.576    108.379    4096
       1478 12.31666666667    5.02771   257.97031              -120.480    119.981    4096
       1479 12.32500000000    4.90246   257.80244              -120.361    131.688    4096
       1480 12.33333333333    4.77706   257.63486              -120.267    135.514    4096
       1481 12.34166666667    4.65152   257.46758              -120.141    122.322    4096
       1482 12.35000000000    4.52584   257.30059              -119.943    115.622    4096
       1483 12.35833333333    4.40003   257.13389              -119.840    125.587    4096
       1484 12.36666666667    4.27410   256.96747              -119.743    129.232    4096
       1485 12.37500000000    4.14804   256.80134              -119.580    123.103    4096
       1486 12.38333333333    4.02187   256.63549              -119.455    120.533    4096
       1487 12.39166666667    3.89559   256.46991              -119.465    113.880    4096
       1488 12.40000000000    3.76919   256.30460              -119.377  -2306.751    4096
       1489 12.40833333333    3.64270   256.13957              -119.192    119.714    4096
       1490 12.41666666667    3.51611   255.97480              -118.987    129.527    4096
       1491 12.42500000000    3.38942   255.81030              -118.946    102.135    4096
       1492 12.43333333333    3.26264   255.64605              -118.889    124.882    4096
       1493 12.44166666667    3.13578   255.48207              -118.892    120.533    4096
       1494 12.45000000000    3.00885   255.31834              -118.866    130.764    4096
       1495 12.45833333333    2.88183   255.15486                 0.000      0.000    5752
       1496 12.46666666667    2.75475   254.99163              -138.317    128.271    4097
       1497 12.47500000000    2.62759   254.82864              -132.245    128.004    4099
       1498 12.48333333333    2.50038   254.66590              -132.307    107.598    4096
       1499 12.49166666667    2.37311   254.50340              -132.037  -2292.322    4097
       1500 12.50000000000    2.24579   254.34113              -132.113    129.232    4097
       1502 12.51666666667    1.99101   254.01729                 0.000      0.000    5233
       2132 17.76666666667   11.75945   161.25886                 0.000      0.000    5200
       2133 17.77500000000   11.94815   161.16116               -82.955    102.278    4096
       2134 17.78333333333   12.13719   161.06341                 0.000      0.000    5233
       2136 17.80000000000   12.51624   160.86771                 0.000      0.000    5233
       2137 17.80833333333   12.70625   160.76975               -25.656     76.551    4096
       2138 17.81666666667   12.89659   160.67172               -25.536     99.156    4097
       2139 17.82500000000   13.08724   160.57361               -25.486     94.245    4096
       2140 17.83333333333   13.27821   160.47541               -25.416     84.175    4096
       2141 17.84166666667   13.46950   160.37713               -25.463     67.405    4096
       2142 17.85000000000   13.66110   160.27874               -25.544    117.106    4096
       2143 17.85833333333   13.85301   160.18026               -25.757     96.253    4096
       2144 17.86666666667   14.04523   160.08167               -25.450     88.820    4096
       2145 17.87500000000   14.23776   159.98297               -25.430     94.397    4096
       2146 17.88333333333   14.43059   159.88415               -25.508     76.399    4096
       2147 17.89166666667   14.62373   159.78521               -25.739     83.880    4096
       2148 17.90000000000   14.81717   159.68614               -25.824     90.152    4096
       2149 17.90833333333   15.01090   159.58694               -25.828     58.962    4096
       2150 17.91666666667   15.20494   159.48760               -25.620     78.740    4096
       2151 17.92500000000   15.39926   159.38811               -25.600     96.700    4096
       2152 17.93333333333   15.59388   159.28848               -25.488    109.902    4096
       2153 17.94166666667   15.78878   159.18869               -25.580     98.042    4096
       2154 17.95000000000   15.98398   159.08873               -25.472     96.957    4096
       2155 17.95833333333   16.17946   158.98862               -25.430  -2333.192    4096
       2156 17.96666666667   16.37522   158.88832               -25.193    102.287    4096
       2157 17.97500000000   16.57126   158.78785               -25.077     94.245    4096
       2158 17.98333333333   16.76757   158.68720               -25.050     95.882    4096
       2159 17.99166666667   16.96417   158.58635               -25.000     85.508    4096
       2160 18.00000000000   17.16015   158.48550               -24.919     92.465    4096
       2161 18.00833333333   17.35817   158.38407               -24.809     82.947    4096
       2162 18.01666666667   17.55557   158.28261               -24.785    100.641    4096
       2163 18.02500000000   17.75324   158.18094               -24.670     99.718    4096
       2164 18.03333333333   17.95117   158.07905               -24.626     96.700    4096
       2165 18.04166666667   18.14936   157.97693               -24.636    103.363    4096
       2166 18.05000000000   18.34781   157.87458               -24.570     88.001    4096
       2167 18.05833333333   18.54651   157.77199               -24.617     86.516    4096
       2168 18.06666666667   18.74547   157.66915               -24.574     85.251    4096
       2169 18.07500000000   18.94467   157.56605               -24.615     93.579    4096
       2170 18.08333333333   19.14412   157.46270               -24.626    100.241    4096
       2171 18.09166666667   19.34382   157.35907               -24.695     94.093    4096
       2172 18.10000000000   19.54375   157.25518               -24.868    101.869    4096
       2173 18.10833333333   19.74393   157.15100               -25.004     87.297    4096
       2174 18.11666666667   19.94434   157.04653               -25.019     87.706    4096
       2175 18.12500000000   20.14498   156.94177               -25.086     77.484    4096
       2176 18.13333333333   20.34585   156.83671               -25.237     95.320    4096
       2177 18.14166666667   20.54695   156.73134               -25.399     95.473    4096
       2178 18.15000000000   20.74828   156.62565               -25.490     87.297    4096
       2179 18.15833333333   20.94982   156.51963               -25.505     95.996    4096
       2180 18.16666666667   21.15158   156.41329               -25.675     98.042    4096
       2181 18.17500000000   21.35356   156.30661               -25.568     89.600    4096
       2182 18.18333333333   21.55575   156.19958               -25.749     91.237    4096
       2183 18.19166666667   21.75815   156.09220               -25.688     94.207    4096
       2184 18.20000000000   21.96075   155.98446               -25.689     86.888    4096
       2185 18.20833333333   22.16356   155.87635               -25.749     89.600    4096
       2186 18.21666666667   22.36656   155.76786               -25.786     93.683    4096
       2187 18.22500000000   22.56976   155.65898               -25.852     97.110    4096
       2188 18.23333333333   22.77316   155.54972               -25.783     89.334    4096
       2189 18.24166666667   22.97674   155.44005               -25.802     86.221    4096
       2190 18.25000000000   23.18051   155.32997               -25.787     98.747    4096
       2191 18.25833333333   23.38446   155.21948               -25.881     92.198    4096
       2192 18.26666666667   23.58859   155.10856               -25.849     85.955    4096
       2193 18.27500000000   23.79290   154.99720               -25.727     81.976    4096
       2194 18.28333333333   23.99737   154.88541               -25.720     86.326    4096
       2195 18.29166666667   24.20202   154.77316               -25.761    102.278    4096
       2196 18.30000000000   24.40683   154.66045               -25.830     92.094    4096
       2197 18.30833333333   24.61180   154.54728               -25.800     94.654    4096
       2198 18.31666666667   24.81693   154.43362               -25.855     83.509    4096
       2199 18.32500000000   25.02221   154.31948               -25.839     85.660    4096
       2200 18.33333333333   25.22765   154.20485               -25.869    100.231    4096
       2201 18.34166666667   25.43323   154.08971               -25.828    100.907    4096
       2202 18.35000000000   25.63895   153.97405               -25.736     84.023    4096
       2203 18.35833333333   25.84481   153.85787               -25.845     85.393    4096
       2204 18.36666666667   26.05080   153.74116               -25.774     99.527    4096
       2205 18.37500000000   26.25692   153.62391               -25.827     89.457    4096
       2206 18.38333333333   26.46317   153.50610               -25.902     95.063    4096
       2207 18.39166666667   26.66954   153.38774               -25.907     85.508    4096
       2208 18.40000000000   26.87603   153.26880               -25.892     97.928    4096
       2209 18.40833333333   27.08264   153.14928               -25.929     96.558    4096
       2210 18.41666666667   27.28935   153.02916               -25.972     91.799    4096
       2211 18.42500000000   27.49617   152.90845               -26.033     82.538    4096
       2212 18.43333333333   27.70308   152.78712               -25.971     92.046    4096
       2213 18.44166666667   27.91010   152.66517               -26.022     95.996    4096
       2214 18.45000000000   28.11720   152.54259               -26.128     91.237    4096
       2215 18.45833333333   28.32439   152.41936               -26.175  -2348.687    4096
       2216 18.46666666667   28.53167   152.29548               -26.215     90.980    4096
       2217 18.47500000000   28.73902   152.17093               -26.244     88.934    4096
       2218 18.48333333333   28.94644   152.04570               -26.309     95.844    4096
       2219 18.49166666667   29.15394   151.91979               -26.404     97.481    4096
       2220 18.50000000000   29.36149   151.79318               -26.386     85.917    4096
       2221 18.50833333333   29.56911   151.66586               -26.361     86.583    4096
       2222 18.51666666667   29.77677   151.53781               -26.366     85.136    4096
       2223 18.52500000000   29.98449   151.40903               -26.416    102.944    4096
       2224 18.53333333333   30.19225   151.27951               -26.454     87.706    4096
       2225 18.54166666667   30.40004   151.14923               -26.485     98.042    4096
       2226 18.55000000000   30.60787   151.01818               -26.517     93.017    4096
       2227 18.55833333333   30.81573   150.88635               -26.594     88.115    4096
       2228 18.56666666667   31.02361   150.75372               -26.596     89.743    4096
       2229 18.57500000000   31.23150   150.62029               -26.641     94.245    4096
       2230 18.58333333333   31.43941   150.48604               -26.678     97.224    4096
       2231 18.59166666667   31.64732   150.35096               -26.722     90.571    4096
       2232 18.60000000000   31.85523   150.21504               -26.770     90.971    4096
       2233 18.60833333333   32.06313   150.07825               -26.840     99.270    4096
       2234 18.61666666667   32.27103   149.94060               -26.916     86.478    4096
       2235 18.62500000000   32.47890   149.80207               -26.858     87.858    4096
       2236 18.63333333333   32.68675   149.66263               -26.915     95.216    4096
       2237 18.64166666667   32.89457   149.52229               -27.018     97.785    4096
       2238 18.65000000000   33.10235   149.38103               -27.057     93.131    4096
       2239 18.65833333333   33.31009   149.23882               -27.115     93.027    4096
       2240 18.66666666667   33.51779   149.09567               -27.105     91.942    4096
       2241 18.67500000000   33.72542   148.95154               -27.115     93.845    4096
       2242 18.68333333333   33.93300   148.80644               -27.172     93.950    4096
       2243 18.69166666667   34.14050   148.66035               -27.233     88.677    4096
       2244 18.70000000000   34.34793   148.51324               -27.174     92.874    4096
       2245 18.70833333333   34.55528   148.36511               -27.240     91.237    4096
       2246 18.71666666667   34.76255   148.21594               -27.313     93.017    4096
       2247 18.72500000000   34.96971   148.06572               -27.369     93.845    4096
       2248 18.73333333333   35.17677   147.91443               -27.488     92.903    4096
       2249 18.74166666667   35.38373   147.76206               -27.529     91.237    4096
       2250 18.75000000000   35.59056   147.60859               -27.582     87.449    4096
       2251 18.75833333333   35.79727   147.45400               -27.641     96.034    4096
       2252 18.76666666667   36.00385   147.29828               -27.702     88.268    4096
       2253 18.77500000000   36.21029   147.14141               -27.770     91.646    4096
       2254 18.78333333333   36.41658   146.98338               -27.760     93.836    4096
       2255 18.79166666667   36.62272   146.82417               -27.755     92.874    4096
       2256 18.80000000000   36.82870   146.66376               -27.831     91.389    4096
       2257 18.80833333333   37.03450   146.50214               -27.809     92.874    4096
       2258 18.81666666667   37.24013   146.33930               -27.776     87.706    4096
       2259 18.82500000000   37.44557   146.17520               -27.816     93.027    4096
       2260 18.83333333333   37.65081   146.00984               -27.849     92.760    4096
       2261 18.84166666667   37.85585   145.84321               -27.906     96.700    4096
       2262 18.85000000000   38.06068   145.67527               -27.915     82.528    4096
       2263 18.85833333333   38.26529   145.50602               -27.924     93.169    4096
       2264 18.86666666667   38.46966   145.33543               -27.895     92.056    4096
       2265 18.87500000000   38.67380   145.16349               -27.984     94.245    4096
       2266 18.88333333333   38.87769   144.99019               -28.009     91.123    4096
       2267 18.89166666667   39.08133   144.81549               -28.030     96.139    4096
       2268 18.90000000000   39.28470   144.63939               -28.073     93.131    4096
       2269 18.90833333333   39.48779   144.46187               -28.107     90.047    4096
       2270 18.91666666667   39.69060   144.28290               -28.123     91.799    4096
       2271 18.92500000000   39.89311   144.10247               -28.139     90.980    4096
       2272 18.93333333333   40.09532   143.92056               -28.106     91.123    4096
       2273 18.94166666667   40.29722   143.73714               -28.199     94.540    4096
       2274 18.95000000000   40.49879   143.55221               -28.267     91.789    4096
       2275 18.95833333333   40.70003   143.36574               -28.274     90.980    4096
       2276 18.96666666667   40.90092   143.17771               -28.236     85.251    4096
       2277 18.97500000000   41.10146   142.98810               -28.270     95.996    4096
       2278 18.98333333333   41.30163   142.79689               -28.306  -2343.376    4096
       2279 18.99166666667   41.50143   142.60406               -28.329     92.465    4096
       2280 19.00000000000   41.70084   142.40959               -28.356     98.042    4096
       2281 19.00833333333   41.89985   142.21347               -28.416     86.364    4096
       2282 19.01666666667   42.09845   142.01566               -28.413     93.540    4096
       2283 19.02500000000   42.29663   141.81615               -28.459  -2342.700    4096
       2284 19.03333333333   42.49437   141.61492               -28.510     84.994    4096
       2285 19.04166666667   42.69168   141.41195               -28.516     88.258    4096
       2286 19.05000000000   42.88852   141.20722               -28.546     93.550    4096
       2287 19.05833333333   43.08490   141.00070               -28.567     88.001    4096
       2288 19.06666666667   43.28080   140.79237               -28.596     92.608    4096
       2289 19.07500000000   43.47621   140.58222               -28.611     96.548    4096
       2290 19.08333333333   43.67111   140.37022               -28.631     88.001    4096
       2291 19.09166666667   43.86550   140.15634               -28.616     88.372    4096
       2292 19.10000000000   44.05935   139.94058               -28.692     92.465    4096
       2293 19.10833333333   44.25267   139.72290               -28.715     88.001    4096
       2294 19.11666666667   44.44542   139.50329               -28.732     94.397    4096
       2295 19.12500000000   44.63761   139.28172               -28.687     86.478    4096
       2296 19.13333333333   44.82922   139.05817               -28.702  -2341.072    4096
       2297 19.14166666667   45.02022   138.83262               -28.770     90.162    4096
       2298 19.15000000000   45.21062   138.60504               -28.783     80.901    4096
       2299 19.15833333333   45.40039   138.37542               -28.817     99.565    4096
       2300 19.16666666667   45.58953   138.14373               -28.853     87.183    4096
       2301 19.17500000000   45.77801   137.90996               -28.874     93.284    4096
       2302 19.18333333333   45.96583   137.67407               -28.877     88.515    4096
       2303 19.19166666667   46.15296   137.43604               -28.905     91.094    4096
       2304 19.20000000000   46.33940   137.19586               -28.907     88.115    4096
       2305 19.20833333333   46.52512   136.95351               -28.967     95.473    4096
       2306 19.21666666667   46.71012   136.70895               -29.009     88.629    4096
       2307 19.22500000000   46.89437   136.46217               -29.096     91.532    4096
       2308 19.23333333333   47.07787   136.21314               -29.097     90.457    4096
       2309 19.24166666667   47.26059   135.96185               -29.131     92.056    4096
       2310 19.25000000000   47.44253   135.70827               -29.136     86.926    4096
       2311 19.25833333333   47.62365   135.45238               -29.180     95.587    4096
       2312 19.26666666667   47.80396   135.19416               -29.227     88.001    4096
       2313 19.27500000000   47.98342   134.93359               -29.237     93.950    4096
       2314 19.28333333333   48.16203   134.67064               -29.261     91.903    4096
       2315 19.29166666667   48.33977   134.40530               -29.321     89.743    4096
       2316 19.30000000000   48.51662   134.13754               -29.352     88.525    4096
       2317 19.30833333333   48.69255   133.86734               -29.413     87.554    4096
       2318 19.31666666667   48.86757   133.59469               -29.475     90.971    4096
       2319 19.32500000000   49.04164   133.31956               -29.499     87.706    4096
       2320 19.33333333333   49.21475   133.04193               -29.551     87.858    4096
       2321 19.34166666667   49.38689   132.76178               -29.580     90.457    4096
       2322 19.35000000000   49.55802   132.47910               -29.649  -2342.966    4096
       2323 19.35833333333   49.72815   132.19386               -29.673     88.372    4096
       2324 19.36666666667   49.89723   131.90604               -29.730     93.579    4096
       2325 19.37500000000   50.06527   131.61563               -29.746     88.115    4096
       2326 19.38333333333   50.23223   131.32261               -29.799     89.752    4096
       2327 19.39166666667   50.39811   131.02697               -29.808     88.677    4096
       2328 19.40000000000   50.56287   130.72867               -29.864     92.979    4096
       2329 19.40833333333   50.72650   130.42772               -29.867     85.251    4096
       2330 19.41666666667   50.88899   130.12408               -29.894     94.921    4096
       2331 19.42500000000   51.05030   129.81775               -29.909     90.866    4096
       2332 19.43333333333   51.21043   129.50872               -29.949     87.183    4096
       2333 19.44166666667   51.36934   129.19695               -29.984     91.646    4096
       2334 19.45000000000   51.52703   128.88246               -29.981     89.905    4096
       2335 19.45833333333   51.68346   128.56521               -29.997     90.828    4096
       2336 19.46666666667   51.83863   128.24519               -30.040     88.372    4096
       2337 19.47500000000   51.99250   127.92241               -30.070     89.457    4096
       2338 19.48333333333   52.14506   127.59684               -30.092     88.106    4096
       2339 19.49166666667   52.29629   127.26847                 0.000      0.000    5232
       2340 19.50000000000   52.44616   126.93729               -32.471     93.579    4096
       2341 19.50833333333   52.59466   126.60331               -32.518     90.676    4096
       2342 19.51666666667   52.74175   126.26650               -32.535     89.229    4098
       2343 19.52500000000   52.88743   125.92686               -30.207     91.123    4098
       2344 19.53333333333   53.03167   125.58439               -32.573     90.009    4096
       2345 19.54166666667   53.17444   125.23908               -32.548     86.888    4096
       2346 19.55000000000   53.31573   124.89093                 0.000      0.000    5200
       2347 19.55833333333   53.45551   124.53994               -32.610     92.722    4096
       2348 19.56666666667   53.59376   124.18609               -27.988     86.221    4098
       2349 19.57500000000   53.73046   123.82940               -28.034     92.465    4096
       2350 19.58333333333   53.86558   123.46987               -30.363     89.486    4098
       2351 19.59166666667   53.99911   123.10748               -30.399     93.579    4096
       2352 19.60000000000   54.13102   122.74226               -30.388     87.440    4096
       2353 19.60833333333   54.26130   122.37420               -30.399     89.334    4098
       2354 19.61666666667   54.38990   122.00331                 0.000      0.000    5232
       2355 19.62500000000   54.51683   121.62960               -32.821     87.440    4096
       2356 19.63333333333   54.64204   121.25307               -28.195     90.152    4098
       2357 19.64166666667   54.76552   120.87373               -30.534     90.009    4096
       2358 19.65000000000   54.88726   120.49160               -28.212     87.040    4096
       2359 19.65833333333   55.00721   120.10669               -28.275     87.849    4096
       2360 19.66666666667   55.12537   119.71901                 0.000      0.000    5200
       2361 19.67500000000   55.24171   119.32858               -28.313     92.094    4096
       2362 19.68333333333   55.35621   118.93542               -28.310     87.297    4096
       2363 19.69166666667   55.46884   118.53954               -28.347  -2344.746    4096
       2364 19.70000000000   55.57959   118.14097               -28.380     86.888    4096
       2365 19.70833333333   55.68842   117.73973               -28.387     91.228    4096
       2366 19.71666666667   55.79533   117.33584               -28.432     93.836    4096
       2367 19.72500000000   55.90029   116.92933               -28.471     87.706    4096
       2368 19.73333333333   56.00327   116.52023               -28.447     90.571    4096
       2369 19.74166666667   56.10426   116.10856                 0.000      0.000    5200
       2370 19.75000000000   56.20324   115.69436               -30.827     90.009    4096
       2371 19.75833333333   56.30017   115.27767               -30.843     91.389    4096
       2372 19.76666666667   56.39505   114.85850               -30.859     86.212    4096
       2373 19.77500000000   56.48786   114.43691               -30.910     90.980    4096
       2374 19.78333333333   56.57856   114.01292               -30.946     87.706    4096
       2375 19.79166666667   56.66714   113.58659               -28.601     90.009    4098
       2376 19.80000000000   56.75359   113.15795               -28.645     90.009    4096
       2377 19.80833333333   56.83788   112.72704                 0.000      0.000    5200
       2378 19.81666666667   56.91999   112.29392               -26.362     90.009    4096
       2379 19.82500000000   56.99991   111.85863                 0.000      0.000    5200
       2380 19.83333333333   57.07761   111.42121                 0.000      0.000    5200
       2381 19.84166666667   57.15308   110.98173               -26.428     89.457    4096
       2382 19.85000000000   57.22631   110.54022               -28.770  -2344.746    4096
       2383 19.85833333333   57.29726   110.09676               -24.130     88.934    4096
       2384 19.86666666667   57.36593   109.65139                 0.000      0.000    5200
       2385 19.87500000000   57.43230   109.20418               -24.173     89.905    4096
       2386 19.88333333333   57.49635   108.75518                 0.000      0.000    5200
       2387 19.89166666667   57.55807   108.30445               -24.218     87.040    4096
       2388 19.90000000000   57.61745   107.85207                 0.000      0.000    5232
       2389 19.90833333333   57.67446   107.39808                 0.000      0.000    5200
       2390 19.91666666667   57.72909   106.94257               -26.587     88.001    4096
       2391 19.92500000000   57.78134   106.48560                 0.000      0.000    5200
       2392 19.93333333333   57.83118   106.02724               -21.970     88.934    4096
       2393 19.94166666667   57.87861   105.56756               -28.977  -2346.793    4098
       2394 19.95000000000   57.92361   105.10663               -29.008     91.380    4098
       2395 19.95833333333   57.96617   104.64453                 0.000      0.000    5232
       2396 19.96666666667   58.00628   104.18133                 0.000      0.000    5200
       2397 19.97500000000   58.04393   103.71711               -22.066     86.469    4096
       2398 19.98333333333   58.07912   103.25195               -29.054     91.646    4096
       2399 19.99166666667   58.11182   102.78592                 0.000      0.000    5200
       2400 20.00000000000   58.14217   102.32080               -24.449     89.039    4096
       2401 20.00833333333   58.16977   101.85160                 0.000      0.000    5200
       2402 20.01666666667   58.19500   101.38347               -26.807     87.592    4096
       2403 20.02500000000   58.21772   100.91480               -24.512     90.304    4098
       2404 20.03333333333   58.23792   100.44567                 0.000      0.000    5200
       2405 20.04166666667   58.25561    99.97618               -26.857     87.858    4096
       2406 20.05000000000   58.27078    99.50639               -24.535     90.314    4096
       2407 20.05833333333   58.28342    99.03641               -22.278     87.592    4098
       2408 20.06666666667   58.29353    98.56631               -24.577     87.849    4096
       2409 20.07500000000   58.30111    98.09618               -29.262     91.237    4098
       2410 20.08333333333   58.30616    97.62611               -24.617     87.563    4098
       2411 20.09166666667   58.30868    97.15619                 0.000      0.000    5232
       2412 20.10000000000   58.30866    96.68649               -24.648     88.115    4096
       2413 20.10833333333   58.30611    96.21711                 0.000      0.000    5232
       2414 20.11666666667   58.30103    95.74813               -24.658     89.857    4096
       2415 20.12500000000   58.29343    95.27964               -24.701     90.266    4096
       2416 20.13333333333   58.28329    94.81173               -24.711     90.162    4096
       2417 20.14166666667   58.27064    94.34448               -22.395     84.432    4096
       2418 20.15000000000   58.25546    93.87797               -22.399     90.162    4096
       2419 20.15833333333   58.23777    93.41229               -29.407     89.752    4098
       2420 20.16666666667   58.21757    92.94753               -24.760     89.752    4096
       2421 20.17500000000   58.19487    92.48376               -20.134     86.069    4098
       2422 20.18333333333   58.16968    92.02108                 0.000      0.000    5200
       2423 20.19166666667   58.14199    91.55956               -24.829     89.086    4096
       2424 20.20000000000   58.11183    91.09928                 0.000      0.000    5200
       2425 20.20833333333   58.07920    90.64033               -20.201     86.888    4096
       2426 20.21666666667   58.04410    90.18277                 0.000      0.000    5232
       2427 20.22500000000   58.00656    89.72670                 0.000      0.000    5200
       2428 20.23333333333   57.96657    89.27218               -22.584     87.297    4096
       2429 20.24166666667   57.92415    88.81930                 0.000      0.000    5200
       2430 20.25000000000   57.87932    88.36812               -20.297     85.136    4096
       2431 20.25833333333   57.83208    87.91872               -22.630     87.440    4096
       2432 20.26666666667   57.78244    87.47117               -22.621     87.297    4096
       2433 20.27500000000   57.73043    87.02554                 0.000      0.000    5200
       2434 20.28333333333   57.67606    86.58189               -20.347     83.909    4096
       2435 20.29166666667   57.61933    86.14030               -20.361     86.888    4098
       2436 20.30000000000   57.56027    85.70083               -22.708     88.934    4098
       2437 20.30833333333   57.49889    85.26354                 0.000      0.000    5200
       2438 20.31666666667   57.43520    84.82850                 0.000      0.000    5200
       2439 20.32500000000   57.36923    84.39576                 0.000      0.000    5200
       2440 20.33333333333   57.30098    83.96539                 0.000      0.000    5200
       2441 20.34166666667   57.23049    83.53743               -22.761     88.258    4096
       2442 20.35000000000   57.15776    83.11195               -20.490     87.440    4096
       2443 20.35833333333   57.08281    82.68900               -18.174     85.508    4096
       2444 20.36666666667   57.00566    82.26863               -25.152     88.420    4098
       2445 20.37500000000   56.92633    81.85088               -25.163     86.888    4098
       2446 20.38333333333   56.84484    81.43581               -20.538     87.592    4096
       2447 20.39166666667   56.76121    81.02346               -20.564     88.106    4096
       2448 20.40000000000   56.67546    80.61388               -22.881     86.888    4098
       2449 20.40833333333   56.58761    80.20710               -20.586     83.204    4096
       2450 20.41666666667   56.49767    79.80317               -20.607     88.934    4098
       2451 20.42500000000   56.40568    79.40213               -22.930     87.849    4098
       2452 20.43333333333   56.31164    79.00401               -22.930     88.115    4096
       2453 20.44166666667   56.21559    78.60885               -25.266     90.266    4098
       2454 20.45000000000   56.11753    78.21667               -20.635     87.440    4096
       2455 20.45833333333   56.01750    77.82752               -22.963     86.631    4096
       2456 20.46666666667   55.91552    77.44142                 0.000      0.000    5200
       2457 20.47500000000   55.81160    77.05839               -20.654     88.258    4096
       2458 20.48333333333   55.70577    76.67847               -20.697     89.039    4096
       2459 20.49166666667   55.59806    76.30168                 0.000      0.000    5200
       2460 20.50000000000   55.48847    75.92804                 0.000      0.000    5200
       2461 20.50833333333   55.37704    75.55757               -22.999     90.152    4096
       2462 20.51666666667   55.26379    75.19029                 0.000      0.000    5200
       2463 20.52500000000   55.14874    74.82621               -23.036     88.001    4096
       2464 20.53333333333   55.03190    74.46536                 0.000      0.000    5200
       2465 20.54166666667   54.91332    74.10775               -20.676     87.440    4096
       2466 20.55000000000   54.79300    73.75339               -20.684     86.478    4096
       2467 20.55833333333   54.67097    73.40230               -22.988  -2347.611    4096
       2468 20.56666666667   54.54725    73.05447               -23.014     87.963    4096
       2469 20.57500000000   54.42186    72.70993               -20.688     85.955    4098
       2470 20.58333333333   54.29483    72.36867               -23.016     86.326    4096
       2471 20.59166666667   54.16618    72.03071               -20.683     87.706    4098
       2472 20.60000000000   54.03593    71.69604               -20.696     86.516    4098
       2473 20.60833333333   53.90411    71.36468               -22.986     89.752    4098
       2474 20.61666666667   53.77073    71.03662               -20.694     86.069    4098
       2475 20.62500000000   53.63582    70.71187               -23.012     88.258    4096
       2476 20.63333333333   53.49940    70.39042               -23.005     90.676    4098
       2477 20.64166666667   53.36149    70.07227               -20.700  -2350.742    4096
       2478 20.65000000000   53.22212    69.75743               -20.714     88.791    4098
       2479 20.65833333333   53.08130    69.44588                 0.000      0.000    5200
       2480 20.66666666667   52.93906    69.13762                 0.000      0.000    5200
       2481 20.67500000000   52.79542    68.83264                 0.000      0.000    5200
       2482 20.68333333333   52.65040    68.53095               -20.708     85.555    4096
       2483 20.69166666667   52.50403    68.23253               -20.682     87.183    4098
       2484 20.70000000000   52.35631    67.93737                 0.000      0.000    5200
       2485 20.70833333333   52.20728    67.64547               -23.038     88.924    4096
       2486 20.71666666667   52.05696    67.35681                 0.000      0.000    5200
       2487 20.72500000000   51.90536    67.07138               -20.685     88.934    4096
       2488 20.73333333333   51.75252    66.78918                 0.000      0.000    5200
       2489 20.74166666667   51.59843    66.51018               -20.689     87.411    4096
       2490 20.75000000000   51.44314    66.23439               -22.985     86.773    4098
       2491 20.75833333333   51.28665    65.96177               -20.687     86.069    4096
       2492 20.76666666667   51.12899    65.69233               -25.327     90.571    4096
       2493 20.77500000000   50.97018    65.42603               -20.657     89.048    4096
       2494 20.78333333333   50.81024    65.16288               -20.661     84.470    4096
       2495 20.79166666667   50.64918    64.90285               -20.637     87.297    4098
       2496 20.80000000000   50.48703    64.64593               -25.291     88.001    4098
       2497 20.80833333333   50.32381    64.39210               -20.629     91.685    4096
       2498 20.81666666667   50.15953    64.14133             19017.997  -2345.422    4096
       2499 20.82500000000   49.99421    63.89363               -22.940     83.613    4096
       2500 20.83333333333   49.82787    63.64896               -20.605     84.327    4098
       2501 20.84166666667   49.66054    63.40730               -22.971     91.123    4098
       2502 20.85000000000   49.49222    63.16865               -22.919     91.646    4096
       2503 20.85833333333   49.32294    62.93298             -1317.541     87.973    4098
       2504 20.86666666667   49.15271    62.70027             -1317.554     84.984    4096
       2505 20.87500000000   48.98155    62.47049             -1317.543     82.938    4096
       2506 20.88333333333   48.80948    62.24364             -1317.586     87.297    4096
       2507 20.89166666667   48.63651    62.01969             -1317.561     89.600    4096
       2508 20.90000000000   48.46267    61.79862                 0.000      0.000    5200
       2509 20.90833333333   48.28797    61.58041               -22.859     84.994    4096
       2510 20.91666666667   48.11242    61.36504               -22.860     85.964    4096
       2511 20.92500000000   47.93605    61.15249               -22.865     84.994    4096
       2512 20.93333333333   47.75886    60.94273               -22.862     88.525    4096
       2513 20.94166666667   47.58088    60.73575               -22.804     87.145    4096
       2514 20.95000000000   47.40212    60.53152               -22.830     87.449    4096
       2515 20.95833333333   47.22259    60.33002               -22.811     90.980    4096
       2516 20.96666666667   47.04232    60.13123               -22.799     84.584    4096
       2517 20.97500000000   46.86131    59.93514               -22.759     85.393    4096
       2518 20.98333333333   46.67958    59.74171               -22.773     85.251    4096
       2519 20.99166666667   46.49715    59.55093               -22.781     85.698    4096
       2520 21.00000000000   46.31403    59.36277               -22.779     89.486    4096
       2521 21.00833333333   46.13024    59.17721               -22.746     91.646    4096
       2522 21.01666666667   45.94578    58.99423               -22.705     86.631    4096
       2523 21.02500000000   45.76068    58.81382               -22.723     81.872    4096
       2524 21.03333333333   45.57495    58.63594               -22.794     87.554    4096
       2525 21.04166666667   45.38860    58.46057               -22.768     88.934    4096
       2526 21.05000000000   45.20164    58.28770               -22.695     91.532    4096
       2527 21.05833333333   45.01409    58.11730               -22.671     87.183    4096
       2528 21.06666666667   44.82596    57.94935               -22.675     82.424    4096
       2529 21.07500000000   44.63726    57.78383               -22.711     85.136    4096
       2530 21.08333333333   44.44801    57.62071               -22.730     86.183    4096
       2531 21.09166666667   44.25823    57.45999               -22.712     90.314    4096
       2532 21.10000000000   44.06791    57.30162               -22.669     87.449    4096
       2533 21.10833333333   43.87708    57.14560               -22.658     85.146    4096
       2534 21.11666666667   43.68574    56.99190             19018.281  -2350.476    4096
       2535 21.12500000000   43.49391    56.84050               -22.637     85.812    4096
       2536 21.13333333333   43.30160    56.69139               -22.661     86.888    4096
       2537 21.14166666667   43.10883    56.54453               -22.637     87.411    4096
       2538 21.15000000000   42.91559    56.39991               -22.639     86.992    4096
       2539 21.15833333333   42.72191    56.25751               -22.613     84.432    4096
       2540 21.16666666667   42.52780    56.11730               -22.589     85.660    4096
       2541 21.17500000000   42.33326    55.97928               -22.608     92.208    4096
       2542 21.18333333333   42.13831    55.84340               -22.578     89.895    4096
       2543 21.19166666667   41.94295    55.70967               -22.572     87.040    4096
       2544 21.20000000000   41.74721    55.57805               -22.540     84.851    4096
       2545 21.20833333333   41.55108    55.44854               -22.580     88.820    4096
       2546 21.21666666667   41.35458    55.32109               -22.552     88.934    4096
       2547 21.22500000000   41.15772    55.19571               -22.532     93.027    4096
       2548 21.23333333333   40.96051    55.07236               -22.496     90.971    4096
       2549 21.24166666667   40.76296    54.95104               -22.442     83.756    4096
       2550 21.25000000000   40.56507    54.83171               -22.484     83.756    4096
       2551 21.25833333333   40.36686    54.71437               -22.506     82.652    4096
       2552 21.26666666667   40.16834    54.59899               -22.501     89.229    4096
       2553 21.27500000000   39.96951    54.48555               -22.474  -2346.126    4096
       2554 21.28333333333   39.77039    54.37404               -22.425     87.030    4096
       2555 21.29166666667   39.57099    54.26444               -22.382     85.393    4096
       2556 21.30000000000   39.37130    54.15672               -22.378     84.032    4096
       2557 21.30833333333   39.17135    54.05088               -22.423     85.546    4096
       2558 21.31666666667   38.97113    53.94689               -22.414     87.297    4096
       2559 21.32500000000   38.77067    53.84474               -22.405     91.542    4096
       2560 21.33333333333   38.56996    53.74441               -22.401     89.343    4096
       2561 21.34166666667   38.36901    53.64588               -22.346     85.403    4096
       2562 21.35000000000   38.16784    53.54913               -22.310     87.706    4096
       2563 21.35833333333   37.96644    53.45415               -22.337     90.571    4096
       2564 21.36666666667   37.76484    53.36093               -22.325     89.191    4096
       2565 21.37500000000   37.56303    53.26943               -22.312     89.077    4096
       2566 21.38333333333   37.36102    53.17966               -22.305     88.230    4096
       2567 21.39166666667   37.15883    53.09158               -22.301     86.364    4096
       2568 21.40000000000   36.95645    53.00519               -22.269     87.145    4096
       2569 21.40833333333   36.75390    52.92048               -22.260     94.511    4096
       2570 21.41666666667   36.55118    52.83741               -22.232     88.372    4096
       2571 21.42500000000   36.34830    52.75599               -22.196     86.888    4096
       2572 21.43333333333   36.14526    52.67618               -22.174  -2350.885    4096
       2573 21.44166666667   35.94208    52.59799               -22.214     88.106    4096
       2574 21.45000000000   35.73876    52.52139               -22.192  -2349.362    4096
       2575 21.45833333333   35.53530    52.44636               -22.122     86.069    4096
       2576 21.46666666667   35.33172    52.37290               -22.119     87.706    4096
       2577 21.47500000000   35.12802    52.30098               -22.095     89.191    4096
       2578 21.48333333333   34.92420    52.23060               -22.069     88.525    4096
       2579 21.49166666667   34.72027    52.16174               -22.072     88.268    4096
       2580 21.50000000000   34.51624    52.09439               -22.063     87.297    4096
       2581 21.50833333333   34.31212    52.02853               -22.007     88.268    4096
       2582 21.51666666667   34.10790    51.96414               -21.980     88.115    4096
       2583 21.52500000000   33.90360    51.90122               -21.957     88.410    4096
       2584 21.53333333333   33.69922    51.83975               -21.962     88.230    4096
       2585 21.54166666667   33.49476    51.77971               -21.908     90.162    4096
       2586 21.55000000000   33.29024    51.72110               -21.903     93.683    4096
       2587 21.55833333333   33.08566    51.66390               -21.882     89.495    4096
       2588 21.56666666667   32.88101    51.60810               -21.851  -2350.885    4096
       2589 21.57500000000   32.67632    51.55368               -21.840     86.326    4096
       2590 21.58333333333   32.47158    51.50064               -21.841     90.009    4096
       2591 21.59166666667   32.26680    51.44895               -21.825     90.980    4096
       2592 21.60000000000   32.06198    51.39861               -21.780     89.334    4096
       2593 21.60833333333   31.85713    51.34961               -21.800     93.284    4096
       2594 21.61666666667   31.65226    51.30193               -21.743     89.600    4096
       2595 21.62500000000   31.44736    51.25556               -21.719     91.237    4096
       2596 21.63333333333   31.24244    51.21050               -21.709     87.820    4096
       2597 21.64166666667   31.03752    51.16672               -21.686     86.478    4096
       2598 21.65000000000   30.83258    51.12421               -21.771     89.343    4096
       2599 21.65833333333   30.62764    51.08298               -21.755     91.380    4096
       2600 21.66666666667   30.42271    51.04299               -21.733     92.351    4096
       2601 21.67500000000   30.21778    51.00425               -21.715     90.828    4096
       2602 21.68333333333   30.01285    50.96674               -21.662     89.229    4096
       2603 21.69166666667   29.80795    50.93045               -21.657     91.085    4096
       2604 21.70000000000   29.60306    50.89537               -21.666     90.047    4096
       2605 21.70833333333   29.39819    50.86149               -21.664  -2347.725    4096
       2606 21.71666666667   29.19335    50.82880               -21.731     86.888    4096
       2607 21.72500000000   28.98854    50.79729               -21.718     86.069    4096
       2608 21.73333333333   28.78376    50.76695               -21.749     86.783    4096
       2609 21.74166666667   28.57903    50.73776               -21.719     88.372    4096
       2610 21.75000000000   28.37433    50.70973               -21.681     94.245    4096
       2611 21.75833333333   28.16968    50.68283               -21.670  -2343.785    4096
       2612 21.76666666667   27.96508    50.65706               -21.684     89.039    4096
       2613 21.77500000000   27.76053    50.63241               -21.658     87.554    4096
       2614 21.78333333333   27.55604    50.60887               -21.625     88.525    4096
       2615 21.79166666667   27.35161    50.58643               -21.657     84.841    4096
       2616 21.80000000000   27.14724    50.56508               -21.695     86.888    4096
       2617 21.80833333333   26.94294    50.54481               -21.693     91.389    4096
       2618 21.81666666667   26.73871    50.52562               -21.691     85.812    4096
       2619 21.82500000000   26.53455    50.50748               -21.682     82.091    4096
       2620 21.83333333333   26.33047    50.49041               -21.710     92.198    4096
       2621 21.84166666667   26.12647    50.47437               -21.703     85.251    4096
       2622 21.85000000000   25.92255    50.45938               -21.711     86.593    4096
       2623 21.85833333333   25.71872    50.44541               -21.711     89.343    4096
       2624 21.86666666667   25.51498    50.43247               -21.735     84.470    4096
       2625 21.87500000000   25.31133    50.42053               -21.735     86.888    4096
       2626 21.88333333333   25.10777    50.40960               -21.707     86.326    4096
       2627 21.89166666667   24.90431    50.39967               -21.735     83.652    4096
       2628 21.90000000000   24.70095    50.39072               -21.740     82.804    4096
       2629 21.90833333333   24.49770    50.38275               -21.766     82.681    4096
       2630 21.91666666667   24.29455    50.37576               -21.788     87.402    4096
       2631 21.92500000000   24.09151    50.36972               -21.840     85.660    4096
       2632 21.93333333333   23.88858    50.36464               -21.891     84.023    4096
       2633 21.94166666667   23.68577    50.36051               -21.900     82.843    4096
       2634 21.95000000000   23.48307    50.35733               -21.940     80.339    4096
       2635 21.95833333333   23.28049    50.35507               -21.958     87.811    4096
       2636 21.96666666667   23.07803    50.35374               -21.970     87.154    4096
       2637 21.97500000000   22.87570    50.35333               -21.972     85.546    4096
       2638 21.98333333333   22.67349    50.35383               -21.963     88.115    4096
       2639 21.99166666667   22.47141    50.35523               -21.931     90.047    4096
       2640 22.00000000000   22.27015    50.35701            -14859.039     86.478    4096
       2641 22.00833333333   22.06765    50.36073               -21.902     83.471    4096
       2642 22.01666666667   21.86598    50.36481               -21.926     80.492    4096
       2643 22.02500000000   21.66443    50.36976               -21.969     84.175    4096
       2644 22.03333333333   21.46303    50.37558               -22.006     86.326    4096
       2645 22.04166666667   21.26178    50.38227               -22.027     86.745    4096
       2646 22.05000000000   21.06066    50.38981               -22.103     81.719    4096
       2647 22.05833333333   20.85969    50.39820               -22.115  -2354.968    4096
       2648 22.06666666667   20.65887    50.40744               -22.160     86.478    4096
       2649 22.07500000000   20.45820    50.41752               -22.156     88.820    4096
       2650 22.08333333333   20.25768    50.42842               -22.226     86.364    4096
       2651 22.09166666667   20.05732    50.44016               -22.205     90.980    4096
       2652 22.10000000000   19.85711    50.45271               -22.171     89.077    4096
       2653 22.10833333333   19.65706    50.46607               -22.178     81.310    4096
       2654 22.11666666667   19.45717    50.48024               -22.141     85.926    4096
       2655 22.12500000000   19.25744    50.49521               -22.148     90.162    4096
       2656 22.13333333333   19.05787    50.51098               -22.136     85.660    4096
       2657 22.14166666667   18.85847    50.52754               -22.117     92.874    4096
       2658 22.15000000000   18.65923    50.54488               -22.131     79.825    4096
       2659 22.15833333333   18.46016    50.56300               -22.152     85.812    4096
       2660 22.16666666667   18.26126    50.58189               -22.196     88.515    4096
       2661 22.17500000000   18.06254    50.60155               -22.181     88.525    4096
       2662 22.18333333333   17.86398    50.62197               -22.287     83.100    4096
       2663 22.19166666667   17.66560    50.64315               -22.385     82.129    4096
       2664 22.20000000000   17.46740    50.66508               -22.340     83.909    4096
       2665 22.20833333333   17.26937    50.68775               -22.332     79.112    4096
       2666 22.21666666667   17.07152    50.71117               -22.342     86.773    4096
       2667 22.22500000000   16.87385    50.73532               -22.391     84.584    4096
       2668 22.23333333333   16.67637    50.76020               -22.269     82.386    4096
       2669 22.24166666667   16.47906    50.78581               -22.327     90.561    4096
       2670 22.25000000000   16.28195    50.81213               -22.256     86.745    4096
       2671 22.25833333333   16.08501    50.83917               -22.236     88.934    4096
       2672 22.26666666667   15.88826    50.86692               -22.124     92.503    4096
       2673 22.27500000000   15.69171    50.89538               -22.075     81.424    4096
       2674 22.28333333333   15.49534    50.92454               -22.097     84.546    4096
       2675 22.29166666667   15.29916    50.95439               -22.032     83.214    4096
       2676 22.30000000000   15.10317    50.98494               -22.080     87.858    4096
       2677 22.30833333333   14.90738    51.01617               -21.997     90.457    4096
       2678 22.31666666667   14.71178    51.04809               -22.015     87.297    4096
       2679 22.32500000000   14.51637    51.08068               -21.960     84.584    4096
       2680 22.33333333333   14.32117    51.11394               -22.002     87.849    4096
       2681 22.34166666667   14.12616    51.14788               -22.008     88.115    4096
       2682 22.35000000000   13.93134    51.18248               -21.984     87.963    4096
       2683 22.35833333333   13.73673    51.21773               -21.972     80.749    4096
       2684 22.36666666667   13.54232    51.25365               -21.944     81.015    4096
       2685 22.37500000000   13.34811    51.29021               -21.952     83.471    4096
       2686 22.38333333333   13.15410    51.32743               -21.933     90.009    4096
       2687 22.39166666667   12.96030    51.36528               -21.945     91.532    4096
       2688 22.40000000000   12.76670    51.40378             19019.067  -2351.447    4096
       2689 22.40833333333   12.57330    51.44291               -21.852     91.532    4096
       2690 22.41666666667   12.38012    51.48267               -21.859     90.457    4096
       2691 22.42500000000   12.18713    51.52306               -21.793     89.895    4096
       2692 22.43333333333   11.99436    51.56407               -21.795     87.706    4096
       2693 22.44166666667   11.80180    51.60571               -21.757     86.735    4096
       2694 22.45000000000   11.60944    51.64795               -21.744     93.426    4096
       2695 22.45833333333   11.41730    51.69081               -21.741     90.714    4096
       2696 22.46666666667   11.22537    51.73428               -21.733     81.015    4096
       2697 22.47500000000   11.03364    51.77835               -21.732     84.023    4096
       2698 22.48333333333   10.84214    51.82302               -21.752     80.197    4096
       2699 22.49166666667   10.65084    51.86829               -21.705     88.791    4096
       2700 22.50000000000   10.45976    51.91415               -21.776     87.858    4096
       2701 22.50833333333   10.26889    51.96060               -21.762     78.341    4096
       2702 22.51666666667   10.07824    52.00763               -21.810     84.023    4096
       2703 22.52500000000    9.88781    52.05525               -21.668     88.639    4096
       2704 22.53333333333    9.69759    52.10345               -21.744     86.888    4096
       2705 22.54166666667    9.50759    52.15222               -21.733     70.565    4096
       2706 22.55000000000    9.31781    52.20157               -21.722     62.912    4096
       2707 22.55833333333    9.12825    52.25148               -21.737     82.538    4096
       2708 22.56666666667    8.93890    52.30196               -21.753     70.412    4096
       2709 22.57500000000    8.74978    52.35300               -21.810     69.603    4096
       2710 22.58333333333    8.56087    52.40460               -21.755     78.046    4096
       2711 22.59166666667    8.37219    52.45676               -21.812     63.874    4096
       2712 22.60000000000    8.18373    52.50946               -21.761     77.741    4096
       2713 22.60833333333    7.99549    52.56272               -21.721    120.009    4096
       2714 22.61666666667    7.80747    52.61652               -21.772    112.357    4096
       2715 22.62500000000    7.61968    52.67087               -52.143     79.112    4096
       2716 22.63333333333    7.43210    52.72576               -24.068     60.904    4098
       2717 22.64166666667    7.24476    52.78118               -24.363    105.143    4096
       2718 22.65000000000    7.05763    52.83714               -52.058    150.504    4099
       2719 22.65833333333    6.87074    52.89362                 0.000      0.000    5232
