# Created on 2022-09-13 07:34:32 
# Sources: obs\AAV40321.22O, nav\AAV40321.22G
# Satellite: R05 (k = 1.0)
# Interval: 30.0
# Sampling interval: 0.0 (not used).
# Site: AAV4
# Position (L, B, H): 74.6178382249, 43.0232991769, 585.248198851
# Position (X, Y, Z): 1238908.5437, 4503304.8915, 4329793.7299
# datetime format: %Y-%m-%dT%H:%M:%S
# Columns: tsn, hour, el, az, tec.l1l2, tec.p1p2, validity
# (I11,1X,F14.11,1X,F10.5,1X,F11.5,1X,F21.3,1X,F10.3,1X,I7)
        949  7.90833333333   30.83879   320.30804               -28.130      0.000      32
        950  7.91666666667   30.99925   320.08255               -28.228      0.000      32
        951  7.92500000000   31.15858   319.85509               -28.294      0.000      32
        952  7.93333333333   31.31677   319.62564               -28.345      0.000      32
        953  7.94166666667   31.47380   319.39421               -28.370      0.000      32
        954  7.95000000000   31.62965   319.16079               -28.417      0.000      32
        955  7.95833333333   31.78432   318.92537               -28.477      0.000      32
        956  7.96666666667   31.93779   318.68796               -28.520      0.000      32
        957  7.97500000000   32.09005   318.44854               -28.575      0.000      32
        958  7.98333333333   32.24107   318.20713               -28.647      0.000      32
        959  7.99166666667   32.39085   317.96371               -28.719      0.000      32
        960  8.00000000000   32.53937   317.71828               -28.754      0.000      32
        961  8.00833333333   32.67845   317.49829               -28.874      0.000      32
        962  8.01666666667   32.82398   317.24892               -28.901      0.000      32
        963  8.02500000000   32.96815   316.99773               -28.910      0.000      32
        964  8.03333333333   33.11095   316.74471               -28.923      0.000      32
        965  8.04166666667   33.25237   316.48987               -28.989      0.000      32
        966  8.05000000000   33.39239   316.23321               -29.039      0.000      32
        967  8.05833333333   33.53100   315.97474               -29.014      0.000      32
        968  8.06666666667   33.66818   315.71444               -29.106      0.000      32
        969  8.07500000000   33.80392   315.45233               -29.111      0.000      32
        970  8.08333333333   33.93821   315.18841               -29.256      0.000      32
        971  8.09166666667   34.07103   314.92268               -29.275      0.000      32
        972  8.10000000000   34.20237   314.65514               -29.269      0.000      32
        973  8.10833333333   34.33221   314.38580               -29.320      0.000      32
        974  8.11666666667   34.46054   314.11466               -29.360      0.000      32
        975  8.12500000000   34.58735   313.84173               -29.423      0.000      32
        976  8.13333333333   34.71262   313.56701               -29.514      0.000      32
        977  8.14166666667   34.83633   313.29051               -29.532      0.000      32
        978  8.15000000000   34.95848   313.01223               -29.543      0.000      32
        979  8.15833333333   35.07904   312.73218               -29.584      0.000      32
        980  8.16666666667   35.19802   312.45037               -29.589      0.000      32
        981  8.17500000000   35.31538   312.16680               -29.626      0.000      32
        982  8.18333333333   35.43111   311.88149               -29.569      0.000      32
        983  8.19166666667   35.54521   311.59444               -29.602      0.000      32
        984  8.20000000000   35.65766   311.30567               -29.567      0.000      32
        985  8.20833333333   35.76844   311.01517               -29.571      0.000      32
        986  8.21666666667   35.87753   310.72297               -29.563      0.000      32
        987  8.22500000000   35.98494   310.42907               -29.599      0.000      32
        988  8.23333333333   36.09063   310.13348               -29.578      0.000      32
        989  8.24166666667   36.19460   309.83622               -29.585      0.000      32
        990  8.25000000000   36.29684   309.53730               -29.583      0.000      32
        991  8.25833333333   36.39732   309.23673               -29.645      0.000      32
        992  8.26666666667   36.49604   308.93452               -29.683      0.000      32
        993  8.27500000000   36.59298   308.63070               -29.725      0.000      32
        994  8.28333333333   36.68813   308.32527               -29.686      0.000      32
        995  8.29166666667   36.78147   308.01825               -29.662      0.000      32
        996  8.30000000000   36.87300   307.70966               -29.637      0.000      32
        997  8.30833333333   36.96269   307.39950               -29.621      0.000      32
        998  8.31666666667   37.05053   307.08781               -29.590      0.000      32
        999  8.32500000000   37.13652   306.77460               -29.577      0.000      32
       1000  8.33333333333   37.22063   306.45989               -29.561      0.000      32
       1001  8.34166666667   37.30286   306.14369               -29.584      0.000      32
       1002  8.35000000000   37.38319   305.82602               -29.537      0.000      32
       1003  8.35833333333   37.46160   305.50691               -29.579      0.000      32
       1004  8.36666666667   37.53810   305.18638               -29.580      0.000      32
       1005  8.37500000000   37.61265   304.86444               -29.586      0.000      32
       1006  8.38333333333   37.68526   304.54112               -29.568      0.000      32
       1007  8.39166666667   37.75591   304.21645               -29.555      0.000      32
       1008  8.40000000000   37.82459   303.89044               -29.561      0.000      32
       1009  8.40833333333   37.89128   303.56312               -29.524      0.000      32
       1010  8.41666666667   37.95598   303.23452               -29.493      0.000      32
       1011  8.42500000000   38.01867   302.90465               -29.547      0.000      32
       1012  8.43333333333   38.07934   302.57354               -29.422      0.000      32
       1013  8.44166666667   38.13798   302.24123               -29.438      0.000      32
       1014  8.45000000000   38.19458   301.90774               -29.384      0.000      32
       1015  8.45833333333   38.24914   301.57308               -29.359      0.000      32
       1016  8.46666666667   38.30163   301.23730               -29.293      0.000      32
       1017  8.47500000000   38.35205   300.90042               -29.318      0.000      32
       1018  8.48333333333   38.40039   300.56247               -29.295      0.000      32
       1019  8.49166666667   38.44664   300.22348               -29.264      0.000      32
       1020  8.50000000000   38.49079   299.88347               -29.268      0.000      32
       1021  8.50833333333   38.54493   299.56847               -29.270      0.000      32
       1022  8.51666666667   38.58458   299.22674               -29.256      0.000      32
       1023  8.52500000000   38.62218   298.88426               -29.246      0.000      32
       1024  8.53333333333   38.65774   298.54106               -29.236      0.000      32
       1025  8.54166666667   38.69125   298.19716               -29.256      0.000      32
       1026  8.55000000000   38.72270   297.85260               -29.251      0.000      32
       1027  8.55833333333   38.75209   297.50741               -29.247      0.000      32
       1028  8.56666666667   38.77941   297.16161               -29.235      0.000      32
       1029  8.57500000000   38.80465   296.81523               -29.244      0.000      32
       1030  8.58333333333   38.82782   296.46831               -29.221      0.000      32
       1031  8.59166666667   38.84890   296.12087               -29.203      0.000      32
       1032  8.60000000000   38.86789   295.77294               -29.160      0.000      32
       1033  8.60833333333   38.88480   295.42456               -29.120      0.000      32
       1034  8.61666666667   38.89961   295.07575               -29.133      0.000      32
       1035  8.62500000000   38.91232   294.72655               -29.028      0.000      32
       1036  8.63333333333   38.92292   294.37699               -29.013      0.000      32
       1037  8.64166666667   38.93143   294.02709               -28.998      0.000      32
       1038  8.65000000000   38.93782   293.67689               -28.933      0.000      32
       1039  8.65833333333   38.94211   293.32643               -28.913      0.000      32
       1040  8.66666666667   38.94428   292.97573               -28.850      0.000      32
       1041  8.67500000000   38.94434   292.62483               -28.807      0.000      32
       1042  8.68333333333   38.94229   292.27375               -28.803      0.000      32
       1043  8.69166666667   38.93812   291.92254               -28.749      0.000      32
       1044  8.70000000000   38.93183   291.57122               -28.733      0.000      32
       1045  8.70833333333   38.92342   291.21982               -28.687      0.000      32
       1046  8.71666666667   38.91290   290.86838               -28.660      0.000      32
       1047  8.72500000000   38.90026   290.51693               -28.583      0.000      32
       1048  8.73333333333   38.88550   290.16550               -28.555      0.000      32
       1049  8.74166666667   38.86862   289.81412               -28.504      0.000      32
       1050  8.75000000000   38.84963   289.46283               -28.471      0.000      32
       1051  8.75833333333   38.82853   289.11166               -28.462      0.000      32
       1052  8.76666666667   38.80531   288.76064               -28.417      0.000      32
       1053  8.77500000000   38.77998   288.40981               -28.330      0.000      32
       1054  8.78333333333   38.75255   288.05919               -28.276      0.000      32
       1055  8.79166666667   38.72301   287.70882               -28.259      0.000      32
       1056  8.80000000000   38.69136   287.35873               -28.201      0.000      32
       1057  8.80833333333   38.65761   287.00895               -28.146      0.000      32
       1058  8.81666666667   38.62177   286.65951               -28.136      0.000      32
       1059  8.82500000000   38.58384   286.31045               -28.067      0.000      32
       1060  8.83333333333   38.54382   285.96179               -28.081      0.000      32
       1061  8.84166666667   38.50171   285.61357               -28.038      0.000      32
       1062  8.85000000000   38.45752   285.26582               -28.050      0.000      32
       1063  8.85833333333   38.41126   284.91856               -27.911      0.000      32
       1064  8.86666666667   38.36293   284.57183               -27.938      0.000      32
       1065  8.87500000000   38.31254   284.22567               -27.873      0.000      32
       1066  8.88333333333   38.26009   283.88009               -27.820      0.000      32
       1067  8.89166666667   38.20558   283.53512               -27.780      0.000      32
       1068  8.90000000000   38.14904   283.19081               -27.746      0.000      32
       1069  8.90833333333   38.09045   282.84717               -27.672      0.000      32
       1070  8.91666666667   38.02983   282.50424               -27.626      0.000      32
       1071  8.92500000000   37.96719   282.16204               -27.583      0.000      32
       1072  8.93333333333   37.90253   281.82060               -27.545      0.000      32
       1073  8.94166666667   37.83587   281.47995               -27.470      0.000      32
       1074  8.95000000000   37.76720   281.14012               -27.446      0.000      32
       1075  8.95833333333   37.69655   280.80113               -27.459      0.000      32
       1076  8.96666666667   37.62391   280.46301               -27.461      0.000      32
       1077  8.97500000000   37.54929   280.12578               -27.417      0.000      32
       1078  8.98333333333   37.47271   279.78948               -27.349      0.000      32
       1079  8.99166666667   37.39418   279.45412               -27.397      0.000      32
       1080  9.00000000000   37.31370   279.11974               -27.338      0.000      32
       1081  9.00833333333   37.25889   278.78831               -27.353      0.000      32
       1082  9.01666666667   37.17440   278.45605               -27.316      0.000      32
       1083  9.02500000000   37.08818   278.12484               -27.279      0.000      32
       1084  9.03333333333   37.00025   277.79469               -27.229      0.000      32
       1085  9.04166666667   36.91060   277.46562               -27.269      0.000      32
       1086  9.05000000000   36.81925   277.13765               -27.233      0.000      32
       1087  9.05833333333   36.72621   276.81080               -27.175      0.000      32
       1088  9.06666666667   36.63149   276.48508               -27.133      0.000      32
       1089  9.07500000000   36.53510   276.16050               -27.100      0.000      32
       1090  9.08333333333   36.43705   275.83709               -27.019      0.000      32
       1091  9.09166666667   36.33735   275.51485               -27.027      0.000      32
       1092  9.10000000000   36.23601   275.19380               -26.950      0.000      32
       1093  9.10833333333   36.13304   274.87396               -26.950      0.000      32
       1094  9.11666666667   36.02846   274.55533               -26.875      0.000      32
       1095  9.12500000000   35.92227   274.23794               -26.858      0.000      32
       1096  9.13333333333   35.81449   273.92178               -26.783      0.000      32
       1097  9.14166666667   35.70512   273.60689               -26.752      0.000      32
       1098  9.15000000000   35.59418   273.29326               -26.675      0.000      32
       1099  9.15833333333   35.48167   272.98091               -26.555      0.000      32
       1100  9.16666666667   35.36762   272.66985               -26.474      0.000      32
       1101  9.17500000000   35.25203   272.36009               -26.394      0.000      32
       1102  9.18333333333   35.13492   272.05165               -26.295      0.000      32
       1103  9.19166666667   35.01629   271.74452               -26.224      0.000      32
       1104  9.20000000000   34.89616   271.43873               -26.089      0.000      32
       1105  9.20833333333   34.77454   271.13428               -25.968      0.000      32
       1106  9.21666666667   34.65144   270.83118               -25.942      0.000      32
       1107  9.22500000000   34.52687   270.52943               -25.793      0.000      32
       1108  9.23333333333   34.40085   270.22905               -25.742      0.000      32
       1109  9.24166666667   34.27338   269.93005               -25.701      0.000      32
       1110  9.25000000000   34.14449   269.63243               -25.634      0.000      32
       1111  9.25833333333   34.01418   269.33619               -25.547      0.000      32
       1112  9.26666666667   33.88246   269.04135               -25.502      0.000      32
       1113  9.27500000000   33.74936   268.74792               -25.502      0.000      32
       1114  9.28333333333   33.61487   268.45589               -25.389      0.000      32
       1115  9.29166666667   33.47901   268.16527               -25.328      0.000      32
       1116  9.30000000000   33.34180   267.87607               -25.310      0.000      32
       1117  9.30833333333   33.20324   267.58830               -25.182      0.000      32
       1118  9.31666666667   33.06336   267.30195               -25.126      0.000      32
       1119  9.32500000000   32.92216   267.01704               -25.033      0.000      32
       1120  9.33333333333   32.77965   266.73356               -25.022      0.000      32
       1121  9.34166666667   32.63585   266.45153               -24.875      0.000      32
       1122  9.35000000000   32.49077   266.17094               -24.834      0.000      32
       1123  9.35833333333   32.34443   265.89179               -24.768      0.000      32
       1124  9.36666666667   32.19683   265.61410               -24.696      0.000      32
       1125  9.37500000000   32.04799   265.33786               -24.656      0.000      32
       1126  9.38333333333   31.89792   265.06307               -24.593      0.000      32
       1127  9.39166666667   31.74664   264.78974               -24.549      0.000      32
       1128  9.40000000000   31.59415   264.51787               -24.485      0.000      32
       1129  9.40833333333   31.44047   264.24746               -24.471      0.000      32
       1130  9.41666666667   31.28562   263.97851               -24.424      0.000      32
       1131  9.42500000000   31.12960   263.71102               -24.427      0.000      32
       1132  9.43333333333   30.97243   263.44500               -24.351      0.000      32
       1133  9.44166666667   30.81412   263.18044               -24.343      0.000      32
       1134  9.45000000000   30.65469   262.91734               -24.251      0.000      32
       1135  9.45833333333   30.49414   262.65570               -24.218      0.000      32
       1136  9.46666666667   30.33249   262.39553               -24.097      0.000      32
       1137  9.47500000000   30.16975   262.13681               -24.057      0.000      32
       1138  9.48333333333   30.00594   261.87956               -23.976      0.000      32
       1139  9.49166666667   29.84107   261.62377               -23.867      0.000      32
       1140  9.50000000000   29.67514   261.36944               -23.777      0.000      32
       1141  9.50833333333   29.53872   261.09409               -23.688      0.000      32
       1142  9.51666666667   29.37069   260.84263               -23.631      0.000      32
       1143  9.52500000000   29.20185   260.59248               -23.506      0.000      32
       1144  9.53333333333   29.03221   260.34362               -23.341      0.000      32
       1145  9.54166666667   28.86177   260.09605               -23.246      0.000      32
       1146  9.55000000000   28.69055   259.84976               -23.131      0.000      32
       1147  9.55833333333   28.51856   259.60475               -23.055      0.000      32
       1148  9.56666666667   28.34580   259.36101               -22.927      0.000      32
       1149  9.57500000000   28.17229   259.11855               -22.822      0.000      32
       1150  9.58333333333   27.99804   258.87734               -22.703      0.000      32
       1151  9.59166666667   27.82305   258.63740               -22.539      0.000      32
       1152  9.60000000000   27.64733   258.39871               -22.495      0.000      32
       1153  9.60833333333   27.47090   258.16127               -22.293      0.000      32
       1154  9.61666666667   27.29377   257.92507               -22.100      0.000      32
       1155  9.62500000000   27.11593   257.69012               -22.018      0.000      32
       1156  9.63333333333   26.93741   257.45639               -21.755      0.000      32
       1157  9.64166666667   26.75821   257.22389               -21.654      0.000      32
       1158  9.65000000000   26.57834   256.99261               -21.497      0.000      32
       1159  9.65833333333   26.39781   256.76255               -21.337      0.000      32
       1160  9.66666666667   26.21663   256.53369               -21.167      0.000      32
       1161  9.67500000000   26.03481   256.30605               -20.998      0.000      32
       1162  9.68333333333   25.85235   256.07960               -20.834      0.000      32
       1163  9.69166666667   25.66927   255.85434               -20.744      0.000      32
       1164  9.70000000000   25.48557   255.63027               -20.614      0.000      32
       1165  9.70833333333   25.30127   255.40738               -20.444      0.000      32
       1166  9.71666666667   25.11637   255.18566               -20.304      0.000      32
       1167  9.72500000000   24.93087   254.96512               -20.168      0.000      32
       1168  9.73333333333   24.74480   254.74574               -20.051      0.000      32
       1169  9.74166666667   24.55816   254.52751               -19.876      0.000      32
       1170  9.75000000000   24.37095   254.31043               -19.824      0.000      32
       1171  9.75833333333   24.18319   254.09450               -19.751      0.000      32
       1172  9.76666666667   23.99487   253.87971               -19.727      0.000      32
       1173  9.77500000000   23.80603   253.66605               -19.570      0.000      32
       1174  9.78333333333   23.61665   253.45351               -19.592      0.000      32
       1175  9.79166666667   23.42674   253.24210               -19.525      0.000      32
       1176  9.80000000000   23.23633   253.03180               -19.380      0.000      32
       1177  9.80833333333   23.04541   252.82261               -19.127      0.000      32
       1178  9.81666666667   22.85399   252.61451               -19.063      0.000      32
       1179  9.82500000000   22.66208   252.40751               -18.868      0.000      32
       1180  9.83333333333   22.46969   252.20161               -18.833      0.000      32
       1181  9.84166666667   22.27683   251.99678               -18.670      0.000      32
       1182  9.85000000000   22.08350   251.79303               -18.430      0.000      32
       1183  9.85833333333   21.88971   251.59034               -18.437      0.000      32
       1184  9.86666666667   21.69547   251.38873               -18.202      0.000      32
       1185  9.87500000000   21.50079   251.18816               -17.973      0.000      32
       1186  9.88333333333   21.30568   250.98865               -17.833      0.000      32
       1187  9.89166666667   21.11013   250.79019               -17.631      0.000      32
       1188  9.90000000000   20.91417   250.59276               -17.423      0.000      32
       1189  9.90833333333   20.71779   250.39636               -17.238      0.000      32
       1190  9.91666666667   20.52101   250.20099               -17.020      0.000      32
       1191  9.92500000000   20.32383   250.00663               -16.935      0.000      32
       1192  9.93333333333   20.12626   249.81329               -16.713      0.000      32
       1193  9.94166666667   19.92831   249.62096               -16.448      0.000      32
       1194  9.95000000000   19.72998   249.42962               -16.281      0.000      32
       1195  9.95833333333   19.53128   249.23928               -16.089      0.000      32
       1196  9.96666666667   19.33221   249.04993               -15.897      0.000      32
       1197  9.97500000000   19.13280   248.86156               -15.673      0.000      32
       1198  9.98333333333   18.93303   248.67416               -15.433      0.000      32
       1199  9.99166666667   18.73292   248.48773               -15.264      0.000      32
       1200 10.00000000000   18.53248   248.30226               -14.997      0.000      32
       1201 10.00833333333   18.35986   248.08473               -14.790      0.000      32
       1202 10.01666666667   18.15882   247.90095               -14.573      0.000      32
       1203 10.02500000000   17.95765   247.71789               -14.393      0.000      32
       1204 10.03333333333   17.75635   247.53554               -14.155      0.000      32
       1205 10.04166666667   17.55493   247.35390               -13.929      0.000      32
       1206 10.05000000000   17.35339   247.17296               -13.785      0.000      32
       1207 10.05833333333   17.15173   246.99272               -13.605      0.000      32
       1208 10.06666666667   16.94997   246.81317               -13.358      0.000      32
       1209 10.07500000000   16.74810   246.63430               -13.168      0.000      32
       1210 10.08333333333   16.54613   246.45611               -13.009      0.000      32
       1211 10.09166666667   16.34407   246.27859               -12.805      0.000      32
       1212 10.10000000000   16.14191   246.10174               -12.541      0.000      32
       1213 10.10833333333   15.93967   245.92554               -12.408      0.000      32
       1214 10.11666666667   15.73734   245.75000             14939.085      0.000      32
       1215 10.12500000000   15.53493   245.57511               -11.956      0.000      32
       1216 10.13333333333   15.33245   245.40087               -11.758      0.000      32
       1217 10.14166666667   15.12989   245.22726               -11.642      0.000      32
       1218 10.15000000000   14.92727   245.05428               -11.501      0.000      32
       1219 10.15833333333   14.72458   244.88192               -11.400      0.000      32
       1220 10.16666666667   14.52183   244.71019               -11.188      0.000      32
       1221 10.17500000000   14.31902   244.53907               -11.043      0.000      32
       1222 10.18333333333   14.11617   244.36856               -10.938      0.000      32
       1223 10.19166666667   13.91326   244.19865               -10.814      0.000      32
       1224 10.20000000000   13.71031   244.02934               -10.522      0.000      32
       1225 10.20833333333   13.50732   243.86062               -10.389      0.000      32
       1226 10.21666666667   13.30429   243.69249               -10.127      0.000      32
       1227 10.22500000000   13.10122   243.52494               -10.001      0.000      32
       1228 10.23333333333   12.89813   243.35797                -9.819      0.000      32
       1229 10.24166666667   12.69501   243.19156                -9.565      0.000      32
       1230 10.25000000000   12.49186   243.02573                -9.325      0.000      32
       1231 10.25833333333   12.28870   242.86045                -9.194      0.000      32
       1232 10.26666666667   12.08552   242.69573             14942.299      0.000      32
       1233 10.27500000000   11.88232   242.53155                -8.871      0.000      32
       1234 10.28333333333   11.67911   242.36792                -8.760      0.000      32
       1235 10.29166666667   11.47590   242.20484                -8.396      0.000      32
       1236 10.30000000000   11.27269   242.04228                -8.217      0.000      32
       1237 10.30833333333   11.06947   241.88026                -8.098      0.000      32
       1238 10.31666666667   10.86626   241.71876                -7.943      0.000      32
       1239 10.32500000000   10.66305   241.55778                -7.642      0.000      32
       1240 10.33333333333   10.45985   241.39731                -7.353      0.000      32
       1241 10.34166666667   10.25666   241.23735                -7.050      0.000      32
       1242 10.35000000000   10.05349   241.07790                -6.824      0.000      32
       1243 10.35833333333    9.85034   240.91895                -6.437      0.000      32
       1244 10.36666666667    9.64721   240.76049                -6.014      0.000      32
       1245 10.37500000000    9.44410   240.60252                -5.703      0.000      32
       1246 10.38333333333    9.24102   240.44504                -5.477      0.000      32
       1247 10.39166666667    9.03797   240.28804                -5.226      0.000      32
       1248 10.40000000000    8.83495   240.13151                -4.911      0.000      32
       1249 10.40833333333    8.63196   239.97546                -4.582      0.000      32
       1250 10.41666666667    8.42902   239.81987                -4.418      0.000      32
       1251 10.42500000000    8.22611   239.66474                -4.180      0.000      32
       1252 10.43333333333    8.02325   239.51008                -3.938      0.000      32
       1253 10.44166666667    7.82043   239.35586            -19227.287      0.000      32
       1254 10.45000000000    7.61766   239.20209                -3.927      0.000      32
       1255 10.45833333333    7.41495   239.04877                -3.865      0.000      32
       1256 10.46666666667    7.21228   238.89588                -4.036      0.000      32
       1257 10.47500000000    7.00967   238.74343                -3.745      0.000      32
       1258 10.48333333333    6.80712   238.59141                -3.763      0.000      32
       1259 10.49166666667    6.60464   238.43981                -3.485      0.000      32
       1260 10.50000000000    6.40221   238.28864                -3.330      0.000      32
       1261 10.50833333333    6.22682   238.10535               416.734      0.000      32
       1262 10.51666666667    6.02468   237.95461               416.734      0.000      32
       1263 10.52500000000    5.82279   237.80406               416.734      0.000      32
       1264 10.53333333333    5.62114   237.65371               416.734      0.000      32
       1265 10.54166666667    5.41974   237.50353               416.734      0.000      32
       1266 10.55000000000    5.21859   237.35354               155.003      0.000      32
       1267 10.55833333333    5.01770   237.20372               155.369      0.000      32
       1268 10.56666666667    4.81706   237.05408               155.708      0.000      32
       1269 10.57500000000    4.61667   236.90460               155.832      0.000      32
       1270 10.58333333333    4.41654   236.75530               155.961      0.000      32
       1271 10.59166666667    4.21667   236.60615               156.312      0.000      32
       1272 10.60000000000    4.01706   236.45716               156.621      0.000      32
       1273 10.60833333333    3.81771   236.30833               156.907      0.000      32
       1274 10.61666666667    3.61862   236.15965               157.212      0.000      32
       1275 10.62500000000    3.41979   236.01111               157.300      0.000      32
       1276 10.63333333333    3.22123   235.86272               157.426      0.000      32
       1277 10.64166666667    3.02293   235.71448               157.814      0.000      32
       1278 10.65000000000    2.82490   235.56636               158.104      0.000      32
       1279 10.65833333333    2.62714   235.41839               158.140      0.000      32
       1280 10.66666666667    2.42965   235.27054               158.140      0.000      32
       1281 10.67500000000    2.23242   235.12282               158.140      0.000      32
       1282 10.68333333333    2.03547   234.97523               158.140      0.000      32
       1283 10.69166666667    1.83879   234.82775               158.140      0.000      32
       1284 10.70000000000    1.64238   234.68039               158.140      0.000      32
       1285 10.70833333333    1.44624   234.53315               158.140      0.000      32
       1286 10.71666666667    1.25038   234.38601               158.140      0.000      32
       1287 10.72500000000    1.05480   234.23899               158.140      0.000      32
       1288 10.73333333333    0.85949   234.09206               158.140      0.000      32
       1289 10.74166666667    0.66446   233.94524               158.140      0.000      32
       1290 10.75000000000    0.46971   233.79851               158.140      0.000      32
       1291 10.75833333333    0.27524   233.65188               158.140      0.000      32
       1292 10.76666666667    0.08105   233.50533               158.140      0.000      32
       1819 15.15833333333    0.00188   138.77723             10476.826      0.000      32
       1820 15.16666666667    0.20359   138.64728             10476.826      0.000      32
       1821 15.17500000000    0.40565   138.51734             10476.826      0.000      32
       1822 15.18333333333    0.60808   138.38740             10476.826      0.000      32
       1823 15.19166666667    0.81086   138.25746             10476.826      0.000      32
       1824 15.20000000000    1.01400   138.12753             10476.826      0.000      32
       1825 15.20833333333    1.21750   137.99758             10476.826      0.000      32
       1826 15.21666666667    1.42136   137.86763             10476.826      0.000      32
       1827 15.22500000000    1.62558   137.73766             10476.826      0.000      32
       1828 15.23333333333    1.83015   137.60768             10476.826      0.000      32
       1829 15.24166666667    2.03508   137.47768             10476.826      0.000      32
       1830 15.25000000000    2.24037   137.34766             10476.826      0.000      32
       1831 15.25833333333    2.44602   137.21761             10476.826      0.000      32
       1832 15.26666666667    2.65203   137.08754             10476.826      0.000      32
       1833 15.27500000000    2.85839   136.95743              7513.379      0.000      32
       1834 15.28333333333    3.06511   136.82729              -535.222      0.000      32
       1835 15.29166666667    3.27218   136.69711             10519.095      0.000      32
       1836 15.30000000000    3.47962   136.56689              2239.432      0.000      32
       1837 15.30833333333    3.68740   136.43662             13078.137      0.000      32
       1838 15.31666666667    3.89555   136.30631              -108.437      0.000      32
       1839 15.32500000000    4.10404   136.17594              -108.721      0.000      32
       1840 15.33333333333    4.31290   136.04552              -108.962      0.000      32
       1841 15.34166666667    4.52210   135.91504              -108.831      0.000      32
       1842 15.35000000000    4.73167   135.78451              -108.861      0.000      32
       1843 15.35833333333    4.94158   135.65390              -108.953      0.000      32
       1844 15.36666666667    5.15185   135.52323              -108.952      0.000      32
       1845 15.37500000000    5.36247   135.39248              -108.990      0.000      32
       1846 15.38333333333    5.57344   135.26166              -108.915      0.000      32
       1847 15.39166666667    5.78476   135.13077              -109.052      0.000      32
       1848 15.40000000000    5.99643   134.99979              -109.063      0.000      32
       1849 15.40833333333    6.20846   134.86872              -109.078      0.000      32
       1850 15.41666666667    6.42083   134.73757              -109.108      0.000      32
       1851 15.42500000000    6.63355   134.60632              -109.144      0.000      32
       1852 15.43333333333    6.84662   134.47498              -109.189      0.000      32
       1853 15.44166666667    7.06004   134.34354              -109.181      0.000      32
       1854 15.45000000000    7.27381   134.21199              -109.369      0.000      32
       1855 15.45833333333    7.48792   134.08034              -109.449      0.000      32
       1856 15.46666666667    7.70237   133.94858              -109.588      0.000      32
       1857 15.47500000000    7.91717   133.81670              -109.681      0.000      32
       1858 15.48333333333    8.13232   133.68471              -109.853      0.000      32
       1859 15.49166666667    8.34780   133.55260              -109.951      0.000      32
       1860 15.50000000000    8.56363   133.42036              -110.150      0.000      32
       1861 15.50833333333    8.75466   133.25415              -110.262      0.000      32
       1862 15.51666666667    8.97082   133.12142              -110.404      0.000      32
       1863 15.52500000000    9.18716   132.98833              -110.465      0.000      32
       1864 15.53333333333    9.40366   132.85487              -110.415      0.000      32
       1865 15.54166666667    9.62034   132.72103              -110.451      0.000      32
       1866 15.55000000000    9.83719   132.58681              -110.491      0.000      32
       1867 15.55833333333   10.05420   132.45221              -110.444      0.000      32
       1868 15.56666666667   10.27139   132.31722              -110.660      0.000      32
       1869 15.57500000000   10.48873   132.18183              -110.615      0.000      32
       1870 15.58333333333   10.70624   132.04604              -110.798      0.000      32
       1871 15.59166666667   10.92391   131.90985              -110.844      0.000      32
       1872 15.60000000000   11.14173   131.77325              -110.867      0.000      32
       1873 15.60833333333   11.35972   131.63623              -110.769      0.000      32
       1874 15.61666666667   11.57786   131.49880              -110.806      0.000      32
       1875 15.62500000000   11.79615   131.36094              -110.827      0.000      32
       1876 15.63333333333   12.01460   131.22265              -110.925      0.000      32
       1877 15.64166666667   12.23319   131.08392              -110.998      0.000      32
       1878 15.65000000000   12.45194   130.94475              -111.067      0.000      32
       1879 15.65833333333   12.67082   130.80514              -111.112      0.000      32
       1880 15.66666666667   12.88986   130.66507              -111.098      0.000      32
       1881 15.67500000000   13.10903   130.52455              -111.086      0.000      32
       1882 15.68333333333   13.32834   130.38356              -111.061      0.000      32
       1883 15.69166666667   13.54779   130.24211              -111.275      0.000      32
       1884 15.70000000000   13.76738   130.10018              -111.260      0.000      32
       1885 15.70833333333   13.98710   129.95777              -111.361      0.000      32
       1886 15.71666666667   14.20695   129.81487              -111.360      0.000      32
       1887 15.72500000000   14.42692   129.67149              -111.387      0.000      32
       1888 15.73333333333   14.64702   129.52761              -111.393      0.000      32
       1889 15.74166666667   14.86725   129.38322              -111.393      0.000      32
       1890 15.75000000000   15.08760   129.23833              -111.481      0.000      32
       1891 15.75833333333   15.30806   129.09292              -111.481      0.000      32
       1892 15.76666666667   15.52864   128.94699              -111.547      0.000      32
       1893 15.77500000000   15.74933   128.80054              -111.529      0.000      32
       1894 15.78333333333   15.97014   128.65355              -111.635      0.000      32
       1895 15.79166666667   16.19105   128.50602              -111.624      0.000      32
       1896 15.80000000000   16.41207   128.35795              -111.666      0.000      32
       1897 15.80833333333   16.63319   128.20933              -111.699      0.000      32
       1898 15.81666666667   16.85441   128.06015              -111.719      0.000      32
       1899 15.82500000000   17.07572   127.91040              -111.772      0.000      32
       1900 15.83333333333   17.29713   127.76008             19111.268      0.000      32
       1901 15.84166666667   17.51864   127.60919              -111.932      0.000      32
       1902 15.85000000000   17.74023   127.45771              -112.055      0.000      32
       1903 15.85833333333   17.96190   127.30564              -112.022      0.000      32
       1904 15.86666666667   18.18366   127.15297              -112.049      0.000      32
       1905 15.87500000000   18.40549   126.99970              -112.092      0.000      32
       1906 15.88333333333   18.62740   126.84582              -112.171      0.000      32
       1907 15.89166666667   18.84939   126.69132              -112.123      0.000      32
       1908 15.90000000000   19.07144   126.53619              -112.180      0.000      32
       1909 15.90833333333   19.29356   126.38043              -112.293      0.000      32
       1910 15.91666666667   19.51575   126.22403              -112.310      0.000      32
       1911 15.92500000000   19.73799   126.06699              -112.404      0.000      32
       1912 15.93333333333   19.96029   125.90929              -112.442      0.000      32
       1913 15.94166666667   20.18264   125.75093              -112.438      0.000      32
       1914 15.95000000000   20.40504   125.59191              -112.518      0.000      32
       1915 15.95833333333   20.62748   125.43220              -112.632      0.000      32
       1916 15.96666666667   20.84997   125.27181              -112.610      0.000      32
       1917 15.97500000000   21.07250   125.11074              -112.586      0.000      32
       1918 15.98333333333   21.29506   124.94896              -112.679      0.000      32
       1919 15.99166666667   21.51765   124.78647              -112.792      0.000      32
       1920 16.00000000000   21.74027   124.62327              -112.762      0.000      32
       1921 16.00833333333   21.93677   124.42061              -112.835      0.000      32
       1922 16.01666666667   22.15898   124.25547              -112.775      0.000      32
       1923 16.02500000000   22.38102   124.08934              -112.878      0.000      32
       1924 16.03333333333   22.60290   123.92219              -112.974      0.000      32
       1925 16.04166666667   22.82461   123.75403              -113.019      0.000      32
       1926 16.05000000000   23.04614   123.58484              -113.062      0.000      32
       1927 16.05833333333   23.26749   123.41461              -113.133      0.000      32
       1928 16.06666666667   23.48865   123.24334              -113.266      0.000      32
       1929 16.07500000000   23.70961   123.07101              -113.342      0.000      32
       1930 16.08333333333   23.93038   122.89761              -113.337      0.000      32
       1931 16.09166666667   24.15093   122.72314              -113.415      0.000      32
       1932 16.10000000000   24.37126   122.54759              -113.460      0.000      32
       1933 16.10833333333   24.59138   122.37094              -113.550      0.000      32
       1934 16.11666666667   24.81126   122.19318              -113.647      0.000      32
       1935 16.12500000000   25.03091   122.01432              -113.720      0.000      32
       1936 16.13333333333   25.25032   121.83432              -113.747      0.000      32
       1937 16.14166666667   25.46948   121.65320              -113.882      0.000      32
       1938 16.15000000000   25.68838   121.47093              -113.945      0.000      32
       1939 16.15833333333   25.90702   121.28750              -113.995      0.000      32
       1940 16.16666666667   26.12539   121.10291              -114.023      0.000      32
       1941 16.17500000000   26.34348   120.91715              -114.098      0.000      32
       1942 16.18333333333   26.56128   120.73020              -114.153      0.000      32
       1943 16.19166666667   26.77879   120.54206              -114.255      0.000      32
       1944 16.20000000000   26.99600   120.35271              -114.270      0.000      32
       1945 16.20833333333   27.21291   120.16214              -114.382      0.000      32
       1946 16.21666666667   27.42950   119.97034              -114.546      0.000      32
       1947 16.22500000000   27.64576   119.77730              -114.600      0.000      32
       1948 16.23333333333   27.86170   119.58302              -114.713      0.000      32
       1949 16.24166666667   28.07729   119.38748              -114.719      0.000      32
       1950 16.25000000000   28.29254   119.19066              -114.810      0.000      32
       1951 16.25833333333   28.50743   118.99256              -114.833      0.000      32
       1952 16.26666666667   28.72196   118.79317              -114.885      0.000      32
       1953 16.27500000000   28.93612   118.59247              -114.930      0.000      32
       1954 16.28333333333   29.14990   118.39046              -114.974      0.000      32
       1955 16.29166666667   29.36329   118.18712              -115.090      0.000      32
       1956 16.30000000000   29.57629   117.98244              -115.085      0.000      32
       1957 16.30833333333   29.78887   117.77641              -115.100      0.000      32
       1958 16.31666666667   30.00105   117.56902              -115.138      0.000      32
       1959 16.32500000000   30.21280   117.36025              -115.247      0.000      32
       1960 16.33333333333   30.42412   117.15010              -115.236      0.000      32
       1961 16.34166666667   30.63500   116.93855              -115.231      0.000      32
       1962 16.35000000000   30.84543   116.72560              -115.304      0.000      32
       1963 16.35833333333   31.05540   116.51122              -115.358      0.000      32
       1964 16.36666666667   31.26490   116.29542              -115.341      0.000      32
       1965 16.37500000000   31.47392   116.07817              -115.369      0.000      32
       1966 16.38333333333   31.68246   115.85946              -115.409      0.000      32
       1967 16.39166666667   31.89050   115.63928              -115.479      0.000      32
       1968 16.40000000000   32.09803   115.41763             19107.676      0.000      32
       1969 16.40833333333   32.30505   115.19448              -115.489      0.000      32
       1970 16.41666666667   32.51154   114.96983              -115.525      0.000      32
       1971 16.42500000000   32.71749   114.74366              -115.616      0.000      32
       1972 16.43333333333   32.92291   114.51596              -115.661      0.000      32
       1973 16.44166666667   33.12776   114.28672              -115.742      0.000      32
       1974 16.45000000000   33.33205   114.05593              -115.724      0.000      32
       1975 16.45833333333   33.53576   113.82357              -115.783      0.000      32
       1976 16.46666666667   33.73889   113.58964              -115.820      0.000      32
       1977 16.47500000000   33.94141   113.35411              -115.874      0.000      32
       1978 16.48333333333   34.14333   113.11698              -115.911      0.000      32
       1979 16.49166666667   34.34463   112.87824              -115.938      0.000      32
       1980 16.50000000000   34.54531   112.63787              -116.002      0.000      32
       1981 16.50833333333   34.71496   112.36233              -116.052      0.000      32
       1982 16.51666666667   34.91372   112.11810             19107.092      0.000      32
       1983 16.52500000000   35.11160   111.87199              -116.109      0.000      32
       1984 16.53333333333   35.30861   111.62398              -116.173      0.000      32
       1985 16.54166666667   35.50472   111.37406              -116.203      0.000      32
       1986 16.55000000000   35.69991   111.12223              -116.219      0.000      32
       1987 16.55833333333   35.89418   110.86847              -116.254      0.000      32
       1988 16.56666666667   36.08751   110.61278              -116.264      0.000      32
       1989 16.57500000000   36.27988   110.35514              -116.325      0.000      32
       1990 16.58333333333   36.47128   110.09555              -116.351      0.000      32
       1991 16.59166666667   36.66169   109.83398              -116.413      0.000      32
       1992 16.60000000000   36.85110   109.57045              -116.437      0.000      32
       1993 16.60833333333   37.03950   109.30493              -116.483      0.000      32
       1994 16.61666666667   37.22686   109.03741              -116.529      0.000      32
       1995 16.62500000000   37.41317   108.76790              -116.557      0.000      32
       1996 16.63333333333   37.59842   108.49637              -116.578      0.000      32
       1997 16.64166666667   37.78259   108.22282              -116.595      0.000      32
       1998 16.65000000000   37.96566   107.94725              -116.672      0.000      32
       1999 16.65833333333   38.14762   107.66964              -116.716      0.000      32
       2000 16.66666666667   38.32845   107.38999              -116.696      0.000      32
       2001 16.67500000000   38.50814   107.10829              -116.710      0.000      32
       2002 16.68333333333   38.68667   106.82454              -116.752      0.000      32
       2003 16.69166666667   38.86403   106.53872              -116.805      0.000      32
       2004 16.70000000000   39.04019   106.25083              -116.826      0.000      32
       2005 16.70833333333   39.21514   105.96086              -116.860      0.000      32
       2006 16.71666666667   39.38887   105.66882              -116.935      0.000      32
       2007 16.72500000000   39.56136   105.37468              -116.971      0.000      32
       2008 16.73333333333   39.73259   105.07846              -116.985      0.000      32
       2009 16.74166666667   39.90254   104.78014              -117.024      0.000      32
       2010 16.75000000000   40.07120   104.47972              -117.053      0.000      32
       2011 16.75833333333   40.23855   104.17719              -117.032      0.000      32
       2012 16.76666666667   40.40458   103.87256              -117.089      0.000      32
       2013 16.77500000000   40.56927   103.56582              -117.126      0.000      32
       2014 16.78333333333   40.73260   103.25697              -117.147      0.000      32
       2015 16.79166666667   40.89455   102.94600              -117.187      0.000      32
       2016 16.80000000000   41.05511   102.63291              -117.217      0.000      32
       2017 16.80833333333   41.21425   102.31771              -117.224      0.000      32
       2018 16.81666666667   41.37197   102.00039              -117.295      0.000      32
       2019 16.82500000000   41.52825   101.68096              -117.315      0.000      32
       2020 16.83333333333   41.68307   101.35940              -117.357      0.000      32
       2021 16.84166666667   41.83640   101.03574              -117.416      0.000      32
       2022 16.85000000000   41.98824   100.70995              -117.475      0.000      32
       2023 16.85833333333   42.13857   100.38206              -117.462      0.000      32
       2024 16.86666666667   42.28737   100.05205              -117.523      0.000      32
       2025 16.87500000000   42.43462    99.71994              -117.572      0.000      32
       2026 16.88333333333   42.58030    99.38573              -117.597      0.000      32
       2027 16.89166666667   42.72440    99.04942              -117.626      0.000      32
       2028 16.90000000000   42.86691    98.71102              -117.674      0.000      32
       2029 16.90833333333   43.00780    98.37054              -117.694      0.000      32
       2030 16.91666666667   43.14705    98.02797              -117.696      0.000      32
       2031 16.92500000000   43.28465    97.68333              -117.716      0.000      32
       2032 16.93333333333   43.42059    97.33663              -117.779      0.000      32
       2033 16.94166666667   43.55484    96.98787              -117.798      0.000      32
       2034 16.95000000000   43.68739    96.63707              -117.804      0.000      32
       2035 16.95833333333   43.81823    96.28423              -117.832      0.000      32
       2036 16.96666666667   43.94732    95.92936              -117.919      0.000      32
       2037 16.97500000000   44.07467    95.57248              -117.924      0.000      32
       2038 16.98333333333   44.20024    95.21360              -117.983      0.000      32
       2039 16.99166666667   44.32403    94.85273              -118.053      0.000      32
       2040 17.00000000000   44.44602    94.48989              -118.071      0.000      32
       2041 17.00833333333   44.53398    94.11609              -118.114      0.000      32
       2042 17.01666666667   44.65157    93.74915              -118.148      0.000      32
       2043 17.02500000000   44.76710    93.38025              -118.188      0.000      32
       2044 17.03333333333   44.88054    93.00940              -118.178      0.000      32
       2045 17.04166666667   44.99187    92.63663              -118.209      0.000      32
       2046 17.05000000000   45.10109    92.26197              -118.202      0.000      32
       2047 17.05833333333   45.20817    91.88545              -118.274      0.000      32
       2048 17.06666666667   45.31309    91.50709              -118.300      0.000      32
       2049 17.07500000000   45.41585    91.12693              -118.291      0.000      32
       2050 17.08333333333   45.51642    90.74499              -118.323      0.000      32
       2051 17.09166666667   45.61478    90.36130              -118.331      0.000      32
       2052 17.10000000000   45.71092    89.97591              -118.400      0.000      32
       2053 17.10833333333   45.80483    89.58884              -118.423      0.000      32
       2054 17.11666666667   45.89649    89.20012              -118.474      0.000      32
       2055 17.12500000000   45.98589    88.80980              -118.479      0.000      32
       2056 17.13333333333   46.07300    88.41791              -118.507      0.000      32
       2057 17.14166666667   46.15782    88.02448              -118.550      0.000      32
       2058 17.15000000000   46.24033    87.62955              -118.529      0.000      32
       2059 17.15833333333   46.32052    87.23317              -118.573      0.000      32
       2060 17.16666666667   46.39838    86.83537              -118.628      0.000      32
       2061 17.17500000000   46.47389    86.43620              -118.645      0.000      32
       2062 17.18333333333   46.54704    86.03569              -118.684      0.000      32
       2063 17.19166666667   46.61781    85.63389              -118.682      0.000      32
       2064 17.20000000000   46.68620    85.23084              -118.727      0.000      32
       2065 17.20833333333   46.75220    84.82659              -118.708      0.000      32
       2066 17.21666666667   46.81579    84.42117              -118.744      0.000      32
       2067 17.22500000000   46.87697    84.01465              -118.755      0.000      32
       2068 17.23333333333   46.93572    83.60706              -118.803      0.000      32
       2069 17.24166666667   46.99203    83.19845              -118.770      0.000      32
       2070 17.25000000000   47.04590    82.78887              -118.801      0.000      32
       2071 17.25833333333   47.09732    82.37836              -118.793      0.000      32
       2072 17.26666666667   47.14627    81.96699              -118.807      0.000      32
       2073 17.27500000000   47.19275    81.55479              -118.843      0.000      32
       2074 17.28333333333   47.23676    81.14181              -118.841      0.000      32
       2075 17.29166666667   47.27829    80.72812              -118.866      0.000      32
       2076 17.30000000000   47.31732    80.31375              -118.874      0.000      32
       2077 17.30833333333   47.35386    79.89876              -118.885      0.000      32
       2078 17.31666666667   47.38789    79.48321              -118.894      0.000      32
       2079 17.32500000000   47.41942    79.06715              -118.940      0.000      32
       2080 17.33333333333   47.44844    78.65062              -118.936      0.000      32
       2081 17.34166666667   47.47495    78.23369              -118.976      0.000      32
       2082 17.35000000000   47.49894    77.81640              -119.003      0.000      32
       2083 17.35833333333   47.52041    77.39882              -118.994      0.000      32
       2084 17.36666666667   47.53935    76.98099              -119.031      0.000      32
       2085 17.37500000000   47.55577    76.56296              -119.030      0.000      32
       2086 17.38333333333   47.56966    76.14481              -119.015      0.000      32
       2087 17.39166666667   47.58103    75.72657              -119.060      0.000      32
       2088 17.40000000000   47.58987    75.30830              -119.044      0.000      32
       2089 17.40833333333   47.59618    74.89006              -119.046      0.000      32
       2090 17.41666666667   47.59996    74.47191              -119.067      0.000      32
       2091 17.42500000000   47.60122    74.05389              -119.069      0.000      32
       2092 17.43333333333   47.59995    73.63606              -119.111      0.000      32
       2093 17.44166666667   47.59616    73.21848              -119.113      0.000      32
       2094 17.45000000000   47.58985    72.80120              -119.139      0.000      32
       2095 17.45833333333   47.58103    72.38427              -119.139      0.000      32
       2096 17.46666666667   47.56969    71.96776              -119.170      0.000      32
       2097 17.47500000000   47.55584    71.55170              -119.207      0.000      32
       2098 17.48333333333   47.53949    71.13615              -119.173      0.000      32
       2099 17.49166666667   47.52064    70.72118              -119.176      0.000      32
       2100 17.50000000000   47.49929    70.30682              -119.205      0.000      32
       2101 17.50833333333   47.45623    69.91960              -119.150      0.000      32
       2102 17.51666666667   47.42933    69.50701              -119.175      0.000      32
       2103 17.52500000000   47.39983    69.09540              -119.173      0.000      32
       2104 17.53333333333   47.36775    68.68480              -119.166      0.000      32
       2105 17.54166666667   47.33309    68.27529              -119.187      0.000      32
       2106 17.55000000000   47.29587    67.86691              -119.231      0.000      32
       2107 17.55833333333   47.25609    67.45971              -119.249      0.000      32
       2108 17.56666666667   47.21377    67.05376              -119.246      0.000      32
       2109 17.57500000000   47.16892    66.64910              -119.281      0.000      32
       2110 17.58333333333   47.12155    66.24579              -119.252      0.000      32
       2111 17.59166666667   47.07168    65.84387              -119.245      0.000      32
       2112 17.60000000000   47.01931    65.44340              -119.207      0.000      32
       2113 17.60833333333   46.96447    65.04442              -119.240      0.000      32
       2114 17.61666666667   46.90716    64.64699              -119.263      0.000      32
       2115 17.62500000000   46.84740    64.25113             19103.877      0.000      32
       2116 17.63333333333   46.78521    63.85692              -119.310      0.000      32
       2117 17.64166666667   46.72060    63.46437              -119.327      0.000      32
       2118 17.65000000000   46.65359    63.07355              -119.347      0.000      32
       2119 17.65833333333   46.58419    62.68449              -119.311      0.000      32
       2120 17.66666666667   46.51242    62.29723              -119.335      0.000      32
       2121 17.67500000000   46.43830    61.91182              -119.326      0.000      32
       2122 17.68333333333   46.36183    61.52828              -119.370      0.000      32
       2123 17.69166666667   46.28305    61.14666              -119.324      0.000      32
       2124 17.70000000000   46.20197    60.76700              -119.346      0.000      32
       2125 17.70833333333   46.11860    60.38933              -119.337      0.000      32
       2126 17.71666666667   46.03296    60.01368              -119.350      0.000      32
       2127 17.72500000000   45.94507    59.64009              -119.372      0.000      32
       2128 17.73333333333   45.85496    59.26859              -119.373      0.000      32
       2129 17.74166666667   45.76263    58.89921              -119.426      0.000      32
       2130 17.75000000000   45.66811    58.53197              -119.418      0.000      32
       2131 17.75833333333   45.57142    58.16691              -119.420      0.000      32
       2132 17.76666666667   45.47257    57.80405              -119.374      0.000      32
       2133 17.77500000000   45.37159    57.44342              -119.355      0.000      32
       2134 17.78333333333   45.26849    57.08504              -119.380      0.000      32
       2135 17.79166666667   45.16330    56.72895              -119.409      0.000      32
       2136 17.80000000000   45.05602    56.37514              -119.464      0.000      32
       2137 17.80833333333   44.94670    56.02366              -119.440      0.000      32
       2138 17.81666666667   44.83533    55.67452              -119.512      0.000      32
       2139 17.82500000000   44.72195    55.32774              -119.481      0.000      32
       2140 17.83333333333   44.60657    54.98333              -119.448      0.000      32
       2141 17.84166666667   44.48922    54.64132              -119.462      0.000      32
       2142 17.85000000000   44.36991    54.30172              -119.448      0.000      32
       2143 17.85833333333   44.24866    53.96454              -119.481      0.000      32
       2144 17.86666666667   44.12550    53.62980              -119.508      0.000      32
       2145 17.87500000000   44.00044    53.29751              -119.528      0.000      32
       2146 17.88333333333   43.87350    52.96768              -119.544      0.000      32
       2147 17.89166666667   43.74471    52.64032              -119.558      0.000      32
       2148 17.90000000000   43.61409    52.31544              -119.581      0.000      32
       2149 17.90833333333   43.48165    51.99306              -119.563      0.000      32
       2150 17.91666666667   43.34741    51.67317              -119.573      0.000      32
       2151 17.92500000000   43.21140    51.35579              -119.619      0.000      32
       2152 17.93333333333   43.07363    51.04092              -119.616      0.000      32
       2153 17.94166666667   42.93413    50.72856              -119.644      0.000      32
       2154 17.95000000000   42.79291    50.41873              -119.678      0.000      32
       2155 17.95833333333   42.65000    50.11142              -119.685      0.000      32
       2156 17.96666666667   42.50541    49.80663              -119.717      0.000      32
       2157 17.97500000000   42.35917    49.50438              -119.709      0.000      32
       2158 17.98333333333   42.21129    49.20465              -119.691      0.000      32
       2159 17.99166666667   42.06180    48.90746              -119.707      0.000      32
       2160 18.00000000000   41.91070    48.61279              -119.666      0.000      32
       2161 18.00833333333   41.76229    48.35429              -119.663      0.000      32
       2162 18.01666666667   41.60777    48.06522              -119.670      0.000      32
       2163 18.02500000000   41.45175    47.77890              -119.683      0.000      32
       2164 18.03333333333   41.29425    47.49533              -119.724      0.000      32
       2165 18.04166666667   41.13529    47.21449              -119.710      0.000      32
       2166 18.05000000000   40.97489    46.93639              -119.720      0.000      32
       2167 18.05833333333   40.81307    46.66102              -119.684      0.000      32
       2168 18.06666666667   40.64986    46.38837              -119.623      0.000      32
       2169 18.07500000000   40.48527    46.11844              -119.606      0.000      32
       2170 18.08333333333   40.31932    45.85121              -119.639      0.000      32
       2171 18.09166666667   40.15204    45.58668              -119.651      0.000      32
       2172 18.10000000000   39.98344    45.32484              -119.722      0.000      32
       2173 18.10833333333   39.81355    45.06568              -119.746      0.000      32
       2174 18.11666666667   39.64238    44.80919              -119.730      0.000      32
       2175 18.12500000000   39.46995    44.55535              -119.689      0.000      32
       2176 18.13333333333   39.29628    44.30417              -119.660      0.000      32
       2177 18.14166666667   39.12139    44.05562              -119.641      0.000      32
       2178 18.15000000000   38.94530    43.80970              -119.665      0.000      32
       2179 18.15833333333   38.76803    43.56640              -119.673      0.000      32
       2180 18.16666666667   38.58960    43.32569              -119.724      0.000      32
       2181 18.17500000000   38.41002    43.08757              -119.693      0.000      32
       2182 18.18333333333   38.22931    42.85203              -119.678      0.000      32
       2183 18.19166666667   38.04748    42.61905              -119.670      0.000      32
       2184 18.20000000000   37.86457    42.38862              -119.685      0.000      32
       2185 18.20833333333   37.68058    42.16073              -119.662      0.000      32
       2186 18.21666666667   37.49553    41.93535              -119.612      0.000      32
       2187 18.22500000000   37.30943    41.71248              -119.630      0.000      32
       2188 18.23333333333   37.12231    41.49210              -119.630      0.000      32
       2189 18.24166666667   36.93418    41.27420              -119.643      0.000      32
       2190 18.25000000000   36.74506    41.05875              -119.650      0.000      32
       2191 18.25833333333   36.55496    40.84576              -119.655      0.000      32
       2192 18.26666666667   36.36389    40.63519              -119.637      0.000      32
       2193 18.27500000000   36.17188    40.42704              -119.629      0.000      32
       2194 18.28333333333   35.97894    40.22129              -119.610      0.000      32
       2195 18.29166666667   35.78508    40.01792              -119.604      0.000      32
       2196 18.30000000000   35.59032    39.81692              -119.574      0.000      32
       2197 18.30833333333   35.39467    39.61827              -119.574      0.000      32
       2198 18.31666666667   35.19815    39.42196              -119.598      0.000      32
       2199 18.32500000000   35.00076    39.22796              -119.568      0.000      32
       2200 18.33333333333   34.80254    39.03627              -119.562      0.000      32
       2201 18.34166666667   34.60348    38.84686              -119.523      0.000      32
       2202 18.35000000000   34.40361    38.65973              -119.501      0.000      32
       2203 18.35833333333   34.20293    38.47484              -119.487      0.000      32
       2204 18.36666666667   34.00146    38.29220              -119.457      0.000      32
       2205 18.37500000000   33.79921    38.11177              -119.475      0.000      32
       2206 18.38333333333   33.59619    37.93355              -119.467      0.000      32
       2207 18.39166666667   33.39243    37.75752              -119.464      0.000      32
       2208 18.40000000000   33.18792    37.58366             19103.711      0.000      32
       2209 18.40833333333   32.98269    37.41195              -119.446      0.000      32
       2210 18.41666666667   32.77674    37.24238              -119.396      0.000      32
       2211 18.42500000000   32.57008    37.07493              -119.420      0.000      32
       2212 18.43333333333   32.36273    36.90959              -119.380      0.000      32
       2213 18.44166666667   32.15471    36.74633              -119.369      0.000      32
       2214 18.45000000000   31.94601    36.58515              -119.363      0.000      32
       2215 18.45833333333   31.73665    36.42602              -119.332      0.000      32
       2216 18.46666666667   31.52664    36.26894              -119.304      0.000      32
       2217 18.47500000000   31.31600    36.11387              -119.279      0.000      32
       2218 18.48333333333   31.10474    35.96081              -119.296      0.000      32
       2219 18.49166666667   30.89285    35.80975              -119.323      0.000      32
       2220 18.50000000000   30.68036    35.66066              -119.277      0.000      32
       2221 18.50833333333   30.48632    35.53134              -119.303      0.000      32
       2222 18.51666666667   30.27262    35.38671              -119.247      0.000      32
       2223 18.52500000000   30.05848    35.24412              -119.203      0.000      32
       2224 18.53333333333   29.84390    35.10356              -119.190      0.000      32
       2225 18.54166666667   29.62890    34.96500              -119.141      0.000      32
       2226 18.55000000000   29.41348    34.82843              -119.131      0.000      32
       2227 18.55833333333   29.19766    34.69383              -119.124      0.000      32
       2228 18.56666666667   28.98144    34.56119              -119.108      0.000      32
       2229 18.57500000000   28.76483    34.43049              -119.093      0.000      32
       2230 18.58333333333   28.54785    34.30171              -119.091      0.000      32
       2231 18.59166666667   28.33049    34.17484              -119.052      0.000      32
       2232 18.60000000000   28.11277    34.04985              -119.032      0.000      32
       2233 18.60833333333   27.89470    33.92674              -119.001      0.000      32
       2234 18.61666666667   27.67628    33.80549              -118.948      0.000      32
       2235 18.62500000000   27.45752    33.68608              -118.923      0.000      32
       2236 18.63333333333   27.23843    33.56849              -118.943      0.000      32
       2237 18.64166666667   27.01901    33.45272              -118.953      0.000      32
       2238 18.65000000000   26.79928    33.33874              -118.923      0.000      32
       2239 18.65833333333   26.57925    33.22654              -118.927      0.000      32
       2240 18.66666666667   26.35891    33.11611              -118.898      0.000      32
       2241 18.67500000000   26.13827    33.00742              -118.851      0.000      32
       2242 18.68333333333   25.91735    32.90047              -118.854      0.000      32
       2243 18.69166666667   25.69615    32.79525              -118.832      0.000      32
       2244 18.70000000000   25.47468    32.69172              -118.819      0.000      32
       2245 18.70833333333   25.25293    32.58989              -118.827      0.000      32
       2246 18.71666666667   25.03093    32.48974              -118.824      0.000      32
       2247 18.72500000000   24.80867    32.39125              -118.783      0.000      32
       2248 18.73333333333   24.58616    32.29441              -118.736      0.000      32
       2249 18.74166666667   24.36341    32.19920              -118.684      0.000      32
       2250 18.75000000000   24.14043    32.10562              -118.706      0.000      32
       2251 18.75833333333   23.91721    32.01364              -118.690      0.000      32
       2252 18.76666666667   23.69376    31.92326              -118.685      0.000      32
       2253 18.77500000000   23.47010    31.83446              -118.695      0.000      32
       2254 18.78333333333   23.24622    31.74723              -118.718      0.000      32
       2255 18.79166666667   23.02213    31.66156              -118.691      0.000      32
       2256 18.80000000000   22.79784    31.57743              -118.693      0.000      32
       2257 18.80833333333   22.57335    31.49483              -118.696      0.000      32
       2258 18.81666666667   22.34867    31.41375              -118.691      0.000      32
       2259 18.82500000000   22.12380    31.33418              -118.661      0.000      32
       2260 18.83333333333   21.89874    31.25610              -118.676      0.000      32
       2261 18.84166666667   21.67351    31.17950              -118.691      0.000      32
       2262 18.85000000000   21.44810    31.10438              -118.698      0.000      32
       2263 18.85833333333   21.22252    31.03071              -118.717      0.000      32
       2264 18.86666666667   20.99678    30.95849              -118.752      0.000      32
       2265 18.87500000000   20.77088    30.88770              -118.716      0.000      32
       2266 18.88333333333   20.54482    30.81834              -118.776      0.000      32
       2267 18.89166666667   20.31861    30.75039              -118.790      0.000      32
       2268 18.90000000000   20.09225    30.68384              -118.882      0.000      32
       2269 18.90833333333   19.86575    30.61869              -118.949      0.000      32
       2270 18.91666666667   19.63911    30.55491              -118.958      0.000      32
       2271 18.92500000000   19.41234    30.49251              -118.997      0.000      32
       2272 18.93333333333   19.18544    30.43146              -119.029      0.000      32
       2273 18.94166666667   18.95841    30.37177              -119.043      0.000      32
       2274 18.95000000000   18.73125    30.31341              -119.035      0.000      32
       2275 18.95833333333   18.50398    30.25638              -118.999      0.000      32
       2276 18.96666666667   18.27660    30.20068              -119.033      0.000      32
       2277 18.97500000000   18.04910    30.14628              -119.104      0.000      32
       2278 18.98333333333   17.82149    30.09318              -119.049      0.000      32
       2279 18.99166666667   17.59378    30.04137              -119.175      0.000      32
       2280 19.00000000000   17.36597    29.99084              -119.235      0.000      32
       2281 19.00833333333   17.15837    29.94203              -119.302      0.000      32
       2282 19.01666666667   16.93052    29.89450              -119.427      0.000      32
       2283 19.02500000000   16.70272    29.84823              -119.549      0.000      32
       2284 19.03333333333   16.47496    29.80321              -119.612      0.000      32
       2285 19.04166666667   16.24725    29.75941              -119.666      0.000      32
       2286 19.05000000000   16.01960    29.71684              -119.748      0.000      32
       2287 19.05833333333   15.79200    29.67548              -119.747      0.000      32
       2288 19.06666666667   15.56445    29.63533              -119.682      0.000      32
       2289 19.07500000000   15.33696    29.59638              -119.567      0.000      32
       2290 19.08333333333   15.10953    29.55862              -119.401      0.000      32
       2291 19.09166666667   14.88216    29.52204              -119.505      0.000      32
       2292 19.10000000000   14.65485    29.48664              -119.573      0.000      32
       2293 19.10833333333   14.42761    29.45240              -119.589      0.000      32
       2294 19.11666666667   14.20043    29.41931              -119.672      0.000      32
       2295 19.12500000000   13.97331    29.38738              -119.762      0.000      32
       2296 19.13333333333   13.74627    29.35659              -119.914      0.000      32
       2297 19.14166666667   13.51930    29.32694              -119.971      0.000      32
       2298 19.15000000000   13.29239    29.29841              -120.037      0.000      32
       2299 19.15833333333   13.06556    29.27100              -120.182      0.000      32
       2300 19.16666666667   12.83881    29.24471              -120.197      0.000      32
       2301 19.17500000000   12.61213    29.21952              -120.275      0.000      32
       2302 19.18333333333   12.38553    29.19543              -120.277      0.000      32
       2303 19.19166666667   12.15900    29.17244              -120.274      0.000      32
       2304 19.20000000000   11.93256    29.15053              -120.218      0.000      32
       2305 19.20833333333   11.70620    29.12970              -120.277      0.000      32
       2306 19.21666666667   11.47992    29.10994              -120.335      0.000      32
       2307 19.22500000000   11.25372    29.09125              -120.405      0.000      32
       2308 19.23333333333   11.02761    29.07362              -120.490      0.000      32
       2309 19.24166666667   10.80159    29.05704              -120.557      0.000      32
       2310 19.25000000000   10.57566    29.04151              -120.616      0.000      32
       2311 19.25833333333   10.34981    29.02702              -120.634      0.000      32
       2312 19.26666666667   10.12406    29.01357              -120.717      0.000      32
       2313 19.27500000000    9.89839    29.00115              -120.776      0.000      32
       2314 19.28333333333    9.67282    28.98976              -120.834      0.000      32
       2315 19.29166666667    9.44735    28.97938              -120.858      0.000      32
       2316 19.30000000000    9.22197    28.97002              -120.932      0.000      32
       2317 19.30833333333    8.99668    28.96167              -120.923      0.000      32
       2318 19.31666666667    8.77150    28.95432              -120.981      0.000      32
       2319 19.32500000000    8.54641    28.94797              -121.003      0.000      32
       2320 19.33333333333    8.32142    28.94261              -121.050      0.000      32
       2321 19.34166666667    8.09654    28.93824              -121.097      0.000      32
       2322 19.35000000000    7.87175    28.93486              -121.139      0.000      32
       2323 19.35833333333    7.64708    28.93245              -121.132      0.000      32
       2324 19.36666666667    7.42250    28.93102              -121.174      0.000      32
       2325 19.37500000000    7.19804    28.93055              -121.138      0.000      32
       2326 19.38333333333    6.97368    28.93106             19101.966      0.000      32
       2327 19.39166666667    6.74943    28.93252              -121.222      0.000      32
       2328 19.40000000000    6.52528    28.93493              -121.317      0.000      32
       2329 19.40833333333    6.30126    28.93830              -121.417      0.000      32
       2330 19.41666666667    6.07734    28.94262              -121.316      0.000      32
       2331 19.42500000000    5.85354    28.94788              -121.279      0.000      32
       2332 19.43333333333    5.62985    28.95408              -121.385      0.000      32
       2333 19.44166666667    5.40628    28.96121              -121.471      0.000      32
       2334 19.45000000000    5.18282    28.96928              -121.634      0.000      32
       2335 19.45833333333    4.95949    28.97828              -231.334      0.000      32
       2336 19.46666666667    4.73627    28.98819              3893.709      0.000      32
       2337 19.47500000000    4.51318    28.99903              -227.107      0.000      32
       2338 19.48333333333    4.29021    29.01079             -2245.990      0.000      32
       2339 19.49166666667    4.06736    29.02346              2302.013      0.000      32
       2340 19.50000000000    3.84464    29.03704             -3616.200      0.000      32
       2341 19.50833333333    3.63463    29.03842             11726.690      0.000      32
       2342 19.51666666667    3.41238    29.05413             -2579.749      0.000      32
       2343 19.52500000000    3.19034    29.07064             -3689.729      0.000      32
       2344 19.53333333333    2.96851    29.08796             -3689.729      0.000      32
       2345 19.54166666667    2.74689    29.10609             -3689.729      0.000      32
       2346 19.55000000000    2.52548    29.12501             -3689.729      0.000      32
       2347 19.55833333333    2.30428    29.14474             -3689.729      0.000      32
       2348 19.56666666667    2.08328    29.16527             -3689.729      0.000      32
       2349 19.57500000000    1.86250    29.18658             -3689.729      0.000      32
       2350 19.58333333333    1.64192    29.20869             -3689.729      0.000      32
       2351 19.59166666667    1.42155    29.23160             -3689.729      0.000      32
       2352 19.60000000000    1.20139    29.25529             -3689.729      0.000      32
       2353 19.60833333333    0.98143    29.27976             -3689.729      0.000      32
       2354 19.61666666667    0.76169    29.30502             -3689.729      0.000      32
       2355 19.62500000000    0.54215    29.33106             -3689.729      0.000      32
       2356 19.63333333333    0.32282    29.35788             -3689.729      0.000      32
       2357 19.64166666667    0.10369    29.38548             -3689.729      0.000      32
