# Created on 2022-09-13 07:34:35 
# Sources: obs\AAV40321.22O, nav\AAV40321.22G
# Satellite: R07 (k = 5.0)
# Interval: 30.0
# Sampling interval: 0.0 (not used).
# Site: AAV4
# Position (L, B, H): 74.6178382249, 43.0232991769, 585.248198851
# Position (X, Y, Z): 1238908.5437, 4503304.8915, 4329793.7299
# datetime format: %Y-%m-%dT%H:%M:%S
# Columns: tsn, hour, el, az, tec.l1l2, tec.p1p2, validity
# (I11,1X,F14.11,1X,F10.5,1X,F11.5,1X,F21.3,1X,F10.3,1X,I7)
       1200 10.00000000000    0.71997   354.02184               -77.906      0.000      32
       1201 10.00833333333    0.86291   353.85624               -77.906      0.000      32
       1202 10.01666666667    1.00505   353.68987               -77.906      0.000      32
       1203 10.02500000000    1.14638   353.52272               -77.906      0.000      32
       1204 10.03333333333    1.28689   353.35481               -77.906      0.000      32
       1205 10.04166666667    1.42659   353.18612               -77.906      0.000      32
       1206 10.05000000000    1.56547   353.01666               -77.906      0.000      32
       1207 10.05833333333    1.70352   352.84642               -77.906      0.000      32
       1208 10.06666666667    1.84074   352.67541               -77.906      0.000      32
       1209 10.07500000000    1.97712   352.50363               -77.906      0.000      32
       1210 10.08333333333    2.11265   352.33106               -77.906      0.000      32
       1211 10.09166666667    2.24734   352.15773               -13.567      0.000      32
       1212 10.10000000000    2.38117   351.98361               -13.643      0.000      32
       1213 10.10833333333    2.51414   351.80872               -13.443      0.000      32
       1214 10.11666666667    2.64625   351.63304               -13.362      0.000      32
       1215 10.12500000000    2.77749   351.45659               -13.469      0.000      32
       1216 10.13333333333    2.90786   351.27936               -13.459      0.000      32
       1217 10.14166666667    3.03735   351.10135               -13.572      0.000      32
       1218 10.15000000000    3.16595   350.92257               -13.622      0.000      32
       1219 10.15833333333    3.29366   350.74300               -13.680      0.000      32
       1220 10.16666666667    3.42047   350.56265               -13.696      0.000      32
       1221 10.17500000000    3.54639   350.38152               -13.871      0.000      32
       1222 10.18333333333    3.67139   350.19961               -13.738      0.000      32
       1223 10.19166666667    3.79549   350.01693               -13.833      0.000      32
       1224 10.20000000000    3.91867   349.83346               -13.755      0.000      32
       1225 10.20833333333    4.04093   349.64921               -13.922      0.000      32
       1226 10.21666666667    4.16226   349.46419               -14.112      0.000      32
       1227 10.22500000000    4.28267   349.27838               -14.022      0.000      32
       1228 10.23333333333    4.40213   349.09180               -14.204      0.000      32
       1229 10.24166666667    4.52065   348.90443               -14.219      0.000      32
       1230 10.25000000000    4.63823   348.71629               -14.256      0.000      32
       1231 10.25833333333    4.75485   348.52737               -14.333      0.000      32
       1232 10.26666666667    4.87051   348.33768               -14.389      0.000      32
       1233 10.27500000000    4.98521   348.14721               -14.344      0.000      32
       1234 10.28333333333    5.09895   347.95596               -14.400      0.000      32
       1235 10.29166666667    5.21171   347.76394               -14.392      0.000      32
       1236 10.30000000000    5.32349   347.57114               -14.465      0.000      32
       1237 10.30833333333    5.43429   347.37757               -14.524      0.000      32
       1238 10.31666666667    5.54410   347.18323               -14.651      0.000      32
       1239 10.32500000000    5.65292   346.98812               -14.774      0.000      32
       1240 10.33333333333    5.76073   346.79224               -14.934      0.000      32
       1241 10.34166666667    5.86755   346.59559               -14.959      0.000      32
       1242 10.35000000000    5.97335   346.39818               -15.026      0.000      32
       1243 10.35833333333    6.07815   346.20000               -15.177      0.000      32
       1244 10.36666666667    6.18192   346.00105               -15.223      0.000      32
       1245 10.37500000000    6.28467   345.80134               -15.368      0.000      32
       1246 10.38333333333    6.38639   345.60088               -15.449      0.000      32
       1247 10.39166666667    6.48708   345.39965               -15.536      0.000      32
       1248 10.40000000000    6.58672   345.19766               -15.599      0.000      32
       1249 10.40833333333    6.68533   344.99492               -15.707      0.000      32
       1250 10.41666666667    6.78288   344.79143               -15.708      0.000      32
       1251 10.42500000000    6.87938   344.58718               -15.825      0.000      32
       1252 10.43333333333    6.97482   344.38219               -15.884      0.000      32
       1253 10.44166666667    7.06920   344.17645               -15.921      0.000      32
       1254 10.45000000000    7.16251   343.96996               -15.984      0.000      32
       1255 10.45833333333    7.25475   343.76273               -16.075      0.000      32
       1256 10.46666666667    7.34591   343.55476               -16.165      0.000      32
       1257 10.47500000000    7.43598   343.34606               -16.302      0.000      32
       1258 10.48333333333    7.52497   343.13662               -16.378      0.000      32
       1259 10.49166666667    7.61286   342.92645               -16.516      0.000      32
       1260 10.50000000000    7.69966   342.71555               -16.586      0.000      32
       1261 10.50833333333    7.77755   342.52412               -16.649      0.000      32
       1262 10.51666666667    7.86172   342.31183               -16.730      0.000      32
       1263 10.52500000000    7.94473   342.09897               -16.909      0.000      32
       1264 10.53333333333    8.02657   341.88552               -16.942      0.000      32
       1265 10.54166666667    8.10724   341.67151               -17.078      0.000      32
       1266 10.55000000000    8.18674   341.45692               -17.138      0.000      32
       1267 10.55833333333    8.26506   341.24177               -17.213      0.000      32
       1268 10.56666666667    8.34219   341.02606               -17.350      0.000      32
       1269 10.57500000000    8.41813   340.80978               -17.393      0.000      32
       1270 10.58333333333    8.49288   340.59295               -17.516      0.000      32
       1271 10.59166666667    8.56643   340.37558               -17.588      0.000      32
       1272 10.60000000000    8.63879   340.15765               -17.662      0.000      32
       1273 10.60833333333    8.70993   339.93919               -17.731      0.000      32
       1274 10.61666666667    8.77987   339.72018               -17.775      0.000      32
       1275 10.62500000000    8.84860   339.50065               -17.873      0.000      32
       1276 10.63333333333    8.91611   339.28058               -18.039      0.000      32
       1277 10.64166666667    8.98239   339.06000               -18.102      0.000      32
       1278 10.65000000000    9.04746   338.83889               -18.181      0.000      32
       1279 10.65833333333    9.11129   338.61727               -18.291      0.000      32
       1280 10.66666666667    9.17389   338.39514               -18.367      0.000      32
       1281 10.67500000000    9.23526   338.17250               -18.493      0.000      32
       1282 10.68333333333    9.29538   337.94936               -18.524      0.000      32
       1283 10.69166666667    9.35427   337.72573               -18.579      0.000      32
       1284 10.70000000000    9.41190   337.50161               -18.668      0.000      32
       1285 10.70833333333    9.46829   337.27701               -18.739      0.000      32
       1286 10.71666666667    9.52342   337.05193               -18.810      0.000      32
       1287 10.72500000000    9.57729   336.82637               -18.901      0.000      32
       1288 10.73333333333    9.62991   336.60035               -18.947      0.000      32
       1289 10.74166666667    9.68126   336.37386               -19.078      0.000      32
       1290 10.75000000000    9.73134   336.14692               -19.200      0.000      32
       1291 10.75833333333    9.78016   335.91953               -19.239      0.000      32
       1292 10.76666666667    9.82770   335.69169               -19.280      0.000      32
       1293 10.77500000000    9.87396   335.46341               -19.389      0.000      32
       1294 10.78333333333    9.91895   335.23470               -19.448      0.000      32
       1295 10.79166666667    9.96266   335.00557               -19.490      0.000      32
       1296 10.80000000000   10.00508   334.77601               -19.595      0.000      32
       1297 10.80833333333   10.04621   334.54604               -19.646      0.000      32
       1298 10.81666666667   10.08605   334.31565               -19.685      0.000      32
       1299 10.82500000000   10.12460   334.08487               -19.731      0.000      32
       1300 10.83333333333   10.16186   333.85369               -19.774      0.000      32
       1301 10.84166666667   10.19782   333.62212               -19.807      0.000      32
       1302 10.85000000000   10.23247   333.39017               -19.893      0.000      32
       1303 10.85833333333   10.26583   333.15784               -20.005      0.000      32
       1304 10.86666666667   10.29788   332.92515               -20.042      0.000      32
       1305 10.87500000000   10.32863   332.69209               -20.140      0.000      32
       1306 10.88333333333   10.35806   332.45868               -20.213      0.000      32
       1307 10.89166666667   10.38618   332.22491               -20.314      0.000      32
       1308 10.90000000000   10.41300   331.99081               -20.296      0.000      32
       1309 10.90833333333   10.43849   331.75637               -20.345      0.000      32
       1310 10.91666666667   10.46267   331.52160               -20.420      0.000      32
       1311 10.92500000000   10.48554   331.28652               -20.522      0.000      32
       1312 10.93333333333   10.50708   331.05112               -20.565      0.000      32
       1313 10.94166666667   10.52730   330.81541               -20.660      0.000      32
       1314 10.95000000000   10.54620   330.57941               -20.605      0.000      32
       1315 10.95833333333   10.56377   330.34311               -20.759      0.000      32
       1316 10.96666666667   10.58002   330.10653               -20.694      0.000      32
       1317 10.97500000000   10.59494   329.86968               -20.689      0.000      32
       1318 10.98333333333   10.60853   329.63256               -20.744      0.000      32
       1319 10.99166666667   10.62079   329.39517               -20.777      0.000      32
       1320 11.00000000000   10.63173   329.15754               -20.837      0.000      32
       1321 11.00833333333   10.64598   328.93985               -20.919      0.000      32
       1322 11.01666666667   10.65392   328.70196               -20.959      0.000      32
       1323 11.02500000000   10.66056   328.46399               -21.101      0.000      32
       1324 11.03333333333   10.66590   328.22592               -21.061      0.000      32
       1325 11.04166666667   10.66994   327.98777               -21.119      0.000      32
       1326 11.05000000000   10.67268   327.74955               -21.171      0.000      32
       1327 11.05833333333   10.67412   327.51125               -21.200      0.000      32
       1328 11.06666666667   10.67426   327.27290               -21.206      0.000      32
       1329 11.07500000000   10.67310   327.03449            -14993.558      0.000      32
       1330 11.08333333333   10.67064   326.79604               -21.228      0.000      32
       1331 11.09166666667   10.66689   326.55754               -21.213      0.000      32
       1332 11.10000000000   10.66183   326.31901               -21.295      0.000      32
       1333 11.10833333333   10.65548   326.08046               -21.204      0.000      32
       1334 11.11666666667   10.64783   325.84188               -21.213      0.000      32
       1335 11.12500000000   10.63888   325.60329               -21.296      0.000      32
       1336 11.13333333333   10.62864   325.36469               -21.278      0.000      32
       1337 11.14166666667   10.61710   325.12609               -21.268      0.000      32
       1338 11.15000000000   10.60426   324.88750               -21.301      0.000      32
       1339 11.15833333333   10.59013   324.64893               -21.371      0.000      32
       1340 11.16666666667   10.57471   324.41037               -21.414      0.000      32
       1341 11.17500000000   10.55799   324.17184               -21.432      0.000      32
       1342 11.18333333333   10.53998   323.93335               -21.431      0.000      32
       1343 11.19166666667   10.52068   323.69490               -21.401      0.000      32
       1344 11.20000000000   10.50010   323.45649               -21.424      0.000      32
       1345 11.20833333333   10.47822   323.21814               -21.429      0.000      32
       1346 11.21666666667   10.45506   322.97986               -21.469      0.000      32
       1347 11.22500000000   10.43062   322.74164               -21.513      0.000      32
       1348 11.23333333333   10.40489   322.50350               -21.467      0.000      32
       1349 11.24166666667   10.37788   322.26544               -21.519      0.000      32
       1350 11.25000000000   10.34959   322.02747               -21.408      0.000      32
       1351 11.25833333333   10.32002   321.78960               -21.376      0.000      32
       1352 11.26666666667   10.28917   321.55183               -21.452      0.000      32
       1353 11.27500000000   10.25705   321.31417               -21.342      0.000      32
       1354 11.28333333333   10.22366   321.07662               -21.338      0.000      32
       1355 11.29166666667   10.18900   320.83921               -21.345      0.000      32
       1356 11.30000000000   10.15307   320.60192               -21.300      0.000      32
       1357 11.30833333333   10.11588   320.36477               -21.288      0.000      32
       1358 11.31666666667   10.07742   320.12776               -21.378      0.000      32
       1359 11.32500000000   10.03770   319.89090               -21.338      0.000      32
       1360 11.33333333333    9.99672   319.65420               -21.271      0.000      32
       1361 11.34166666667    9.95448   319.41767               -21.261      0.000      32
       1362 11.35000000000    9.91100   319.18130               -21.216      0.000      32
       1363 11.35833333333    9.86626   318.94512               -21.221      0.000      32
       1364 11.36666666667    9.82027   318.70912               -21.221      0.000      32
       1365 11.37500000000    9.77304   318.47331               -21.139      0.000      32
       1366 11.38333333333    9.72456   318.23769               -21.228      0.000      32
       1367 11.39166666667    9.67485   318.00228               -21.168      0.000      32
       1368 11.40000000000    9.62390   317.76708               -21.091      0.000      32
       1369 11.40833333333    9.57172   317.53210               -21.123      0.000      32
       1370 11.41666666667    9.51831   317.29734               -21.051      0.000      32
       1371 11.42500000000    9.46367   317.06281               -20.974      0.000      32
       1372 11.43333333333    9.40781   316.82852               -20.990      0.000      32
       1373 11.44166666667    9.35074   316.59447               -21.039      0.000      32
       1374 11.45000000000    9.29244   316.36067               -21.019      0.000      32
       1375 11.45833333333    9.23293   316.12712               -21.111      0.000      32
       1376 11.46666666667    9.17222   315.89384               -21.098      0.000      32
       1377 11.47500000000    9.11030   315.66082               -21.020      0.000      32
       1378 11.48333333333    9.04718   315.42808               -20.969      0.000      32
       1379 11.49166666667    8.98287   315.19561               -21.013      0.000      32
       1380 11.50000000000    8.91736   314.96344               -21.008      0.000      32
       1381 11.50833333333    8.86673   314.74068               -20.985      0.000      32
       1382 11.51666666667    8.79864   314.50935               -21.023      0.000      32
       1383 11.52500000000    8.72947   314.27839               -21.006      0.000      32
       1384 11.53333333333    8.65923   314.04779               -20.902      0.000      32
       1385 11.54166666667    8.58793   313.81756               -20.843      0.000      32
       1386 11.55000000000    8.51557   313.58769               -20.815      0.000      32
       1387 11.55833333333    8.44216   313.35821               -20.794      0.000      32
       1388 11.56666666667    8.36769   313.12911               -20.715      0.000      32
       1389 11.57500000000    8.29217   312.90038               -20.520      0.000      32
       1390 11.58333333333    8.21561   312.67205               -20.427      0.000      32
       1391 11.59166666667    8.13801   312.44410               -20.414      0.000      32
       1392 11.60000000000    8.05937   312.21655               -20.343      0.000      32
       1393 11.60833333333    7.97970   311.98939               -20.324      0.000      32
       1394 11.61666666667    7.89900   311.76263               -20.187      0.000      32
       1395 11.62500000000    7.81728   311.53628               -20.109      0.000      32
       1396 11.63333333333    7.73453   311.31033               -20.009      0.000      32
       1397 11.64166666667    7.65077   311.08479               -20.006      0.000      32
       1398 11.65000000000    7.56600   310.85967               -19.823      0.000      32
       1399 11.65833333333    7.48023   310.63496               -19.756      0.000      32
       1400 11.66666666667    7.39345   310.41067               -19.628      0.000      32
       1401 11.67500000000    7.30567   310.18680               -19.498      0.000      32
       1402 11.68333333333    7.21690   309.96335               -19.401      0.000      32
       1403 11.69166666667    7.12714   309.74034               -19.250      0.000      32
       1404 11.70000000000    7.03640   309.51775               -19.274      0.000      32
       1405 11.70833333333    6.94467   309.29560               -19.211      0.000      32
       1406 11.71666666667    6.85197   309.07388               -19.163      0.000      32
       1407 11.72500000000    6.75830   308.85260               -19.038      0.000      32
       1408 11.73333333333    6.66366   308.63176               -18.887      0.000      32
       1409 11.74166666667    6.56806   308.41137               -18.795      0.000      32
       1410 11.75000000000    6.47151   308.19142               -18.734      0.000      32
       1411 11.75833333333    6.37400   307.97193               -18.641      0.000      32
       1412 11.76666666667    6.27554   307.75288               -18.636      0.000      32
       1413 11.77500000000    6.17614   307.53429               -18.450      0.000      32
       1414 11.78333333333    6.07581   307.31616               -18.337      0.000      32
       1415 11.79166666667    5.97454   307.09848               -18.240      0.000      32
       1416 11.80000000000    5.87235   306.88127               -18.191      0.000      32
       1417 11.80833333333    5.76923   306.66452               -18.069      0.000      32
       1418 11.81666666667    5.66519   306.44824               -18.016      0.000      32
       1419 11.82500000000    5.56024   306.23242               -17.879      0.000      32
       1420 11.83333333333    5.45439   306.01708               -17.803      0.000      32
       1421 11.84166666667    5.34763   305.80221               -17.716      0.000      32
       1422 11.85000000000    5.23997   305.58781               -17.580      0.000      32
       1423 11.85833333333    5.13142   305.37389               -17.346      0.000      32
       1424 11.86666666667    5.02198   305.16045               -17.207      0.000      32
       1425 11.87500000000    4.91167   304.94749               -17.040      0.000      32
       1426 11.88333333333    4.80047   304.73501               -17.033      0.000      32
       1427 11.89166666667    4.68840   304.52302               -16.952      0.000      32
       1428 11.90000000000    4.57547   304.31151               -16.880      0.000      32
       1429 11.90833333333    4.46168   304.10049               -16.780      0.000      32
       1430 11.91666666667    4.34703   303.88996               -16.589      0.000      32
       1431 11.92500000000    4.23153   303.67992               -16.560      0.000      32
       1432 11.93333333333    4.11518   303.47038               -16.356      0.000      32
       1433 11.94166666667    3.99800   303.26133               -16.273      0.000      32
       1434 11.95000000000    3.87998   303.05277               -16.118      0.000      32
       1435 11.95833333333    3.76114   302.84472               -15.993      0.000      32
       1436 11.96666666667    3.64147   302.63716               -15.897      0.000      32
       1437 11.97500000000    3.52098   302.43010               -15.781      0.000      32
       1438 11.98333333333    3.39968   302.22355               -15.537      0.000      32
       1439 11.99166666667    3.27758   302.01750               -15.338      0.000      32
       1440 12.00000000000    3.15467   301.81196             19234.806      0.000      32
       1441 12.00833333333    3.05322   301.60038               -15.286      0.000      32
       1442 12.01666666667    2.92863   301.39602               -15.242      0.000      32
       1443 12.02500000000    2.80340   301.19211               -15.120      0.000      32
       1444 12.03333333333    2.67754   300.98867               -14.892      0.000      32
       1445 12.04166666667    2.55105   300.78568               -14.852      0.000      32
       1446 12.05000000000    2.42394   300.58315               -14.720      0.000      32
       1447 12.05833333333    2.29620   300.38108               -14.578      0.000      32
       1448 12.06666666667    2.16785   300.17946               -14.764      0.000      32
       1449 12.07500000000    2.03889   299.97830               -14.764      0.000      32
       1450 12.08333333333    1.90932   299.77760               280.110      0.000      32
       1451 12.09166666667    1.77915   299.57735               280.108      0.000      32
       1452 12.10000000000    1.64838   299.37755             -3013.447      0.000      32
       1453 12.10833333333    1.51702   299.17821              -162.615      0.000      32
       1454 12.11666666667    1.38507   298.97932              -162.615      0.000      32
       1455 12.12500000000    1.25253   298.78088              -162.615      0.000      32
       1456 12.13333333333    1.11941   298.58289              -162.615      0.000      32
       1457 12.14166666667    0.98571   298.38535              -162.615      0.000      32
       1458 12.15000000000    0.85144   298.18826              -162.615      0.000      32
       1459 12.15833333333    0.71660   297.99161              -162.615      0.000      32
       1460 12.16666666667    0.58119   297.79542              -162.615      0.000      32
       1461 12.17500000000    0.44523   297.59967              -162.615      0.000      32
       1462 12.18333333333    0.30871   297.40436              -162.615      0.000      32
       1463 12.19166666667    0.17163   297.20950              -162.615      0.000      32
       1464 12.20000000000    0.03401   297.01509              -162.615      0.000      32
       2126 17.71666666667    0.15303   182.27679                14.237      0.000      32
       2127 17.72500000000    0.38420   182.25533                14.237      0.000      32
       2128 17.73333333333    0.61577   182.23438                14.237      0.000      32
       2129 17.74166666667    0.84774   182.21394                14.237      0.000      32
       2130 17.75000000000    1.08012   182.19401                14.237      0.000      32
       2131 17.75833333333    1.31291   182.17458                14.237      0.000      32
       2132 17.76666666667    1.54611   182.15567                14.237      0.000      32
       2133 17.77500000000    1.77972   182.13726                14.237      0.000      32
       2134 17.78333333333    2.01374   182.11937                14.237      0.000      32
       2135 17.79166666667    2.24817   182.10199                14.237      0.000      32
       2136 17.80000000000    2.48301   182.08512                14.237      0.000      32
       2137 17.80833333333    2.71827   182.06878                14.237      0.000      32
       2138 17.81666666667    2.95394   182.05294                14.237      0.000      32
       2139 17.82500000000    3.19002   182.03763                14.237      0.000      32
       2140 17.83333333333    3.42652   182.02284                14.237      0.000      32
       2141 17.84166666667    3.66344   182.00856                14.237      0.000      32
       2142 17.85000000000    3.90077   181.99482                14.237      0.000      32
       2143 17.85833333333    4.13853   181.98159             12007.372      0.000      32
       2144 17.86666666667    4.37669   181.96889                25.848      0.000      32
       2145 17.87500000000    4.61528   181.95672                25.826      0.000      32
       2146 17.88333333333    4.85429   181.94508                25.738      0.000      32
       2147 17.89166666667    5.09372   181.93397                25.698      0.000      32
       2148 17.90000000000    5.33357   181.92339                25.698      0.000      32
       2149 17.90833333333    5.57383   181.91335                61.839      0.000      32
       2150 17.91666666667    5.81452   181.90385                62.282      0.000      32
       2151 17.92500000000    6.05564   181.89488                62.507      0.000      32
       2152 17.93333333333    6.29717   181.88646                62.729      0.000      32
       2153 17.94166666667    6.53913   181.87858                62.878      0.000      32
       2154 17.95000000000    6.78151   181.87125                62.987      0.000      32
       2155 17.95833333333    7.02431   181.86446                62.984      0.000      32
       2156 17.96666666667    7.26753   181.85822                62.965      0.000      32
       2157 17.97500000000    7.51118   181.85254                63.078      0.000      32
       2158 17.98333333333    7.75525   181.84741                63.274      0.000      32
       2159 17.99166666667    7.99975   181.84284                63.377      0.000      32
       2160 18.00000000000    8.24467   181.83883                63.389      0.000      32
       2161 18.00833333333    8.47967   181.80030                63.431      0.000      32
       2162 18.01666666667    8.72520   181.79729                63.436      0.000      32
       2163 18.02500000000    8.97108   181.79462                63.479      0.000      32
       2164 18.03333333333    9.21733   181.79228                63.487      0.000      32
       2165 18.04166666667    9.46394   181.79028                63.374      0.000      32
       2166 18.05000000000    9.71091   181.78861                63.338      0.000      32
       2167 18.05833333333    9.95825   181.78728                63.212      0.000      32
       2168 18.06666666667   10.20595   181.78629                63.164      0.000      32
       2169 18.07500000000   10.45401   181.78564                63.098      0.000      32
       2170 18.08333333333   10.70244   181.78533                62.929      0.000      32
       2171 18.09166666667   10.95123   181.78537                62.826      0.000      32
       2172 18.10000000000   11.20039   181.78575                62.725      0.000      32
       2173 18.10833333333   11.44992   181.78649                62.642      0.000      32
       2174 18.11666666667   11.69982   181.78757                62.624      0.000      32
       2175 18.12500000000   11.95009   181.78901            -19187.634      0.000      32
       2176 18.13333333333   12.20073   181.79081                62.533      0.000      32
       2177 18.14166666667   12.45173   181.79296                62.517      0.000      32
       2178 18.15000000000   12.70311   181.79547                62.438      0.000      32
       2179 18.15833333333   12.95486   181.79835                62.368      0.000      32
       2180 18.16666666667   13.20698   181.80159                62.264      0.000      32
       2181 18.17500000000   13.45947   181.80519                62.206      0.000      32
       2182 18.18333333333   13.71234   181.80917                62.187      0.000      32
       2183 18.19166666667   13.96558   181.81352                62.101      0.000      32
       2184 18.20000000000   14.21919   181.81824                62.020      0.000      32
       2185 18.20833333333   14.47318   181.82334                62.139      0.000      32
       2186 18.21666666667   14.72754   181.82882                62.072      0.000      32
       2187 18.22500000000   14.98228   181.83468                62.072      0.000      32
       2188 18.23333333333   15.23739   181.84093                62.192      0.000      32
       2189 18.24166666667   15.49287   181.84757                62.236      0.000      32
       2190 18.25000000000   15.74873   181.85460                62.256      0.000      32
       2191 18.25833333333   16.00497   181.86202                62.366      0.000      32
       2192 18.26666666667   16.26158   181.86984                62.233      0.000      32
       2193 18.27500000000   16.51856   181.87806                62.397      0.000      32
       2194 18.28333333333   16.77593   181.88668                62.369      0.000      32
       2195 18.29166666667   17.03366   181.89571                62.404      0.000      32
       2196 18.30000000000   17.29177   181.90515                62.505      0.000      32
       2197 18.30833333333   17.55026   181.91501                62.494      0.000      32
       2198 18.31666666667   17.80912   181.92528                62.540      0.000      32
       2199 18.32500000000   18.06836   181.93598                62.633      0.000      32
       2200 18.33333333333   18.32798   181.94709                62.719      0.000      32
       2201 18.34166666667   18.58796   181.95864                62.757      0.000      32
       2202 18.35000000000   18.84832   181.97062                62.824      0.000      32
       2203 18.35833333333   19.10906   181.98303                62.885      0.000      32
       2204 18.36666666667   19.37017   181.99588                63.006      0.000      32
       2205 18.37500000000   19.63165   182.00918                63.018      0.000      32
       2206 18.38333333333   19.89351   182.02292                63.020      0.000      32
       2207 18.39166666667   20.15574   182.03711                63.151      0.000      32
       2208 18.40000000000   20.41834   182.05176                63.121      0.000      32
       2209 18.40833333333   20.68131   182.06688                63.167      0.000      32
       2210 18.41666666667   20.94465   182.08245                63.264      0.000      32
       2211 18.42500000000   21.20836   182.09850                63.358      0.000      32
       2212 18.43333333333   21.47244   182.11502                63.379      0.000      32
       2213 18.44166666667   21.73689   182.13201                63.448      0.000      32
       2214 18.45000000000   22.00171   182.14949                63.472      0.000      32
       2215 18.45833333333   22.26690   182.16746                63.531      0.000      32
       2216 18.46666666667   22.53245   182.18593                63.551      0.000      32
       2217 18.47500000000   22.79837   182.20489                63.633      0.000      32
       2218 18.48333333333   23.06465   182.22435                63.719      0.000      32
       2219 18.49166666667   23.33129   182.24432                63.781      0.000      32
       2220 18.50000000000   23.59830   182.26481                63.777      0.000      32
       2221 18.50833333333   23.86355   182.23786                63.756      0.000      32
       2222 18.51666666667   24.13115   182.25891                63.752      0.000      32
       2223 18.52500000000   24.39909   182.28016                63.804      0.000      32
       2224 18.53333333333   24.66739   182.30161                63.776      0.000      32
       2225 18.54166666667   24.93603   182.32328                63.783      0.000      32
       2226 18.55000000000   25.20503   182.34516                63.748      0.000      32
       2227 18.55833333333   25.47437   182.36726                63.657      0.000      32
       2228 18.56666666667   25.74407   182.38958                63.705      0.000      32
       2229 18.57500000000   26.01411   182.41211                63.601      0.000      32
       2230 18.58333333333   26.28450   182.43488                63.600      0.000      32
       2231 18.59166666667   26.55523   182.45787                63.543      0.000      32
       2232 18.60000000000   26.82632   182.48109                63.536      0.000      32
       2233 18.60833333333   27.09774   182.50455                63.495      0.000      32
       2234 18.61666666667   27.36952   182.52824                63.381      0.000      32
       2235 18.62500000000   27.64164   182.55218                63.440      0.000      32
       2236 18.63333333333   27.91410   182.57636                63.254      0.000      32
       2237 18.64166666667   28.18691   182.60079                63.267      0.000      32
       2238 18.65000000000   28.46006   182.62547                63.232      0.000      32
       2239 18.65833333333   28.73355   182.65040                63.155      0.000      32
       2240 18.66666666667   29.00738   182.67560                63.100      0.000      32
       2241 18.67500000000   29.28155   182.70105                62.986      0.000      32
       2242 18.68333333333   29.55606   182.72678                62.852      0.000      32
       2243 18.69166666667   29.83091   182.75277                62.857      0.000      32
       2244 18.70000000000   30.10609   182.77904                62.816      0.000      32
       2245 18.70833333333   30.38162   182.80558                62.686      0.000      32
       2246 18.71666666667   30.65747   182.83241                62.613      0.000      32
       2247 18.72500000000   30.93366   182.85953                62.561      0.000      32
       2248 18.73333333333   31.21019   182.88694                62.506      0.000      32
       2249 18.74166666667   31.48704   182.91464                62.394      0.000      32
       2250 18.75000000000   31.76423   182.94264                62.375      0.000      32
       2251 18.75833333333   32.04175   182.97095                62.276      0.000      32
       2252 18.76666666667   32.31959   182.99957                62.241      0.000      32
       2253 18.77500000000   32.59776   183.02850                62.150      0.000      32
       2254 18.78333333333   32.87626   183.05775                62.153      0.000      32
       2255 18.79166666667   33.15508   183.08733                62.128      0.000      32
       2256 18.80000000000   33.43422   183.11723                62.069      0.000      32
       2257 18.80833333333   33.71369   183.14747                61.981      0.000      32
       2258 18.81666666667   33.99348   183.17805            -14910.425      0.000      32
       2259 18.82500000000   34.27358   183.20897                61.891      0.000      32
       2260 18.83333333333   34.55400   183.24025                61.817      0.000      32
       2261 18.84166666667   34.83474   183.27188                61.802      0.000      32
       2262 18.85000000000   35.11579   183.30388                61.760      0.000      32
       2263 18.85833333333   35.39716   183.33624                61.632      0.000      32
       2264 18.86666666667   35.67883   183.36897                61.566      0.000      32
       2265 18.87500000000   35.96082   183.40209                61.515      0.000      32
       2266 18.88333333333   36.24311   183.43560                61.535      0.000      32
       2267 18.89166666667   36.52571   183.46949                61.565      0.000      32
       2268 18.90000000000   36.80862   183.50379                61.600      0.000      32
       2269 18.90833333333   37.09182   183.53850                61.553      0.000      32
       2270 18.91666666667   37.37533   183.57361                61.547      0.000      32
       2271 18.92500000000   37.65914   183.60915                61.448      0.000      32
       2272 18.93333333333   37.94324   183.64512                61.284      0.000      32
       2273 18.94166666667   38.22764   183.68152                61.324      0.000      32
       2274 18.95000000000   38.51233   183.71837                61.288      0.000      32
       2275 18.95833333333   38.79731   183.75566                61.179      0.000      32
       2276 18.96666666667   39.08258   183.79342                61.192      0.000      32
       2277 18.97500000000   39.36814   183.83164                61.194      0.000      32
       2278 18.98333333333   39.65398   183.87034                61.219      0.000      32
       2279 18.99166666667   39.94011   183.90952                61.189      0.000      32
       2280 19.00000000000   40.22652   183.94919                61.162      0.000      32
       2281 19.00833333333   40.51597   183.92625                61.145      0.000      32
       2282 19.01666666667   40.80293   183.96589                61.115      0.000      32
       2283 19.02500000000   41.09018   184.00561                61.114      0.000      32
       2284 19.03333333333   41.37773   184.04542                61.089      0.000      32
       2285 19.04166666667   41.66558   184.08532                61.034      0.000      32
       2286 19.05000000000   41.95371   184.12532                61.009      0.000      32
       2287 19.05833333333   42.24214   184.16540                60.990      0.000      32
       2288 19.06666666667   42.53085   184.20559                60.946      0.000      32
       2289 19.07500000000   42.81985   184.24587                60.929      0.000      32
       2290 19.08333333333   43.10913   184.28626                60.937      0.000      32
       2291 19.09166666667   43.39870   184.32676                60.909      0.000      32
       2292 19.10000000000   43.68854   184.36737                60.843      0.000      32
       2293 19.10833333333   43.97866   184.40808                60.809      0.000      32
       2294 19.11666666667   44.26905   184.44892                60.776      0.000      32
       2295 19.12500000000   44.55971   184.48987                60.690      0.000      32
       2296 19.13333333333   44.85065   184.53095                60.683      0.000      32
       2297 19.14166666667   45.14185   184.57215                60.654      0.000      32
       2298 19.15000000000   45.43332   184.61348                60.607      0.000      32
       2299 19.15833333333   45.72505   184.65495                60.581      0.000      32
       2300 19.16666666667   46.01704   184.69655                60.488      0.000      32
       2301 19.17500000000   46.30929   184.73829                60.466      0.000      32
       2302 19.18333333333   46.60179   184.78018                60.388      0.000      32
       2303 19.19166666667   46.89455   184.82221                60.384      0.000      32
       2304 19.20000000000   47.18756   184.86440                60.318      0.000      32
       2305 19.20833333333   47.48082   184.90675                60.240      0.000      32
       2306 19.21666666667   47.77432   184.94925                60.193      0.000      32
       2307 19.22500000000   48.06807   184.99193                60.147      0.000      32
       2308 19.23333333333   48.36206   185.03477                60.125      0.000      32
       2309 19.24166666667   48.65629   185.07778                60.082      0.000      32
       2310 19.25000000000   48.95076   185.12098                60.059      0.000      32
       2311 19.25833333333   49.24546   185.16436                59.993      0.000      32
       2312 19.26666666667   49.54039   185.20793                59.959      0.000      32
       2313 19.27500000000   49.83555   185.25169                59.907      0.000      32
       2314 19.28333333333   50.13094   185.29566                59.900      0.000      32
       2315 19.29166666667   50.42655   185.33983                59.806      0.000      32
       2316 19.30000000000   50.72238   185.38421                59.721      0.000      32
       2317 19.30833333333   51.01843   185.42880                59.682      0.000      32
       2318 19.31666666667   51.31470   185.47362                59.597      0.000      32
       2319 19.32500000000   51.61119   185.51867                59.618      0.000      32
       2320 19.33333333333   51.90788   185.56395                59.553      0.000      32
       2321 19.34166666667   52.20479   185.60948                59.554      0.000      32
       2322 19.35000000000   52.50190   185.65525                59.507      0.000      32
       2323 19.35833333333   52.79921   185.70128                59.494      0.000      32
       2324 19.36666666667   53.09673   185.74757                59.450      0.000      32
       2325 19.37500000000   53.39445   185.79413                59.434      0.000      32
       2326 19.38333333333   53.69236   185.84097                59.387      0.000      32
       2327 19.39166666667   53.99046   185.88809                59.339      0.000      32
       2328 19.40000000000   54.28876   185.93550                59.299      0.000      32
       2329 19.40833333333   54.58725   185.98322                59.225      0.000      32
       2330 19.41666666667   54.88592   186.03125                59.229      0.000      32
       2331 19.42500000000   55.18478   186.07960                59.192      0.000      32
       2332 19.43333333333   55.48382   186.12827                59.159      0.000      32
       2333 19.44166666667   55.78303   186.17728                59.175      0.000      32
       2334 19.45000000000   56.08242   186.22664                59.175      0.000      32
       2335 19.45833333333   56.38199   186.27636                59.190      0.000      32
       2336 19.46666666667   56.68173   186.32645                59.207      0.000      32
       2337 19.47500000000   56.98163   186.37692                59.250      0.000      32
       2338 19.48333333333   57.28170   186.42777                59.214      0.000      32
       2339 19.49166666667   57.58194   186.47903                59.211      0.000      32
       2340 19.50000000000   57.88233   186.53071                59.248      0.000      32
       2341 19.50833333333   58.18371   186.49571                59.159      0.000      32
       2342 19.51666666667   58.48449   186.54606                59.158      0.000      32
       2343 19.52500000000   58.78542   186.59624                59.128      0.000      32
       2344 19.53333333333   59.08651   186.64624                59.116      0.000      32
       2345 19.54166666667   59.38776   186.69605                59.229      0.000      32
       2346 19.55000000000   59.68915   186.74568                59.353      0.000      32
       2347 19.55833333333   59.99070   186.79511                59.464      0.000      32
       2348 19.56666666667   60.29238   186.84435                59.440      0.000      32
       2349 19.57500000000   60.59421   186.89338                59.382      0.000      32
       2350 19.58333333333   60.89617   186.94221                59.412      0.000      32
       2351 19.59166666667   61.19827   186.99082                59.441      0.000      32
       2352 19.60000000000   61.50050   187.03922                59.381      0.000      32
       2353 19.60833333333   61.80286   187.08739                59.282      0.000      32
       2354 19.61666666667   62.10533   187.13533                59.215      0.000      32
       2355 19.62500000000   62.40793   187.18304                59.157      0.000      32
       2356 19.63333333333   62.71065   187.23050                59.114      0.000      32
       2357 19.64166666667   63.01348   187.27770                59.085      0.000      32
       2358 19.65000000000   63.31642   187.32465                59.066      0.000      32
       2359 19.65833333333   63.61946   187.37133                59.026      0.000      32
       2360 19.66666666667   63.92262   187.41774                59.019      0.000      32
       2361 19.67500000000   64.22587   187.46386                58.993      0.000      32
       2362 19.68333333333   64.52922   187.50968                58.956      0.000      32
       2363 19.69166666667   64.83266   187.55521                58.921      0.000      32
       2364 19.70000000000   65.13619   187.60042                58.901      0.000      32
       2365 19.70833333333   65.43982   187.64530                58.843      0.000      32
       2366 19.71666666667   65.74353   187.68985                58.793      0.000      32
       2367 19.72500000000   66.04731   187.73405                58.760      0.000      32
       2368 19.73333333333   66.35118   187.77789                58.719      0.000      32
       2369 19.74166666667   66.65513   187.82136                58.662      0.000      32
       2370 19.75000000000   66.95914   187.86443                58.631      0.000      32
       2371 19.75833333333   67.26323   187.90711                58.555      0.000      32
       2372 19.76666666667   67.56739   187.94937                58.511      0.000      32
       2373 19.77500000000   67.87160   187.99119                58.471      0.000      32
       2374 19.78333333333   68.17588   188.03256                58.436      0.000      32
       2375 19.79166666667   68.48022   188.07346                58.428      0.000      32
       2376 19.80000000000   68.78461   188.11387                58.413      0.000      32
       2377 19.80833333333   69.08906   188.15376                58.362      0.000      32
       2378 19.81666666667   69.39355   188.19313                58.339      0.000      32
       2379 19.82500000000   69.69809   188.23193                58.338      0.000      32
       2380 19.83333333333   70.00268   188.27016                58.297      0.000      32
       2381 19.84166666667   70.30731   188.30778                58.256      0.000      32
       2382 19.85000000000   70.61197   188.34476                58.232      0.000      32
       2383 19.85833333333   70.91667   188.38107                58.215      0.000      32
       2384 19.86666666667   71.22141   188.41669                58.182      0.000      32
       2385 19.87500000000   71.52617   188.45157                58.183      0.000      32
       2386 19.88333333333   71.83097   188.48569                58.195      0.000      32
       2387 19.89166666667   72.13579   188.51900                58.162      0.000      32
       2388 19.90000000000   72.44063   188.55146                58.135      0.000      32
       2389 19.90833333333   72.74549   188.58302                58.112      0.000      32
       2390 19.91666666667   73.05038   188.61365                58.115      0.000      32
       2391 19.92500000000   73.35527   188.64328                58.070      0.000      32
       2392 19.93333333333   73.66018   188.67186                58.019      0.000      32
       2393 19.94166666667   73.96510   188.69934                58.011      0.000      32
       2394 19.95000000000   74.27003   188.72564                57.997      0.000      32
       2395 19.95833333333   74.57497   188.75070                57.947      0.000      32
       2396 19.96666666667   74.87991   188.77445                57.929      0.000      32
       2397 19.97500000000   75.18485   188.79680                57.917      0.000      32
       2398 19.98333333333   75.48979   188.81767                57.901      0.000      32
       2399 19.99166666667   75.79472   188.83695                57.887      0.000      32
       2400 20.00000000000   76.09965   188.85455                57.863      0.000      32
       2401 20.00833333333   76.39584   188.71194                57.811      0.000      32
       2402 20.01666666667   76.70073   188.71870                57.826      0.000      32
       2403 20.02500000000   77.00554   188.72198                57.786      0.000      32
       2404 20.03333333333   77.31026   188.72153                57.773      0.000      32
       2405 20.04166666667   77.61490   188.71708                57.771      0.000      32
       2406 20.05000000000   77.91945   188.70832                57.721      0.000      32
       2407 20.05833333333   78.22391   188.69493                57.707      0.000      32
       2408 20.06666666667   78.52826   188.67653                57.678      0.000      32
       2409 20.07500000000   78.83250   188.65271                57.660      0.000      32
       2410 20.08333333333   79.13662   188.62303                57.652      0.000      32
       2411 20.09166666667   79.44063   188.58698                57.622      0.000      32
       2412 20.10000000000   79.74450   188.54398                57.596      0.000      32
       2413 20.10833333333   80.04824   188.49342                57.589      0.000      32
       2414 20.11666666667   80.35184   188.43458                57.566      0.000      32
       2415 20.12500000000   80.65528   188.36664                57.562      0.000      32
       2416 20.13333333333   80.95856   188.28872                57.564      0.000      32
       2417 20.14166666667   81.26168   188.19976                57.530      0.000      32
       2418 20.15000000000   81.56461   188.09859                57.519      0.000      32
       2419 20.15833333333   81.86735   187.98386                57.479      0.000      32
       2420 20.16666666667   82.16988   187.85399                57.464      0.000      32
       2421 20.17500000000   82.47219   187.70717                57.466      0.000      32
       2422 20.18333333333   82.77426   187.54130                57.436      0.000      32
       2423 20.19166666667   83.07608   187.35390                57.396      0.000      32
       2424 20.20000000000   83.37762   187.14204                57.412      0.000      32
       2425 20.20833333333   83.67885   186.90226                57.371      0.000      32
       2426 20.21666666667   83.97974   186.63040                57.358      0.000      32
       2427 20.22500000000   84.28026   186.32145                57.335      0.000      32
       2428 20.23333333333   84.58036   185.96930                57.326      0.000      32
       2429 20.24166666667   84.88000   185.56643                57.301      0.000      32
       2430 20.25000000000   85.17909   185.10349                57.284      0.000      32
       2431 20.25833333333   85.47757   184.56872                57.263      0.000      32
       2432 20.26666666667   85.77532   183.94711                57.243      0.000      32
       2433 20.27500000000   86.07220   183.21920                57.200      0.000      32
       2434 20.28333333333   86.36804   182.35937                57.207      0.000      32
       2435 20.29166666667   86.66260   181.33326                57.178      0.000      32
       2436 20.30000000000   86.95553   180.09367                57.151      0.000      32
       2437 20.30833333333   87.24636   178.57436                57.131      0.000      32
       2438 20.31666666667   87.53441   176.67961                57.087      0.000      32
       2439 20.32500000000   87.81862   174.26686                57.073      0.000      32
       2440 20.33333333333   88.09733   171.11653                57.038      0.000      32
       2441 20.34166666667   88.36782   166.87854                57.046      0.000      32
       2442 20.35000000000   88.62530   160.97902                56.992      0.000      32
       2443 20.35833333333   88.86103   152.47753                56.978      0.000      32
       2444 20.36666666667   89.05868   139.97902                56.965      0.000      32
       2445 20.37500000000   89.19004   122.24207                56.919      0.000      32
       2446 20.38333333333   89.22100   100.64467                56.911      0.000      32
       2447 20.39166666667   89.14080    80.36262                56.873      0.000      32
       2448 20.40000000000   88.97534    65.11051                56.873      0.000      32
       2449 20.40833333333   88.75836    54.65137                56.831      0.000      32
       2450 20.41666666667   88.51233    47.49717                56.793      0.000      32
       2451 20.42500000000   88.24954    42.45553                56.786      0.000      32
       2452 20.43333333333   87.97656    38.77490                56.755      0.000      32
       2453 20.44166666667   87.69709    35.99954                56.738      0.000      32
       2454 20.45000000000   87.41328    33.84829                56.702      0.000      32
       2455 20.45833333333   87.12647    32.14204                56.675      0.000      32
       2456 20.46666666667   86.83752    30.76263                56.667      0.000      32
       2457 20.47500000000   86.54700    29.62958                56.652      0.000      32
       2458 20.48333333333   86.25532    28.68642                56.609      0.000      32
       2459 20.49166666667   85.96277    27.89250                56.582      0.000      32
       2460 20.50000000000   85.66955    27.21787                56.580      0.000      32
       2461 20.50833333333   85.38935    26.98209                56.563      0.000      32
       2462 20.51666666667   85.09547    26.47101                56.533      0.000      32
       2463 20.52500000000   84.80137    26.02966                56.505      0.000      32
       2464 20.53333333333   84.50714    25.64686                56.496      0.000      32
       2465 20.54166666667   84.21284    25.31370                56.479      0.000      32
       2466 20.55000000000   83.91853    25.02298                56.451      0.000      32
       2467 20.55833333333   83.62424    24.76882                56.448      0.000      32
       2468 20.56666666667   83.33002    24.54639                56.426      0.000      32
       2469 20.57500000000   83.03590    24.35165                56.406      0.000      32
       2470 20.58333333333   82.74189    24.18123                56.401      0.000      32
       2471 20.59166666667   82.44803    24.03229                56.381      0.000      32
       2472 20.60000000000   82.15432    23.90241                56.356      0.000      32
       2473 20.60833333333   81.86079    23.78952                56.349      0.000      32
       2474 20.61666666667   81.56745    23.69185                56.299      0.000      32
       2475 20.62500000000   81.27432    23.60786                56.299      0.000      32
       2476 20.63333333333   80.98139    23.53621                56.283      0.000      32
       2477 20.64166666667   80.68868    23.47574                56.268      0.000      32
       2478 20.65000000000   80.39621    23.42542                56.262      0.000      32
       2479 20.65833333333   80.10396    23.38435                56.229      0.000      32
       2480 20.66666666667   79.81196    23.35174                56.210      0.000      32
       2481 20.67500000000   79.52021    23.32688                56.208      0.000      32
       2482 20.68333333333   79.22871    23.30915                56.179      0.000      32
       2483 20.69166666667   78.93746    23.29797                56.213      0.000      32
       2484 20.70000000000   78.64648    23.29285                56.167      0.000      32
       2485 20.70833333333   78.35576    23.29334                56.148      0.000      32
       2486 20.71666666667   78.06531    23.29902                56.141      0.000      32
       2487 20.72500000000   77.77512    23.30954                56.114      0.000      32
       2488 20.73333333333   77.48521    23.32455                56.107      0.000      32
       2489 20.74166666667   77.19557    23.34376                56.093      0.000      32
       2490 20.75000000000   76.90621    23.36689                56.065      0.000      32
       2491 20.75833333333   76.61712    23.39368                56.062      0.000      32
       2492 20.76666666667   76.32832    23.42392                56.053      0.000      32
       2493 20.77500000000   76.03979    23.45738                56.044      0.000      32
       2494 20.78333333333   75.75155    23.49389                56.014      0.000      32
       2495 20.79166666667   75.46358    23.53325                55.989      0.000      32
       2496 20.80000000000   75.17590    23.57532                55.978      0.000      32
       2497 20.80833333333   74.88851    23.61993                55.957      0.000      32
       2498 20.81666666667   74.60140    23.66695                55.940      0.000      32
       2499 20.82500000000   74.31457    23.71626                55.947      0.000      32
       2500 20.83333333333   74.02803    23.76772                55.919      0.000      32
       2501 20.84166666667   73.74177    23.82124                55.902      0.000      32
       2502 20.85000000000   73.45580    23.87672                55.885      0.000      32
       2503 20.85833333333   73.17011    23.93405                55.870      0.000      32
       2504 20.86666666667   72.88470    23.99314                55.878      0.000      32
       2505 20.87500000000   72.59959    24.05392                55.844      0.000      32
       2506 20.88333333333   72.31475    24.11631                55.844      0.000      32
       2507 20.89166666667   72.03020    24.18024                55.833      0.000      32
       2508 20.90000000000   71.74593    24.24564                55.825      0.000      32
       2509 20.90833333333   71.46194    24.31244                55.813      0.000      32
       2510 20.91666666667   71.17824    24.38059                55.808      0.000      32
       2511 20.92500000000   70.89482    24.45003                55.795      0.000      32
       2512 20.93333333333   70.61168    24.52072                55.797      0.000      32
       2513 20.94166666667   70.32881    24.59259                55.795      0.000      32
       2514 20.95000000000   70.04623    24.66561                55.797      0.000      32
       2515 20.95833333333   69.76393    24.73973                55.790      0.000      32
       2516 20.96666666667   69.48190    24.81491                55.782      0.000      32
       2517 20.97500000000   69.20014    24.89112                55.765      0.000      32
       2518 20.98333333333   68.91867    24.96831                55.795      0.000      32
       2519 20.99166666667   68.63746    25.04645                55.774      0.000      32
       2520 21.00000000000   68.35653    25.12551                55.774      0.000      32
       2521 21.00833333333   13.47517    39.68391                55.791      0.000      32
       2522 21.01666666667   13.25613    39.76577                55.789      0.000      32
       2523 21.02500000000   13.03747    39.84819                55.778      0.000      32
       2524 21.03333333333   12.81918    39.93118                55.783      0.000      32
       2525 21.04166666667   12.60127    40.01473                55.807      0.000      32
       2526 21.05000000000   12.38373    40.09884                55.806      0.000      32
       2527 21.05833333333   12.16657    40.18351                55.793      0.000      32
       2528 21.06666666667   11.94978    40.26874                55.793      0.000      32
       2529 21.07500000000   11.73336    40.35454                55.832      0.000      32
       2530 21.08333333333   11.51730    40.44089                55.818      0.000      32
       2531 21.09166666667   11.30162    40.52780                55.828      0.000      32
       2532 21.10000000000   11.08630    40.61527                55.829      0.000      32
       2533 21.10833333333   10.87135    40.70330                55.827      0.000      32
       2534 21.11666666667   10.65676    40.79188                55.838      0.000      32
       2535 21.12500000000   10.44253    40.88102                55.846      0.000      32
       2536 21.13333333333   10.22867    40.97072                55.832      0.000      32
       2537 21.14166666667   10.01517    41.06097                55.830      0.000      32
       2538 21.15000000000    9.80203    41.15178                55.847      0.000      32
       2539 21.15833333333    9.58924    41.24315                55.843      0.000      32
       2540 21.16666666667    9.37682    41.33507                55.865      0.000      32
       2541 21.17500000000    9.16475    41.42754                55.848      0.000      32
       2542 21.18333333333    8.95304    41.52057                55.867      0.000      32
       2543 21.19166666667    8.74169    41.61415                55.840      0.000      32
       2544 21.20000000000    8.53069    41.70828                55.844      0.000      32
       2545 21.20833333333    8.32005    41.80297                55.862      0.000      32
       2546 21.21666666667    8.10976    41.89821                55.862      0.000      32
       2547 21.22500000000    7.89982    41.99400                55.869      0.000      32
       2548 21.23333333333    7.69024    42.09035                55.890      0.000      32
       2549 21.24166666667    7.48101    42.18725                55.877      0.000      32
       2550 21.25000000000    7.27213    42.28471                55.902      0.000      32
       2551 21.25833333333    7.06360    42.38271                55.901      0.000      32
       2552 21.26666666667    6.85542    42.48127                55.903      0.000      32
       2553 21.27500000000    6.64759    42.58038                55.927      0.000      32
       2554 21.28333333333    6.44012    42.68005                55.936      0.000      32
       2555 21.29166666667    6.23299    42.78026                55.918      0.000      32
       2556 21.30000000000    6.02621    42.88103                55.922      0.000      32
       2557 21.30833333333    5.81978    42.98236                55.936      0.000      32
       2558 21.31666666667    5.61370    43.08423                55.935      0.000      32
       2559 21.32500000000    5.40797    43.18666                55.966      0.000      32
       2560 21.33333333333    5.20259    43.28965                55.943      0.000      32
       2561 21.34166666667    4.99755    43.39318                55.966      0.000      32
       2562 21.35000000000    4.79287    43.49727                55.970      0.000      32
       2563 21.35833333333    4.58853    43.60191                55.966      0.000      32
       2564 21.36666666667    4.38454    43.70711                55.991      0.000      32
       2565 21.37500000000    4.18090    43.81286                55.965      0.000      32
       2566 21.38333333333    3.97761    43.91917                55.982      0.000      32
       2567 21.39166666667    3.77467    44.02603                56.004      0.000      32
       2568 21.40000000000    3.57208    44.13345                56.015      0.000      32
       2569 21.40833333333    3.36984    44.24142                56.014      0.000      32
       2570 21.41666666667    3.16795    44.34995                56.018      0.000      32
       2571 21.42500000000    2.96640    44.45903                56.018      0.000      32
       2572 21.43333333333    2.76521    44.56867                56.036      0.000      32
       2573 21.44166666667    2.56437    44.67887                56.050      0.000      32
       2574 21.45000000000    2.36388    44.78962                56.059      0.000      32
       2575 21.45833333333    2.16375    44.90093                56.062      0.000      32
       2576 21.46666666667    1.96396    45.01280                56.092      0.000      32
       2577 21.47500000000    1.76453    45.12522                56.066      0.000      32
       2578 21.48333333333    1.56545    45.23821                56.105      0.000      32
       2579 21.49166666667    1.36673    45.35175                56.115      0.000      32
       2580 21.50000000000    1.16836    45.46585                56.116      0.000      32
