# Created on 2022-09-13 07:34:36 
# Sources: obs\AAV40321.22O, nav\AAV40321.22G
# Satellite: R09 (k = -2.0)
# Interval: 30.0
# Sampling interval: 0.0 (not used).
# Site: AAV4
# Position (L, B, H): 74.6178382249, 43.0232991769, 585.248198851
# Position (X, Y, Z): 1238908.5437, 4503304.8915, 4329793.7299
# datetime format: %Y-%m-%dT%H:%M:%S
# Columns: tsn, hour, el, az, tec.l1l2, tec.p1p2, validity
# (I11,1X,F14.11,1X,F10.5,1X,F11.5,1X,F21.3,1X,F10.3,1X,I7)
       1345 11.20833333333    0.15314   308.01144               -20.741      0.000      32
       1346 11.21666666667    0.34043   308.14195               -20.741      0.000      32
       1347 11.22500000000    0.52805   308.27205               -20.741      0.000      32
       1348 11.23333333333    0.71600   308.40175               -20.741      0.000      32
       1349 11.24166666667    0.90429   308.53105               -20.741      0.000      32
       1350 11.25000000000    1.09291   308.65995               -20.741      0.000      32
       1351 11.25833333333    1.28186   308.78845               -20.741      0.000      32
       1352 11.26666666667    1.47115   308.91656               -20.741      0.000      32
       1353 11.27500000000    1.66076   309.04428               -20.741      0.000      32
       1354 11.28333333333    1.85071   309.17160                15.092      0.000      32
       1355 11.29166666667    2.04099   309.29853                14.801      0.000      32
       1356 11.30000000000    2.23159   309.42508                14.547      0.000      32
       1357 11.30833333333    2.42253   309.55123                14.244      0.000      32
       1358 11.31666666667    2.61380   309.67699                14.044      0.000      32
       1359 11.32500000000    2.80540   309.80238                13.840      0.000      32
       1360 11.33333333333    2.99733   309.92737                13.710      0.000      32
       1361 11.34166666667    3.18959   310.05199                13.604      0.000      32
       1362 11.35000000000    3.38218   310.17622                13.409      0.000      32
       1363 11.35833333333    3.57510   310.30007                13.262      0.000      32
       1364 11.36666666667    3.76835   310.42354                13.117      0.000      32
       1365 11.37500000000    3.96193   310.54664                13.038      0.000      32
       1366 11.38333333333    4.15584   310.66936                12.755      0.000      32
       1367 11.39166666667    4.35009   310.79171                12.510      0.000      32
       1368 11.40000000000    4.54466   310.91369                12.330      0.000      32
       1369 11.40833333333    4.73957   311.03529                12.002      0.000      32
       1370 11.41666666667    4.93480   311.15652                11.680      0.000      32
       1371 11.42500000000    5.13037   311.27739                11.401      0.000      32
       1372 11.43333333333    5.32628   311.39789                11.125      0.000      32
       1373 11.44166666667    5.52251   311.51802                10.873      0.000      32
       1374 11.45000000000    5.71908   311.63779                10.607      0.000      32
       1375 11.45833333333    5.91599   311.75720                10.313      0.000      32
       1376 11.46666666667    6.11322   311.87624                10.185      0.000      32
       1377 11.47500000000    6.31080   311.99493                 9.916      0.000      32
       1378 11.48333333333    6.50871   312.11326                 9.724      0.000      32
       1379 11.49166666667    6.70695   312.23123                 9.416      0.000      32
       1380 11.50000000000    6.90553   312.34884                 9.125      0.000      32
       1381 11.50833333333    7.10816   312.44205                 8.888      0.000      32
       1382 11.51666666667    7.30772   312.55838                 8.646      0.000      32
       1383 11.52500000000    7.50765   312.67419                 8.367      0.000      32
       1384 11.53333333333    7.70794   312.78949                 7.957      0.000      32
       1385 11.54166666667    7.90859   312.90428                 7.639      0.000      32
       1386 11.55000000000    8.10961   313.01856                 7.381      0.000      32
       1387 11.55833333333    8.31098   313.13232                 7.085      0.000      32
       1388 11.56666666667    8.51271   313.24558                 6.776      0.000      32
       1389 11.57500000000    8.71480   313.35832                 6.475      0.000      32
       1390 11.58333333333    8.91725   313.47055                 6.315      0.000      32
       1391 11.59166666667    9.12007   313.58226                 6.124      0.000      32
       1392 11.60000000000    9.32324   313.69346                 5.806      0.000      32
       1393 11.60833333333    9.52677   313.80416                 5.544      0.000      32
       1394 11.61666666667    9.73067   313.91433                 5.305      0.000      32
       1395 11.62500000000    9.93492   314.02400                 5.130      0.000      32
       1396 11.63333333333   10.13954   314.13315                 4.957      0.000      32
       1397 11.64166666667   10.34451   314.24179                 4.789      0.000      32
       1398 11.65000000000   10.54985   314.34992                 4.647      0.000      32
       1399 11.65833333333   10.75555   314.45754                 4.549      0.000      32
       1400 11.66666666667   10.96161   314.56464                 4.333      0.000      32
       1401 11.67500000000   11.16804   314.67123                 4.058      0.000      32
       1402 11.68333333333   11.37482   314.77730                 3.748      0.000      32
       1403 11.69166666667   11.58197   314.88286                 3.459      0.000      32
       1404 11.70000000000   11.78949   314.98791                 3.176      0.000      32
       1405 11.70833333333   11.99737   315.09244                 2.951      0.000      32
       1406 11.71666666667   12.20561   315.19646                 2.570      0.000      32
       1407 11.72500000000   12.41422   315.29997                 2.208      0.000      32
       1408 11.73333333333   12.62320   315.40296                 1.857      0.000      32
       1409 11.74166666667   12.83254   315.50543                 1.619      0.000      32
       1410 11.75000000000   13.04225   315.60739                 1.479      0.000      32
       1411 11.75833333333   13.25233   315.70883                 1.325      0.000      32
       1412 11.76666666667   13.46278   315.80975                 1.126      0.000      32
       1413 11.77500000000   13.67360   315.91016                 1.009      0.000      32
       1414 11.78333333333   13.88479   316.01005                 0.949      0.000      32
       1415 11.79166666667   14.09635   316.10943                 0.862      0.000      32
       1416 11.80000000000   14.30828   316.20828                 0.704      0.000      32
       1417 11.80833333333   14.52059   316.30662                 0.736      0.000      32
       1418 11.81666666667   14.73328   316.40443                 0.549      0.000      32
       1419 11.82500000000   14.94634   316.50173                 0.405      0.000      32
       1420 11.83333333333   15.15977   316.59851                 0.094      0.000      32
       1421 11.84166666667   15.37359   316.69476                -0.156      0.000      32
       1422 11.85000000000   15.58779   316.79050                -0.367      0.000      32
       1423 11.85833333333   15.80236   316.88571                -0.616      0.000      32
       1424 11.86666666667   16.01732   316.98039                -0.863      0.000      32
       1425 11.87500000000   16.23266   317.07456                -1.127      0.000      32
       1426 11.88333333333   16.44839   317.16820                -1.264      0.000      32
       1427 11.89166666667   16.66450   317.26131                -1.525      0.000      32
       1428 11.90000000000   16.88100   317.35390                -1.774      0.000      32
       1429 11.90833333333   17.09789   317.44596                -1.931      0.000      32
       1430 11.91666666667   17.31517   317.53750                -2.103      0.000      32
       1431 11.92500000000   17.53284   317.62850                -2.182      0.000      32
       1432 11.93333333333   17.75091   317.71898                -2.323      0.000      32
       1433 11.94166666667   17.96937   317.80892                -2.399      0.000      32
       1434 11.95000000000   18.18822   317.89833              4264.829      0.000      32
       1435 11.95833333333   18.40748   317.98721                -2.514      0.000      32
       1436 11.96666666667   18.62713   318.07555                -2.623      0.000      32
       1437 11.97500000000   18.84719   318.16336                -2.757      0.000      32
       1438 11.98333333333   19.06765   318.25064                -2.874      0.000      32
       1439 11.99166666667   19.28851   318.33737                -2.978      0.000      32
       1440 12.00000000000   19.50978   318.42357                -3.194      0.000      32
       1441 12.00833333333   19.72181   318.49090                -3.214      0.000      32
       1442 12.01666666667   19.94403   318.57536                -3.362      0.000      32
       1443 12.02500000000   20.16659   318.65914                -3.526      0.000      32
       1444 12.03333333333   20.38950   318.74226                -3.672      0.000      32
       1445 12.04166666667   20.61275   318.82471                -3.785      0.000      32
       1446 12.05000000000   20.83635   318.90648                -3.972      0.000      32
       1447 12.05833333333   21.06030   318.98757                -4.115      0.000      32
       1448 12.06666666667   21.28459   319.06797                -4.265      0.000      32
       1449 12.07500000000   21.50923   319.14769                -4.448      0.000      32
       1450 12.08333333333   21.73422   319.22673                -4.585      0.000      32
       1451 12.09166666667   21.95955   319.30507                -4.701      0.000      32
       1452 12.10000000000   22.18524   319.38271                -4.795      0.000      32
       1453 12.10833333333   22.41128   319.45966                -4.928      0.000      32
       1454 12.11666666667   22.63767   319.53590                -5.079      0.000      32
       1455 12.12500000000   22.86441   319.61143                -5.242      0.000      32
       1456 12.13333333333   23.09151   319.68626                -5.341      0.000      32
       1457 12.14166666667   23.31896   319.76037                -5.445      0.000      32
       1458 12.15000000000   23.54677   319.83376                -5.554      0.000      32
       1459 12.15833333333   23.77494   319.90643                -5.700      0.000      32
       1460 12.16666666667   24.00346   319.97837                -5.796      0.000      32
       1461 12.17500000000   24.23234   320.04959                -5.904      0.000      32
       1462 12.18333333333   24.46158   320.12006                -5.999      0.000      32
       1463 12.19166666667   24.69118   320.18980                -6.108      0.000      32
       1464 12.20000000000   24.92114   320.25880                -6.251      0.000      32
       1465 12.20833333333   25.15147   320.32705                -6.397      0.000      32
       1466 12.21666666667   25.38216   320.39454                -6.489      0.000      32
       1467 12.22500000000   25.61321   320.46128                -6.568      0.000      32
       1468 12.23333333333   25.84464   320.52725                -6.682      0.000      32
       1469 12.24166666667   26.07643   320.59246                -6.720      0.000      32
       1470 12.25000000000   26.30859   320.65689                -6.865      0.000      32
       1471 12.25833333333   26.54111   320.72055                -6.953      0.000      32
       1472 12.26666666667   26.77402   320.78342                -7.071      0.000      32
       1473 12.27500000000   27.00729   320.84551                -7.174      0.000      32
       1474 12.28333333333   27.24094   320.90680                -7.321      0.000      32
       1475 12.29166666667   27.47496   320.96729                -7.406      0.000      32
       1476 12.30000000000   27.70936   321.02698                -7.577      0.000      32
       1477 12.30833333333   27.94414   321.08586                -7.727      0.000      32
       1478 12.31666666667   28.17930   321.14392                -7.745      0.000      32
       1479 12.32500000000   28.41484   321.20115                -7.886      0.000      32
       1480 12.33333333333   28.65076   321.25756                -8.004      0.000      32
       1481 12.34166666667   28.88706   321.31313                -8.120      0.000      32
       1482 12.35000000000   29.12375   321.36786                -8.232      0.000      32
       1483 12.35833333333   29.36082   321.42174                -8.307      0.000      32
       1484 12.36666666667   29.59828   321.47476                -8.342      0.000      32
       1485 12.37500000000   29.83614   321.52693                -8.553      0.000      32
       1486 12.38333333333   30.07438   321.57822                -8.629      0.000      32
       1487 12.39166666667   30.31301   321.62863                -8.707      0.000      32
       1488 12.40000000000   30.55204   321.67816                -8.812      0.000      32
       1489 12.40833333333   30.79146   321.72680                -8.892      0.000      32
       1490 12.41666666667   31.03127   321.77453                -9.005      0.000      32
       1491 12.42500000000   31.27149   321.82136                -9.085      0.000      32
       1492 12.43333333333   31.51210   321.86728                -9.188      0.000      32
       1493 12.44166666667   31.75311   321.91226                -9.299      0.000      32
       1494 12.45000000000   31.99453   321.95632                -9.395      0.000      32
       1495 12.45833333333   32.23634   321.99943                -9.473      0.000      32
       1496 12.46666666667   32.47856   322.04159                -9.539      0.000      32
       1497 12.47500000000   32.72119   322.08280                -9.628      0.000      32
       1498 12.48333333333   32.96422   322.12303                -9.711      0.000      32
       1499 12.49166666667   33.20766   322.16229                -9.844      0.000      32
       1500 12.50000000000   33.45151   322.20055                -9.868      0.000      32
       1501 12.50833333333   33.67529   322.23007                -9.907      0.000      32
       1502 12.51666666667   33.91985   322.26565                -9.960      0.000      32
       1503 12.52500000000   34.16468   322.30016               -10.086      0.000      32
       1504 12.53333333333   34.40977   322.33359               -10.100      0.000      32
       1505 12.54166666667   34.65514   322.36591               -10.159      0.000      32
       1506 12.55000000000   34.90079   322.39713               -10.172      0.000      32
       1507 12.55833333333   35.14670   322.42723               -10.276      0.000      32
       1508 12.56666666667   35.39289   322.45620               -10.358      0.000      32
       1509 12.57500000000   35.63935   322.48402               -10.431      0.000      32
       1510 12.58333333333   35.88609   322.51068               -10.497      0.000      32
       1511 12.59166666667   36.13309   322.53617               -10.560      0.000      32
       1512 12.60000000000   36.38037   322.56048               -10.648      0.000      32
       1513 12.60833333333   36.62792   322.58358               -10.718      0.000      32
       1514 12.61666666667   36.87574   322.60547               -10.826      0.000      32
       1515 12.62500000000   37.12383   322.62613               -10.945      0.000      32
       1516 12.63333333333   37.37220   322.64555               -11.042      0.000      32
       1517 12.64166666667   37.62084   322.66371               -11.070      0.000      32
       1518 12.65000000000   37.86975   322.68060               -11.201      0.000      32
       1519 12.65833333333   38.11893   322.69619               -11.268      0.000      32
       1520 12.66666666667   38.36838   322.71048               -11.318      0.000      32
       1521 12.67500000000   38.61810   322.72344               -11.442      0.000      32
       1522 12.68333333333   38.86809   322.73507               -11.529      0.000      32
       1523 12.69166666667   39.11835   322.74533               -11.577      0.000      32
       1524 12.70000000000   39.36888   322.75422               -11.660      0.000      32
       1525 12.70833333333   39.61967   322.76172               -11.649      0.000      32
       1526 12.71666666667   39.87074   322.76780               -11.710      0.000      32
       1527 12.72500000000   40.12207   322.77245               -11.762      0.000      32
       1528 12.73333333333   40.37366   322.77565               -11.827      0.000      32
       1529 12.74166666667   40.62553   322.77738               -11.847      0.000      32
       1530 12.75000000000   40.87765   322.77762               -11.874      0.000      32
       1531 12.75833333333   41.13004   322.77635               -11.902      0.000      32
       1532 12.76666666667   41.38269   322.77354               -11.988      0.000      32
       1533 12.77500000000   41.63561   322.76917               -12.027      0.000      32
       1534 12.78333333333   41.88878   322.76323               -12.042      0.000      32
       1535 12.79166666667   42.14221   322.75569               -12.116      0.000      32
       1536 12.80000000000   42.39590   322.74652               -12.152      0.000      32
       1537 12.80833333333   42.64984   322.73570               -12.244      0.000      32
       1538 12.81666666667   42.90403   322.72321               -12.285      0.000      32
       1539 12.82500000000   43.15848   322.70902               -12.330      0.000      32
       1540 12.83333333333   43.41318   322.69310               -12.362      0.000      32
       1541 12.84166666667   43.66813   322.67544               -12.481      0.000      32
       1542 12.85000000000   43.92332   322.65599               -12.541      0.000      32
       1543 12.85833333333   44.17876   322.63474               -12.583      0.000      32
       1544 12.86666666667   44.43444   322.61166               -12.664      0.000      32
       1545 12.87500000000   44.69036   322.58671               -12.712      0.000      32
       1546 12.88333333333   44.94651   322.55987               -12.784      0.000      32
       1547 12.89166666667   45.20290   322.53110               -12.816      0.000      32
       1548 12.90000000000   45.45953   322.50038               -12.843      0.000      32
       1549 12.90833333333   45.71638   322.46767               -12.894      0.000      32
       1550 12.91666666667   45.97345   322.43294               -12.968      0.000      32
       1551 12.92500000000   46.23075   322.39616               -12.993      0.000      32
       1552 12.93333333333   46.48826   322.35729               -13.059      0.000      32
       1553 12.94166666667   46.74599   322.31629               -13.081      0.000      32
       1554 12.95000000000   47.00394   322.27313               -13.148      0.000      32
       1555 12.95833333333   47.26209   322.22777               -13.207      0.000      32
       1556 12.96666666667   47.52044   322.18018               -13.267      0.000      32
       1557 12.97500000000   47.77899   322.13031               -13.278      0.000      32
       1558 12.98333333333   48.03773   322.07812               -13.323      0.000      32
       1559 12.99166666667   48.29667   322.02358               -13.408      0.000      32
       1560 13.00000000000   48.55579   321.96663               -13.458      0.000      32
       1561 13.00833333333   48.79175   321.91963               -13.521      0.000      32
       1562 13.01666666667   49.05089   321.85724               -13.530      0.000      32
       1563 13.02500000000   49.31004   321.79240               -13.583      0.000      32
       1564 13.03333333333   49.56920   321.72507               -13.629      0.000      32
       1565 13.04166666667   49.82836   321.65519               -13.655      0.000      32
       1566 13.05000000000   50.08751   321.58273               -13.643      0.000      32
       1567 13.05833333333   50.34664   321.50764               -13.705      0.000      32
       1568 13.06666666667   50.60576   321.42986               -13.731      0.000      32
       1569 13.07500000000   50.86485   321.34934            -14949.419      0.000      32
       1570 13.08333333333   51.12390   321.26603               -13.855      0.000      32
       1571 13.09166666667   51.38292   321.17988               -13.907      0.000      32
       1572 13.10000000000   51.64188   321.09084               -13.941      0.000      32
       1573 13.10833333333   51.90079   320.99884               -13.991      0.000      32
       1574 13.11666666667   52.15963   320.90383               -14.030      0.000      32
       1575 13.12500000000   52.41840   320.80575               -14.081      0.000      32
       1576 13.13333333333   52.67708   320.70453               -14.092      0.000      32
       1577 13.14166666667   52.93568   320.60012               -14.160      0.000      32
       1578 13.15000000000   53.19417   320.49246               -14.173      0.000      32
       1579 13.15833333333   53.45255   320.38146            -14949.824      0.000      32
       1580 13.16666666667   53.71081   320.26708               -14.282      0.000      32
       1581 13.17500000000   53.96893   320.14923               -14.314      0.000      32
       1582 13.18333333333   54.22692   320.02785               -14.377      0.000      32
       1583 13.19166666667   54.48475   319.90286               -14.427      0.000      32
       1584 13.20000000000   54.74241   319.77419               -14.449      0.000      32
       1585 13.20833333333   54.99989   319.64176               -14.494      0.000      32
       1586 13.21666666667   55.25719   319.50549               -14.492      0.000      32
       1587 13.22500000000   55.51428   319.36530               -14.534      0.000      32
       1588 13.23333333333   55.77115   319.22111               -14.577      0.000      32
       1589 13.24166666667   56.02778   319.07283               -14.609      0.000      32
       1590 13.25000000000   56.28417   318.92037               -14.645      0.000      32
       1591 13.25833333333   56.54030   318.76364               -14.675      0.000      32
       1592 13.26666666667   56.79615   318.60254               -14.678      0.000      32
       1593 13.27500000000   57.05171   318.43700               -14.671      0.000      32
       1594 13.28333333333   57.30695   318.26689               -14.716      0.000      32
       1595 13.29166666667   57.56187   318.09213               -14.718      0.000      32
       1596 13.30000000000   57.81644   317.91261               -14.739      0.000      32
       1597 13.30833333333   58.07064   317.72823               -14.765      0.000      32
       1598 13.31666666667   58.32446   317.53887               -14.753      0.000      32
       1599 13.32500000000   58.57787   317.34442               -14.784      0.000      32
       1600 13.33333333333   58.83085   317.14478               -14.821      0.000      32
       1601 13.34166666667   59.08339   316.93981               -14.839      0.000      32
       1602 13.35000000000   59.33545   316.72940               -14.853      0.000      32
       1603 13.35833333333   59.58702   316.51343               -14.890      0.000      32
       1604 13.36666666667   59.83807   316.29177               -14.907      0.000      32
       1605 13.37500000000   60.08858   316.06428               -14.945      0.000      32
       1606 13.38333333333   60.33852   315.83083               -14.965      0.000      32
       1607 13.39166666667   60.58786   315.59129               -14.969      0.000      32
       1608 13.40000000000   60.83658   315.34552               -15.008      0.000      32
       1609 13.40833333333   61.08464   315.09336               -15.012      0.000      32
       1610 13.41666666667   61.33203   314.83468               -15.035      0.000      32
       1611 13.42500000000   61.57869   314.56931               -15.039      0.000      32
       1612 13.43333333333   61.82461   314.29711               -15.029      0.000      32
       1613 13.44166666667   62.06976   314.01791               -15.054      0.000      32
       1614 13.45000000000   62.31408   313.73155               -15.062      0.000      32
       1615 13.45833333333   62.55756   313.43786               -15.046      0.000      32
       1616 13.46666666667   62.80015   313.13667               -15.095      0.000      32
       1617 13.47500000000   63.04182   312.82781               -15.083      0.000      32
       1618 13.48333333333   63.28252   312.51110               -15.128      0.000      32
       1619 13.49166666667   63.52222   312.18635               -15.139      0.000      32
       1620 13.50000000000   63.76087   311.85338               -15.146      0.000      32
       1621 13.50833333333   63.98739   311.56547               -15.164      0.000      32
       1622 13.51666666667   64.22349   311.21574               -15.160      0.000      32
       1623 13.52500000000   64.45835   310.85758               -15.168      0.000      32
       1624 13.53333333333   64.69191   310.49081               -15.187      0.000      32
       1625 13.54166666667   64.92413   310.11523               -15.178      0.000      32
       1626 13.55000000000   65.15496   309.73065               -15.206      0.000      32
       1627 13.55833333333   65.38435   309.33687               -15.198      0.000      32
       1628 13.56666666667   65.61225   308.93367               -15.203      0.000      32
       1629 13.57500000000   65.83861   308.52087               -15.225      0.000      32
       1630 13.58333333333   66.06337   308.09824               -15.220      0.000      32
       1631 13.59166666667   66.28649   307.66558               -15.228      0.000      32
       1632 13.60000000000   66.50789   307.22268               -15.245      0.000      32
       1633 13.60833333333   66.72752   306.76931               -15.268      0.000      32
       1634 13.61666666667   66.94532   306.30526               -15.275      0.000      32
       1635 13.62500000000   67.16122   305.83032               -15.292      0.000      32
       1636 13.63333333333   67.37516   305.34427               -15.304      0.000      32
       1637 13.64166666667   67.58707   304.84688               -15.335      0.000      32
       1638 13.65000000000   67.79688   304.33795               -15.334      0.000      32
       1639 13.65833333333   68.00452   303.81724               -15.349      0.000      32
       1640 13.66666666667   68.20991   303.28456               -15.397      0.000      32
       1641 13.67500000000   68.41298   302.73967               -15.367      0.000      32
       1642 13.68333333333   68.61365   302.18239               -15.399      0.000      32
       1643 13.69166666667   68.81184   301.61248               -15.389      0.000      32
       1644 13.70000000000   69.00747   301.02976               -15.370      0.000      32
       1645 13.70833333333   69.20044   300.43403               -15.383      0.000      32
       1646 13.71666666667   69.39068   299.82509               -15.377      0.000      32
       1647 13.72500000000   69.57809   299.20277               -15.348      0.000      32
       1648 13.73333333333   69.76258   298.56689               -15.377      0.000      32
       1649 13.74166666667   69.94405   297.91729               -15.370      0.000      32
       1650 13.75000000000   70.12242   297.25381               -15.366      0.000      32
       1651 13.75833333333   70.29758   296.57631               -15.378      0.000      32
       1652 13.76666666667   70.46944   295.88467               -15.369      0.000      32
       1653 13.77500000000   70.63788   295.17878               -15.355      0.000      32
       1654 13.78333333333   70.80282   294.45854               -15.351      0.000      32
       1655 13.79166666667   70.96413   293.72388               -15.348      0.000      32
       1656 13.80000000000   71.12172   292.97475               -15.337      0.000      32
       1657 13.80833333333   71.27548   292.21112               -15.346      0.000      32
       1658 13.81666666667   71.42529   291.43296               -15.336      0.000      32
       1659 13.82500000000   71.57106   290.64031               -15.336      0.000      32
       1660 13.83333333333   71.71265   289.83321               -15.334      0.000      32
       1661 13.84166666667   71.84997   289.01172               -15.332      0.000      32
       1662 13.85000000000   71.98291   288.17596               -15.338      0.000      32
       1663 13.85833333333   72.11134   287.32605               -15.321      0.000      32
       1664 13.86666666667   72.23516   286.46217               -15.324      0.000      32
       1665 13.87500000000   72.35426   285.58453               -15.348      0.000      32
       1666 13.88333333333   72.46852   284.69336               -15.351      0.000      32
       1667 13.89166666667   72.57783   283.78893               -15.329      0.000      32
       1668 13.90000000000   72.68209   282.87158               -15.356      0.000      32
       1669 13.90833333333   72.78119   281.94165               -15.330      0.000      32
       1670 13.91666666667   72.87503   280.99954               -15.341      0.000      32
       1671 13.92500000000   72.96351   280.04568               -15.332      0.000      32
       1672 13.93333333333   73.04652   279.08056               -15.349      0.000      32
       1673 13.94166666667   73.12397   278.10469               -15.311      0.000      32
       1674 13.95000000000   73.19577   277.11862               -15.326      0.000      32
       1675 13.95833333333   73.26184   276.12295               -15.317      0.000      32
       1676 13.96666666667   73.32209   275.11831               -15.343      0.000      32
       1677 13.97500000000   73.37644   274.10537               -15.302      0.000      32
       1678 13.98333333333   73.42483   273.08483               -15.293      0.000      32
       1679 13.99166666667   73.46719   272.05742               -15.287      0.000      32
       1680 14.00000000000   73.50345   271.02391               -15.269      0.000      32
       1681 14.00833333333   73.55738   270.04416               -15.265      0.000      32
       1682 14.01666666667   73.58134   269.00011               -15.232      0.000      32
       1683 14.02500000000   73.59923   267.95274               -15.233      0.000      32
       1684 14.03333333333   73.61103   266.90285               -15.240      0.000      32
       1685 14.04166666667   73.61672   265.85126               -15.220      0.000      32
       1686 14.05000000000   73.61627   264.79880               -15.202      0.000      32
       1687 14.05833333333   73.60970   263.74630               -15.208      0.000      32
       1688 14.06666666667   73.59698   262.69461               -15.193      0.000      32
       1689 14.07500000000   73.57814   261.64454               -15.179      0.000      32
       1690 14.08333333333   73.55319   260.59692               -15.159      0.000      32
       1691 14.09166666667   73.52214   259.55256               -15.147      0.000      32
       1692 14.10000000000   73.48503   258.51226               -15.132      0.000      32
       1693 14.10833333333   73.44189   257.47679               -15.125      0.000      32
       1694 14.11666666667   73.39275   256.44691               -15.136      0.000      32
       1695 14.12500000000   73.33768   255.42337               -15.101      0.000      32
       1696 14.13333333333   73.27671   254.40685               -15.122      0.000      32
       1697 14.14166666667   73.20992   253.39805               -15.090      0.000      32
       1698 14.15000000000   73.13735   252.39761               -15.079      0.000      32
       1699 14.15833333333   73.05909   251.40614               -15.083      0.000      32
       1700 14.16666666667   72.97519   250.42422               -15.073      0.000      32
       1701 14.17500000000   72.88575   249.45240               -15.046      0.000      32
       1702 14.18333333333   72.79085   248.49119               -15.061      0.000      32
       1703 14.19166666667   72.69056   247.54104               -15.043      0.000      32
       1704 14.20000000000   72.58498   246.60241               -15.010      0.000      32
       1705 14.20833333333   72.47419   245.67568               -15.020      0.000      32
       1706 14.21666666667   72.35830   244.76120               -14.979      0.000      32
       1707 14.22500000000   72.23740   243.85930               -14.978      0.000      32
       1708 14.23333333333   72.11159   242.97027               -14.954      0.000      32
       1709 14.24166666667   71.98096   242.09435               -14.966      0.000      32
       1710 14.25000000000   71.84562   241.23175               -14.943      0.000      32
       1711 14.25833333333   71.70566   240.38266               -14.947      0.000      32
       1712 14.26666666667   71.56120   239.54721               -14.918      0.000      32
       1713 14.27500000000   71.41233   238.72554               -14.918      0.000      32
       1714 14.28333333333   71.25916   237.91773               -14.868      0.000      32
       1715 14.29166666667   71.10179   237.12383               -14.876      0.000      32
       1716 14.30000000000   70.94032   236.34388               -14.861      0.000      32
       1717 14.30833333333   70.77486   235.57789               -14.834      0.000      32
       1718 14.31666666667   70.60550   234.82584               -14.833      0.000      32
       1719 14.32500000000   70.43234   234.08769               -14.790      0.000      32
       1720 14.33333333333   70.25549   233.36339            -14950.417      0.000      32
       1721 14.34166666667   70.07504   232.65286               -14.767      0.000      32
       1722 14.35000000000   69.89109   231.95601               -14.769      0.000      32
       1723 14.35833333333   69.70374   231.27274               -14.759      0.000      32
       1724 14.36666666667   69.51307   230.60291               -14.723      0.000      32
       1725 14.37500000000   69.31918   229.94639               -14.708      0.000      32
       1726 14.38333333333   69.12216   229.30304               -14.701      0.000      32
       1727 14.39166666667   68.92210   228.67269               -14.649      0.000      32
       1728 14.40000000000   68.71908   228.05518               -14.647      0.000      32
       1729 14.40833333333   68.51320   227.45034               -14.622      0.000      32
       1730 14.41666666667   68.30453   226.85799               -14.616      0.000      32
       1731 14.42500000000   68.09316   226.27793               -14.595      0.000      32
       1732 14.43333333333   67.87916   225.70997               -14.562      0.000      32
       1733 14.44166666667   67.66261   225.15393               -14.549      0.000      32
       1734 14.45000000000   67.44360   224.60958               -14.504      0.000      32
       1735 14.45833333333   67.22218   224.07674               -14.486      0.000      32
       1736 14.46666666667   66.99844   223.55520               -14.428      0.000      32
       1737 14.47500000000   66.77245   223.04474               -14.427      0.000      32
       1738 14.48333333333   66.54427   222.54517               -14.392      0.000      32
       1739 14.49166666667   66.31397   222.05628               -14.371      0.000      32
       1740 14.50000000000   66.08161   221.57785               -14.359      0.000      32
       1741 14.50833333333   65.87516   221.04851               -14.323      0.000      32
       1742 14.51666666667   65.63874   220.59068               -14.319      0.000      32
       1743 14.52500000000   65.40062   220.14229               -14.257      0.000      32
       1744 14.53333333333   65.16088   219.70313               -14.249      0.000      32
       1745 14.54166666667   64.91955   219.27300               -14.190      0.000      32
       1746 14.55000000000   64.67668   218.85171               -14.196      0.000      32
       1747 14.55833333333   64.43232   218.43906               -14.165      0.000      32
       1748 14.56666666667   64.18653   218.03485               -14.121      0.000      32
       1749 14.57500000000   63.93934   217.63890               -14.114      0.000      32
       1750 14.58333333333   63.69080   217.25102               -14.061      0.000      32
       1751 14.59166666667   63.44095   216.87103               -14.052      0.000      32
       1752 14.60000000000   63.18983   216.49876               -14.007      0.000      32
       1753 14.60833333333   62.93748   216.13402               -13.975      0.000      32
       1754 14.61666666667   62.68394   215.77664               -13.941      0.000      32
       1755 14.62500000000   62.42925   215.42646               -13.908      0.000      32
       1756 14.63333333333   62.17345   215.08332               -13.892      0.000      32
       1757 14.64166666667   61.91657   214.74705               -13.828      0.000      32
       1758 14.65000000000   61.65864   214.41749               -13.820      0.000      32
       1759 14.65833333333   61.39970   214.09449               -13.745      0.000      32
       1760 14.66666666667   61.13978   213.77791               -13.717      0.000      32
       1761 14.67500000000   60.87892   213.46760               -13.698      0.000      32
       1762 14.68333333333   60.61714   213.16341               -13.654      0.000      32
       1763 14.69166666667   60.35447   212.86520               -13.647      0.000      32
       1764 14.70000000000   60.09095   212.57284               -13.605      0.000      32
       1765 14.70833333333   59.82659   212.28619               -13.566      0.000      32
       1766 14.71666666667   59.56144   212.00513               -13.552      0.000      32
       1767 14.72500000000   59.29551   211.72953               -13.497      0.000      32
       1768 14.73333333333   59.02883   211.45926               -13.489      0.000      32
       1769 14.74166666667   58.76143   211.19421               -13.439      0.000      32
       1770 14.75000000000   58.49334   210.93425               -13.417      0.000      32
       1771 14.75833333333   58.22456   210.67928               -13.368      0.000      32
       1772 14.76666666667   57.95514   210.42918               -13.320      0.000      32
       1773 14.77500000000   57.68509   210.18384               -13.289      0.000      32
       1774 14.78333333333   57.41443   209.94316               -13.240      0.000      32
       1775 14.79166666667   57.14319   209.70704               -13.216      0.000      32
       1776 14.80000000000   56.87138   209.47537               -13.175      0.000      32
       1777 14.80833333333   56.59903   209.24806               -13.129      0.000      32
       1778 14.81666666667   56.32616   209.02500               -13.088      0.000      32
       1779 14.82500000000   56.05279   208.80611               -13.053      0.000      32
       1780 14.83333333333   55.77893   208.59130            -14948.593      0.000      32
       1781 14.84166666667   55.50461   208.38048               -12.961      0.000      32
       1782 14.85000000000   55.22984   208.17356               -12.907      0.000      32
       1783 14.85833333333   54.95464   207.97046               -12.878      0.000      32
       1784 14.86666666667   54.67903   207.77110               -12.819      0.000      32
       1785 14.87500000000   54.40302   207.57539               -12.776      0.000      32
       1786 14.88333333333   54.12663   207.38326               -12.718      0.000      32
       1787 14.89166666667   53.84989   207.19464               -12.682      0.000      32
       1788 14.90000000000   53.57279   207.00945               -12.653      0.000      32
       1789 14.90833333333   53.29536   206.82761               -12.589      0.000      32
       1790 14.91666666667   53.01762   206.64906               -12.548      0.000      32
       1791 14.92500000000   52.73957   206.47374               -12.501      0.000      32
       1792 14.93333333333   52.46124   206.30157               -12.452      0.000      32
       1793 14.94166666667   52.18263   206.13248               -12.413      0.000      32
       1794 14.95000000000   51.90377   205.96643               -12.371      0.000      32
       1795 14.95833333333   51.62466   205.80333               -12.375      0.000      32
       1796 14.96666666667   51.34531   205.64314               -12.294      0.000      32
       1797 14.97500000000   51.06575   205.48580               -12.270      0.000      32
       1798 14.98333333333   50.78598   205.33125               -12.216      0.000      32
       1799 14.99166666667   50.50601   205.17943               -12.168      0.000      32
       1800 15.00000000000   50.22586   205.03029               -12.137      0.000      32
       1801 15.00833333333   49.96079   204.81795               -12.082      0.000      32
       1802 15.01666666667   49.68026   204.67406               -12.018      0.000      32
       1803 15.02500000000   49.39967   204.53225               -11.990      0.000      32
       1804 15.03333333333   49.11904   204.39249               -11.906      0.000      32
       1805 15.04166666667   48.83837   204.25473               -11.837      0.000      32
       1806 15.05000000000   48.55767   204.11894               -11.812      0.000      32
       1807 15.05833333333   48.27695   203.98506               -11.783      0.000      32
       1808 15.06666666667   47.99622   203.85308               -11.735      0.000      32
       1809 15.07500000000   47.71548   203.72294               -11.706      0.000      32
       1810 15.08333333333   47.43474   203.59462               -11.659      0.000      32
       1811 15.09166666667   47.15401   203.46807               -11.613      0.000      32
       1812 15.10000000000   46.87329   203.34327               -11.538      0.000      32
       1813 15.10833333333   46.59259   203.22018               -11.463      0.000      32
       1814 15.11666666667   46.31191   203.09877               -11.450      0.000      32
       1815 15.12500000000   46.03128   202.97900               -11.401      0.000      32
       1816 15.13333333333   45.75068   202.86085               -11.329      0.000      32
       1817 15.14166666667   45.47012   202.74428               -11.343      0.000      32
       1818 15.15000000000   45.18962   202.62927               -11.216      0.000      32
       1819 15.15833333333   44.90918   202.51579               -11.185      0.000      32
       1820 15.16666666667   44.62880   202.40380               -11.176      0.000      32
       1821 15.17500000000   44.34849   202.29329               -11.126      0.000      32
       1822 15.18333333333   44.06825   202.18422               -11.031      0.000      32
       1823 15.19166666667   43.78810   202.07656               -11.044      0.000      32
       1824 15.20000000000   43.50804   201.97030               -10.990      0.000      32
       1825 15.20833333333   43.22806   201.86541               -10.938      0.000      32
       1826 15.21666666667   42.94818   201.76186               -10.945      0.000      32
       1827 15.22500000000   42.66841   201.65963               -10.839      0.000      32
       1828 15.23333333333   42.38874   201.55870               -10.833      0.000      32
       1829 15.24166666667   42.10919   201.45904               -10.809      0.000      32
       1830 15.25000000000   41.82975   201.36064               -10.756      0.000      32
       1831 15.25833333333   41.55044   201.26346               -10.760      0.000      32
       1832 15.26666666667   41.27125   201.16749               -10.706      0.000      32
       1833 15.27500000000   40.99220   201.07271               -10.653      0.000      32
       1834 15.28333333333   40.71328   200.97910               -10.647      0.000      32
       1835 15.29166666667   40.43451   200.88663               -10.615      0.000      32
       1836 15.30000000000   40.15588   200.79529               -10.610      0.000      32
       1837 15.30833333333   39.87740   200.70507               -10.596      0.000      32
       1838 15.31666666667   39.59907   200.61593               -10.569      0.000      32
       1839 15.32500000000   39.32091   200.52787               -10.511      0.000      32
       1840 15.33333333333   39.04290   200.44086               -10.476      0.000      32
       1841 15.34166666667   38.76507   200.35489               -10.439      0.000      32
       1842 15.35000000000   38.48741   200.26995               -10.389      0.000      32
       1843 15.35833333333   38.20992   200.18600               -10.400      0.000      32
       1844 15.36666666667   37.93261   200.10305               -10.347      0.000      32
       1845 15.37500000000   37.65548   200.02107               -10.295      0.000      32
       1846 15.38333333333   37.37854   199.94004               -10.254      0.000      32
       1847 15.39166666667   37.10180   199.85996               -10.203      0.000      32
       1848 15.40000000000   36.82524   199.78080               -10.215      0.000      32
       1849 15.40833333333   36.54889   199.70256               -10.180      0.000      32
       1850 15.41666666667   36.27273   199.62522               -10.115      0.000      32
       1851 15.42500000000   35.99678   199.54876               -10.079      0.000      32
       1852 15.43333333333   35.72104   199.47317               -10.073      0.000      32
       1853 15.44166666667   35.44551   199.39843               -10.024      0.000      32
       1854 15.45000000000   35.17020   199.32454               -10.017      0.000      32
       1855 15.45833333333   34.89511   199.25149                -9.962      0.000      32
       1856 15.46666666667   34.62023   199.17925                -9.922      0.000      32
       1857 15.47500000000   34.34558   199.10782                -9.913      0.000      32
       1858 15.48333333333   34.07116   199.03718                -9.828      0.000      32
       1859 15.49166666667   33.79697   198.96732                -9.842      0.000      32
       1860 15.50000000000   33.52301   198.89824                -9.840      0.000      32
       1861 15.50833333333   33.25988   198.77582                -9.818      0.000      32
       1862 15.51666666667   32.98636   198.70792                -9.791      0.000      32
       1863 15.52500000000   32.71315   198.64040                -9.723      0.000      32
       1864 15.53333333333   32.44025   198.57326                -9.698      0.000      32
       1865 15.54166666667   32.16766   198.50648                -9.685      0.000      32
       1866 15.55000000000   31.89539   198.44006                -9.688      0.000      32
       1867 15.55833333333   31.62343   198.37400                -9.666      0.000      32
       1868 15.56666666667   31.35179   198.30829                -9.582      0.000      32
       1869 15.57500000000   31.08047   198.24292                -9.569      0.000      32
       1870 15.58333333333   30.80946   198.17789                -9.583      0.000      32
       1871 15.59166666667   30.53878   198.11320                -9.566      0.000      32
       1872 15.60000000000   30.26842   198.04882                -9.530      0.000      32
       1873 15.60833333333   29.99839   197.98477                -9.540      0.000      32
       1874 15.61666666667   29.72868   197.92104                -9.513      0.000      32
       1875 15.62500000000   29.45931   197.85761                -9.476      0.000      32
       1876 15.63333333333   29.19025   197.79449                -9.509      0.000      32
       1877 15.64166666667   28.92153   197.73166                -9.462      0.000      32
       1878 15.65000000000   28.65315   197.66913                -9.396      0.000      32
       1879 15.65833333333   28.38509   197.60690                -9.395      0.000      32
       1880 15.66666666667   28.11737   197.54494                -9.418      0.000      32
       1881 15.67500000000   27.84998   197.48326                -9.378      0.000      32
       1882 15.68333333333   27.58293   197.42186                -9.427      0.000      32
       1883 15.69166666667   27.31622   197.36073                -9.386      0.000      32
       1884 15.70000000000   27.04984   197.29986                -9.347      0.000      32
       1885 15.70833333333   26.78380   197.23926                -9.278      0.000      32
       1886 15.71666666667   26.51811   197.17891                -9.316      0.000      32
       1887 15.72500000000   26.25276   197.11881                -9.249      0.000      32
       1888 15.73333333333   25.98775   197.05896                -9.281      0.000      32
       1889 15.74166666667   25.72308   196.99936                -9.196      0.000      32
       1890 15.75000000000   25.45875   196.93999                -9.222      0.000      32
       1891 15.75833333333   25.19478   196.88086                -9.115      0.000      32
       1892 15.76666666667   24.93114   196.82196                -9.116      0.000      32
       1893 15.77500000000   24.66786   196.76328                -9.190      0.000      32
       1894 15.78333333333   24.40492   196.70483                -9.244      0.000      32
       1895 15.79166666667   24.14233   196.64660                -9.185      0.000      32
       1896 15.80000000000   23.88009   196.58858                -9.175      0.000      32
       1897 15.80833333333   23.61820   196.53078                -9.114      0.000      32
       1898 15.81666666667   23.35666   196.47318                -9.089      0.000      32
       1899 15.82500000000   23.09547   196.41579                -9.057      0.000      32
       1900 15.83333333333   22.83463   196.35860                -9.058      0.000      32
       1901 15.84166666667   22.57414   196.30160                -9.009      0.000      32
       1902 15.85000000000   22.31401   196.24480                -9.074      0.000      32
       1903 15.85833333333   22.05423   196.18819                -9.013      0.000      32
       1904 15.86666666667   21.79480   196.13176                -9.075      0.000      32
       1905 15.87500000000   21.53572   196.07552                -9.004      0.000      32
       1906 15.88333333333   21.27700   196.01946                -8.948      0.000      32
       1907 15.89166666667   21.01864   195.96357                -8.971      0.000      32
       1908 15.90000000000   20.76063   195.90786                -8.842      0.000      32
       1909 15.90833333333   20.50297   195.85231                -8.916      0.000      32
       1910 15.91666666667   20.24567   195.79694                -8.914      0.000      32
       1911 15.92500000000   19.98873   195.74173                -8.870      0.000      32
       1912 15.93333333333   19.73214   195.68668                -8.897      0.000      32
       1913 15.94166666667   19.47590   195.63178                -8.907      0.000      32
       1914 15.95000000000   19.22003   195.57705                -8.919      0.000      32
       1915 15.95833333333   18.96451   195.52246                -8.847      0.000      32
       1916 15.96666666667   18.70934   195.46802                -8.847      0.000      32
       1917 15.97500000000   18.45453   195.41373                -8.809      0.000      32
       1918 15.98333333333   18.20008   195.35958                -8.762      0.000      32
       1919 15.99166666667   17.94598   195.30558                -8.790      0.000      32
       1920 16.00000000000   17.69224   195.25171                -8.742      0.000      32
       1921 16.00833333333   17.45176   195.15625                -8.782      0.000      32
       1922 16.01666666667   17.19874   195.10213                -8.758      0.000      32
       1923 16.02500000000   16.94616   195.04787                -8.783      0.000      32
       1924 16.03333333333   16.69401   194.99346                -8.703      0.000      32
       1925 16.04166666667   16.44231   194.93891                -8.679      0.000      32
       1926 16.05000000000   16.19105   194.88421                -8.706      0.000      32
       1927 16.05833333333   15.94023   194.82936                -8.620      0.000      32
       1928 16.06666666667   15.68985   194.77436                -8.676      0.000      32
       1929 16.07500000000   15.43991   194.71922                -8.608      0.000      32
       1930 16.08333333333   15.19042   194.66393                -8.556      0.000      32
       1931 16.09166666667   14.94136   194.60849                -8.563      0.000      32
       1932 16.10000000000   14.69274   194.55290                -8.608      0.000      32
       1933 16.10833333333   14.44456   194.49715                -8.522      0.000      32
       1934 16.11666666667   14.19682   194.44126              4258.779      0.000      32
       1935 16.12500000000   13.94952   194.38521                -8.426      0.000      32
       1936 16.13333333333   13.70266   194.32901                -8.379      0.000      32
       1937 16.14166666667   13.45624   194.27265                -8.355      0.000      32
       1938 16.15000000000   13.21026   194.21614                -8.427      0.000      32
       1939 16.15833333333   12.96471   194.15947                -8.435      0.000      32
       1940 16.16666666667   12.71961   194.10264                -8.264      0.000      32
       1941 16.17500000000   12.47494   194.04566                -8.186      0.000      32
       1942 16.18333333333   12.23071   193.98852                -8.318      0.000      32
       1943 16.19166666667   11.98691   193.93122                -8.313      0.000      32
       1944 16.20000000000   11.74355   193.87376                -8.190      0.000      32
       1945 16.20833333333   11.50062   193.81614                -8.120      0.000      32
       1946 16.21666666667   11.25813   193.75835                -8.155      0.000      32
       1947 16.22500000000   11.01608   193.70041                -7.995      0.000      32
       1948 16.23333333333   10.77446   193.64230            -14943.450      0.000      32
       1949 16.24166666667   10.53327   193.58402                -7.901      0.000      32
       1950 16.25000000000   10.29251   193.52558                -7.937      0.000      32
       1951 16.25833333333   10.05219   193.46697                -7.891      0.000      32
       1952 16.26666666667    9.81229   193.40819                -7.887      0.000      32
       1953 16.27500000000    9.57283   193.34925                -7.856      0.000      32
       1954 16.28333333333    9.33380   193.29013                -7.881      0.000      32
       1955 16.29166666667    9.09519   193.23085                -7.825      0.000      32
       1956 16.30000000000    8.85702   193.17139                -7.725      0.000      32
       1957 16.30833333333    8.61927   193.11176                -7.897      0.000      32
       1958 16.31666666667    8.38195   193.05196                -7.973      0.000      32
       1959 16.32500000000    8.14505   192.99198                -7.944      0.000      32
       1960 16.33333333333    7.90858   192.93182                -7.780      0.000      32
       1961 16.34166666667    7.67253   192.87149                -7.714      0.000      32
       1962 16.35000000000    7.43691   192.81098                -7.755      0.000      32
       1963 16.35833333333    7.20171   192.75028                -7.603      0.000      32
       1964 16.36666666667    6.96693   192.68941                -7.550      0.000      32
       1965 16.37500000000    6.73257   192.62836                -7.351      0.000      32
       1966 16.38333333333    6.49863   192.56712              4260.041      0.000      32
       1967 16.39166666667    6.26510   192.50570                -7.371      0.000      32
       1968 16.40000000000    6.03200   192.44410                -7.252      0.000      32
       1969 16.40833333333    5.79931   192.38230                -7.213      0.000      32
       1970 16.41666666667    5.56704   192.32032                -7.005      0.000      32
       1971 16.42500000000    5.33518   192.25816                -6.990      0.000      32
       1972 16.43333333333    5.10373   192.19580                -7.212      0.000      32
       1973 16.44166666667    4.87270   192.13325                -7.177      0.000      32
       1974 16.45000000000    4.64208   192.07050                -7.177      0.000      32
       1975 16.45833333333    4.41186   192.00756                -7.177      0.000      32
       1976 16.46666666667    4.18206   191.94443                -7.177      0.000      32
       1977 16.47500000000    3.95266   191.88110                -7.177      0.000      32
       1978 16.48333333333    3.72367   191.81757                -7.177      0.000      32
       1979 16.49166666667    3.49509   191.75385                -7.177      0.000      32
       1980 16.50000000000    3.26691   191.68992                -7.177      0.000      32
       2584 21.53333333333    6.25573    38.58723                 6.245      0.000      32
       2585 21.54166666667    6.31110    38.36153                 6.245      0.000      32
       2586 21.55000000000    6.36533    38.13561                 6.245      0.000      32
       2587 21.55833333333    6.41840    37.90948                 6.245      0.000      32
       2588 21.56666666667    6.47031    37.68314                 6.245      0.000      32
       2589 21.57500000000    6.52105    37.45660                 6.245      0.000      32
       2590 21.58333333333    6.57064    37.22986                 6.245      0.000      32
       2591 21.59166666667    6.61905    37.00293                 6.245      0.000      32
       2592 21.60000000000    6.66629    36.77582                 6.245      0.000      32
       2593 21.60833333333    6.71236    36.54852                 6.245      0.000      32
       2594 21.61666666667    6.75725    36.32105                 6.245      0.000      32
       2595 21.62500000000    6.80096    36.09341                 6.245      0.000      32
       2596 21.63333333333    6.84349    35.86561                 6.245      0.000      32
       2597 21.64166666667    6.88483    35.63765                 6.245      0.000      32
       2598 21.65000000000    6.92498    35.40953                 6.245      0.000      32
       2599 21.65833333333    6.96395    35.18127                 6.245      0.000      32
       2600 21.66666666667    7.00172    34.95287                 6.245      0.000      32
       2601 21.67500000000    7.03830    34.72433                 6.245      0.000      32
       2602 21.68333333333    7.07368    34.49567                 6.245      0.000      32
       2603 21.69166666667    7.10787    34.26687                 6.245      0.000      32
       2604 21.70000000000    7.14085    34.03796                 6.245      0.000      32
       2605 21.70833333333    7.17263    33.80894                 6.245      0.000      32
       2606 21.71666666667    7.20320    33.57981                 6.245      0.000      32
       2607 21.72500000000    7.23257    33.35058                 6.245      0.000      32
       2608 21.73333333333    7.26073    33.12125                 6.245      0.000      32
       2609 21.74166666667    7.28767    32.89184                 6.245      0.000      32
       2610 21.75000000000    7.31341    32.66233                 6.245      0.000      32
       2611 21.75833333333    7.33793    32.43276                 6.245      0.000      32
       2612 21.76666666667    7.36123    32.20310                 6.245      0.000      32
       2613 21.77500000000    7.38332    31.97338                 6.245      0.000      32
       2614 21.78333333333    7.40420    31.74360                 6.245      0.000      32
       2615 21.79166666667    7.42385    31.51377                 6.245      0.000      32
       2616 21.80000000000    7.44228    31.28388                 6.245      0.000      32
       2617 21.80833333333    7.45949    31.05396                 6.245      0.000      32
       2618 21.81666666667    7.47547    30.82399                 6.245      0.000      32
       2619 21.82500000000    7.49023    30.59399                 6.245      0.000      32
       2620 21.83333333333    7.50377    30.36397                 6.245      0.000      32
       2621 21.84166666667    7.51608    30.13392                 6.245      0.000      32
       2622 21.85000000000    7.52716    29.90386                 6.245      0.000      32
       2623 21.85833333333    7.53702    29.67379                 6.245      0.000      32
       2624 21.86666666667    7.54564    29.44372                 6.245      0.000      32
       2625 21.87500000000    7.55304    29.21365                 6.245      0.000      32
       2626 21.88333333333    7.55921    28.98359                 6.245      0.000      32
       2627 21.89166666667    7.56415    28.75355                 6.245      0.000      32
       2628 21.90000000000    7.56786    28.52352            -12355.089      0.000      32
       2629 21.90833333333    7.57033    28.29352                91.562      0.000      32
       2630 21.91666666667    7.57158    28.06355                91.582      0.000      32
       2631 21.92500000000    7.57159    27.83361                91.584      0.000      32
       2632 21.93333333333    7.57037    27.60372                91.485      0.000      32
       2633 21.94166666667    7.56792    27.37388                91.515      0.000      32
       2634 21.95000000000    7.56424    27.14409                91.406      0.000      32
       2635 21.95833333333    7.55933    26.91436                91.372      0.000      32
       2636 21.96666666667    7.55318    26.68470                91.389      0.000      32
       2637 21.97500000000    7.54580    26.45511                91.523      0.000      32
       2638 21.98333333333    7.53719    26.22559                91.324      0.000      32
       2639 21.99166666667    7.52735    25.99616                91.227      0.000      32
       2640 22.00000000000    7.51628    25.76682                91.248      0.000      32
       2641 22.00833333333    7.49999    25.55705                91.280      0.000      32
       2642 22.01666666667    7.48606    25.32808                91.225      0.000      32
       2643 22.02500000000    7.47087    25.09934                91.081      0.000      32
       2644 22.03333333333    7.45444    24.87085                91.087      0.000      32
       2645 22.04166666667    7.43675    24.64260                90.966      0.000      32
       2646 22.05000000000    7.41782    24.41462                90.963      0.000      32
       2647 22.05833333333    7.39764    24.18690                90.952      0.000      32
       2648 22.06666666667    7.37621    23.95945                90.816      0.000      32
       2649 22.07500000000    7.35353    23.73228                90.804      0.000      32
       2650 22.08333333333    7.32961    23.50538                90.724      0.000      32
       2651 22.09166666667    7.30444    23.27878                90.619      0.000      32
       2652 22.10000000000    7.27804    23.05247                90.544      0.000      32
       2653 22.10833333333    7.25039    22.82646                90.477      0.000      32
       2654 22.11666666667    7.22151    22.60076                90.352      0.000      32
       2655 22.12500000000    7.19139    22.37536                90.325      0.000      32
       2656 22.13333333333    7.16003    22.15029                90.254      0.000      32
       2657 22.14166666667    7.12744    21.92554                90.200      0.000      32
       2658 22.15000000000    7.09362    21.70111                90.193      0.000      32
       2659 22.15833333333    7.05857    21.47702                90.033      0.000      32
       2660 22.16666666667    7.02229    21.25327                89.989      0.000      32
       2661 22.17500000000    6.98478    21.02987                89.989      0.000      32
       2662 22.18333333333    6.94606    20.80681                89.893      0.000      32
       2663 22.19166666667    6.90611    20.58411                89.848      0.000      32
       2664 22.20000000000    6.86494    20.36177                89.805      0.000      32
       2665 22.20833333333    6.82256    20.13980                89.721      0.000      32
       2666 22.21666666667    6.77896    19.91820                89.726      0.000      32
       2667 22.22500000000    6.73415    19.69698                89.679      0.000      32
       2668 22.23333333333    6.68813    19.47613                89.607      0.000      32
       2669 22.24166666667    6.64091    19.25568                89.546      0.000      32
       2670 22.25000000000    6.59248    19.03561                89.484      0.000      32
       2671 22.25833333333    6.54285    18.81595                89.478      0.000      32
       2672 22.26666666667    6.49202    18.59668                89.429      0.000      32
       2673 22.27500000000    6.43999    18.37782                89.409      0.000      32
       2674 22.28333333333    6.38677    18.15937                89.350      0.000      32
       2675 22.29166666667    6.33236    17.94133                89.331      0.000      32
       2676 22.30000000000    6.27677    17.72371                89.249      0.000      32
       2677 22.30833333333    6.21999    17.50652                89.240      0.000      32
       2678 22.31666666667    6.16202    17.28976                89.156      0.000      32
       2679 22.32500000000    6.10288    17.07343                89.140      0.000      32
       2680 22.33333333333    6.04257    16.85753                89.050      0.000      32
       2681 22.34166666667    5.98108    16.64208                89.029      0.000      32
       2682 22.35000000000    5.91842    16.42708                88.978      0.000      32
       2683 22.35833333333    5.85460    16.21252                88.959      0.000      32
       2684 22.36666666667    5.78962    15.99842                88.881      0.000      32
       2685 22.37500000000    5.72348    15.78477                88.889      0.000      32
       2686 22.38333333333    5.65618    15.57159                88.802      0.000      32
       2687 22.39166666667    5.58773    15.35887                88.763      0.000      32
       2688 22.40000000000    5.51814    15.14662                88.728      0.000      32
       2689 22.40833333333    5.44739    14.93484                88.666      0.000      32
       2690 22.41666666667    5.37551    14.72354                88.653      0.000      32
       2691 22.42500000000    5.30249    14.51272                88.621      0.000      32
       2692 22.43333333333    5.22834    14.30239                88.612      0.000      32
       2693 22.44166666667    5.15305    14.09254                88.559      0.000      32
       2694 22.45000000000    5.07664    13.88318                88.518      0.000      32
       2695 22.45833333333    4.99911    13.67431                88.399      0.000      32
       2696 22.46666666667    4.92046    13.46594                88.407      0.000      32
       2697 22.47500000000    4.84069    13.25808                88.286      0.000      32
       2698 22.48333333333    4.75982    13.05071                88.209      0.000      32
       2699 22.49166666667    4.67783    12.84385                88.126      0.000      32
       2700 22.50000000000    4.59475    12.63751                88.061      0.000      32
       2701 22.50833333333    4.51791    12.45040                87.858      0.000      32
       2702 22.51666666667    4.43238    12.24542                87.837      0.000      32
       2703 22.52500000000    4.34582    12.04107                87.708      0.000      32
       2704 22.53333333333    4.25822    11.83738                87.610      0.000      32
       2705 22.54166666667    4.16959    11.63433                87.484      0.000      32
       2706 22.55000000000    4.07994    11.43193                87.461      0.000      32
       2707 22.55833333333    3.98927    11.23019                87.340      0.000      32
       2708 22.56666666667    3.89757    11.02910                87.302      0.000      32
       2709 22.57500000000    3.80487    10.82866                87.224      0.000      32
       2710 22.58333333333    3.71115    10.62888                87.154      0.000      32
       2711 22.59166666667    3.61644    10.42977                87.072      0.000      32
       2712 22.60000000000    3.52072    10.23131                87.017      0.000      32
       2713 22.60833333333    3.42400    10.03352                86.905      0.000      32
       2714 22.61666666667    3.32630     9.83639                86.913      0.000      32
       2715 22.62500000000    3.22761     9.63993                86.769      0.000      32
       2716 22.63333333333    3.12793     9.44414                86.790      0.000      32
       2717 22.64166666667    3.02728     9.24902                86.684      0.000      32
       2718 22.65000000000    2.92565     9.05456                86.699      0.000      32
       2719 22.65833333333    2.82305     8.86078                86.663      0.000      32
       2720 22.66666666667    2.71949     8.66768                86.592      0.000      32
       2721 22.67500000000    2.61497     8.47524                86.510      0.000      32
       2722 22.68333333333    2.50949     8.28348                86.442      0.000      32
       2723 22.69166666667    2.40306     8.09240                86.380      0.000      32
       2724 22.70000000000    2.29568     7.90200                86.362      0.000      32
       2725 22.70833333333    2.18736     7.71227                86.312      0.000      32
       2726 22.71666666667    2.07810     7.52323                86.239      0.000      32
       2727 22.72500000000    1.96791     7.33486                86.168      0.000      32
       2728 22.73333333333    1.85678     7.14717                86.150      0.000      32
       2729 22.74166666667    1.74474     6.96017                86.168      0.000      32
       2730 22.75000000000    1.63177     6.77384                86.125      0.000      32
       2731 22.75833333333    1.51789     6.58820                86.063      0.000      32
       2732 22.76666666667    1.40310     6.40325                86.097      0.000      32
       2733 22.77500000000    1.28740     6.21897                86.054      0.000      32
       2734 22.78333333333    1.17080     6.03538                86.111      0.000      32
       2735 22.79166666667    1.05331     5.85248                85.997      0.000      32
       2736 22.80000000000    0.93492     5.67026                85.988      0.000      32
       2737 22.80833333333    0.81565     5.48872                85.934      0.000      32
       2738 22.81666666667    0.69549     5.30787                85.983      0.000      32
       2739 22.82500000000    0.57445     5.12771                85.895      0.000      32
       2740 22.83333333333    0.45254     4.94823                85.902      0.000      32
       2741 22.84166666667    0.32976     4.76943                85.883      0.000      32
       2742 22.85000000000    0.20612     4.59132                85.905      0.000      32
       2743 22.85833333333    0.08162     4.41390                85.835      0.000      32
