# Created on 2022-09-13 07:34:39 
# Sources: obs\AAV40321.22O, nav\AAV40321.22N
# Satellite: G25
# Interval: 30.0
# Sampling interval: 0.0 (not used).
# Site: AAV4
# Position (L, B, H): 74.6178382249, 43.0232991769, 585.248198851
# Position (X, Y, Z): 1238908.5437, 4503304.8915, 4329793.7299
# datetime format: %Y-%m-%dT%H:%M:%S
# Columns: tsn, hour, el, az, tec.l1l2, tec.p1p2, validity
# (I11,1X,F14.11,1X,F10.5,1X,F11.5,1X,F21.3,1X,F10.3,1X,I7)
       1664 13.86666666667    2.59255   309.39194                 0.000      0.000    5232
       1665 13.87500000000    2.77985   309.45514              -126.071      0.000    4128
       1666 13.88333333333    2.96735   309.51782              -126.280    128.309    4096
       1667 13.89166666667    3.15506   309.57997              -126.408    125.587    4096
       1668 13.90000000000    3.34297   309.64160              -126.486    128.452    4096
       1669 13.90833333333    3.53109   309.70269              -126.581    127.338    4096
       1670 13.91666666667    3.71942   309.76326              -126.622    131.678    4096
       1671 13.92500000000    3.90795   309.82329              -126.677    127.490    4096
       1672 13.93333333333    4.09669   309.88278              -126.855    127.338    4096
       1673 13.94166666667    4.28563   309.94174              -127.028  -2303.373    4096
       1674 13.95000000000    4.47477   310.00015              -127.309    130.869    4096
       1675 13.95833333333    4.66412   310.05801              -127.486    140.273    4096
       1676 13.96666666667    4.85367   310.11533              -127.661    131.945    4096
       1677 13.97500000000    5.04342   310.17209              -127.831    129.384    4096
       1678 13.98333333333    5.23338   310.22830              -127.989    123.664    4096
       1679 13.99166666667    5.42353   310.28396              -128.155    132.240    4096
       1680 14.00000000000    5.61389   310.33905              -128.284    129.527    4096
       1681 14.00833333333    5.80444   310.39359              -128.390    129.908    4096
       1682 14.01666666667    5.99520   310.44756              -128.565    129.936    4096
       1683 14.02500000000    6.18615   310.50095              -128.773    131.688    4096
       1684 14.03333333333    6.37730   310.55378              -128.895    129.384    4096
       1685 14.04166666667    6.56865   310.60604              -129.070    131.688    4096
       1686 14.05000000000    6.76020   310.65771              -129.282    127.595    4096
       1687 14.05833333333    6.95194   310.70881              -129.462    130.346    4096
       1688 14.06666666667    7.14388   310.75932              -129.878    121.761    4096
       1689 14.07500000000    7.33601   310.80924              -130.048    126.110    4096
       1690 14.08333333333    7.52833   310.85858              -130.309    125.177    4096
       1691 14.09166666667    7.72085   310.90732              -130.477    136.999    4096
       1692 14.10000000000    7.91357   310.95547              -130.882    140.016    4096
       1693 14.10833333333    8.10647   311.00301              -131.108    132.354    4096
       1694 14.11666666667    8.29956   311.04996              -131.237    134.296    4096
       1695 14.12500000000    8.49285   311.09629              -131.511    137.674    4096
       1696 14.13333333333    8.68632   311.14202              -131.694    122.027    4096
       1697 14.14166666667    8.87999   311.18714              -131.849    123.807    4096
       1698 14.15000000000    9.07384   311.23164              -132.061    125.596    4096
       1699 14.15833333333    9.26788   311.27551              -132.181    123.103    4096
       1700 14.16666666667    9.46210   311.31877              -132.274    118.896    4096
       1701 14.17500000000    9.65651   311.36140              -132.471    119.971    4096
       1702 14.18333333333    9.85110   311.40339              -132.663    124.882    4096
       1703 14.19166666667   10.04588   311.44476              -132.836    125.853    4096
       1704 14.20000000000   10.24084   311.48548              -133.089    132.649    4096
       1705 14.20833333333   10.43598   311.52556              -133.313    129.784    4096
       1706 14.21666666667   10.63130   311.56500              -133.580    127.862    4096
       1707 14.22500000000   10.82680   311.60379              -133.731    123.141    4096
       1708 14.23333333333   11.02248   311.64193              -133.842    122.436    4096
       1709 14.24166666667   11.21834   311.67941              -134.051    132.354    4096
       1710 14.25000000000   11.41437   311.71623              -134.155    124.073    4096
       1711 14.25833333333   11.61058   311.75238              -134.303    133.325    4096
       1712 14.26666666667   11.80696   311.78787              -134.478    119.829    4096
       1713 14.27500000000   12.00351   311.82268              -134.612    120.799    4096
       1714 14.28333333333   12.20024   311.85681              -134.876    125.853    4096
       1715 14.29166666667   12.39714   311.89027              -135.067    131.545    4096
       1716 14.30000000000   12.59421   311.92304              -135.256    127.738    4096
       1717 14.30833333333   12.79144   311.95512              -135.430    117.154    4096
       1718 14.31666666667   12.98885   311.98651              -135.570    121.913    4096
       1719 14.32500000000   13.18642   312.01720              -135.826    128.157    4096
       1720 14.33333333333   13.38415   312.04719              -135.930    121.608    4096
       1721 14.34166666667   13.58205   312.07647              -136.059    123.769    4096
       1722 14.35000000000   13.78011   312.10504              -136.182    117.563    4096
       1723 14.35833333333   13.97833   312.13290              -136.280    122.846    4096
       1724 14.36666666667   14.17671   312.16004              -136.347    126.662    4096
       1725 14.37500000000   14.37524   312.18645              -136.462  -2312.338    4096
       1726 14.38333333333   14.57394   312.21213              -136.530    122.284    4096
       1727 14.39166666667   14.77279   312.23708              -136.680    129.794    4096
       1728 14.40000000000   14.97179   312.26129              -136.775    126.253    4096
       1729 14.40833333333   15.17094   312.28476              -136.838    117.411    4096
       1730 14.41666666667   15.37025   312.30748              -136.880    117.934    4096
       1731 14.42500000000   15.56970   312.32944              -136.972    115.365    4096
       1732 14.43333333333   15.76931   312.35065              -137.067    116.859    4096
       1733 14.44166666667   15.96906   312.37110              -137.185    116.592    4096
       1734 14.45000000000   16.16895   312.39078              -137.347    117.145    4096
       1735 14.45833333333   16.36898   312.40968              -137.456    119.714    4096
       1736 14.46666666667   16.56916   312.42781              -137.648    125.187    4096
       1737 14.47500000000   16.76948   312.44515              -137.736    127.033    4096
       1738 14.48333333333   16.96993   312.46171              -137.929    124.330    4096
       1739 14.49166666667   17.17052   312.47747              -137.995    115.631    4096
       1740 14.50000000000   17.37124   312.49243              -138.070    112.509    4096
       1741 14.50833333333   17.57210   312.50659              -138.213    121.646    4096
       1742 14.51666666667   17.77309   312.51993              -138.256    120.533    4096
       1743 14.52500000000   17.97420   312.53246              -138.383    119.153    4096
       1744 14.53333333333   18.17544   312.54417              -138.437    118.230    4096
       1745 14.54166666667   18.37681   312.55505              -138.576    118.230    4096
       1746 14.55000000000   18.57830   312.56510              -138.622    118.896    4096
       1747 14.55833333333   18.77991   312.57431              -138.726    115.745    4096
       1748 14.56666666667   18.98164   312.58268              -138.723    115.631    4096
       1749 14.57500000000   19.18348   312.59019              -138.835    114.441    4096
       1750 14.58333333333   19.38544   312.59685              -138.864    116.440    4096
       1751 14.59166666667   19.58751   312.60265              -138.924    117.963    4096
       1752 14.60000000000   19.78969   312.60757              -139.023  -2316.164    4096
       1753 14.60833333333   19.99198   312.61162              -139.110    115.479    4096
       1754 14.61666666667   20.19438   312.61479              -139.150    120.647    4096
       1755 14.62500000000   20.39688   312.61708              -139.163    117.563    4096
       1756 14.63333333333   20.59948   312.61846              -139.208    116.707    4096
       1757 14.64166666667   20.80217   312.61895              -139.337  -2317.535    4096
       1758 14.65000000000   21.00497   312.61853              -139.347    115.479    4096
       1759 14.65833333333   21.20786   312.61720              -139.415    123.141    4096
       1760 14.66666666667   21.41084   312.61494              -139.493    121.351    4096
       1761 14.67500000000   21.61391   312.61176              -139.546    124.073    4096
       1762 14.68333333333   21.81706   312.60764              -139.646    118.077    4096
       1763 14.69166666667   22.02030   312.60258              -139.669    117.668    4096
       1764 14.70000000000   22.22362   312.59657              -139.782    113.870    4096
       1765 14.70833333333   22.42702   312.58961              -139.825    123.141    4096
       1766 14.71666666667   22.63049   312.58169              -139.875    123.655    4096
       1767 14.72500000000   22.83404   312.57279              -140.040    116.297    4096
       1768 14.73333333333   23.03766   312.56292              -140.086    119.971    4096
       1769 14.74166666667   23.24134   312.55206              -140.078    112.205    4096
       1770 14.75000000000   23.44509   312.54021              -140.230    118.487    4096
       1771 14.75833333333   23.64890   312.52736              -140.296    120.533    4096
       1772 14.76666666667   23.85277   312.51350              -140.384    114.813    4096
       1773 14.77500000000   24.05669   312.49862              -140.428    114.518    4096
       1774 14.78333333333   24.26067   312.48273              -140.415    108.978    4096
       1775 14.79166666667   24.46469   312.46580              -140.400    114.403    4096
       1776 14.80000000000   24.66876   312.44783              -140.547  -2315.194    4096
       1777 14.80833333333   24.87287   312.42881              -140.618    114.546    4096
       1778 14.81666666667   25.07703   312.40874              -140.674    116.440    4096
       1779 14.82500000000   25.28122   312.38760              -140.698    114.546    4096
       1780 14.83333333333   25.48544   312.36540              -140.780    116.297    4096
       1781 14.84166666667   25.68969   312.34211              -140.838    118.344    4096
       1782 14.85000000000   25.89396   312.31773              -140.866    117.668    4096
       1783 14.85833333333   26.09826   312.29225              -140.943    119.457    4096
       1784 14.86666666667   26.30258   312.26566              -140.972    123.093    4096
       1785 14.87500000000   26.50691   312.23796              -141.060    117.563    4096
       1786 14.88333333333   26.71125   312.20913              -141.045    108.560    4096
       1787 14.89166666667   26.91561   312.17917              -141.075    115.774    4096
       1788 14.90000000000   27.11996   312.14806              -141.129    122.693    4096
       1789 14.90833333333   27.32431   312.11580              -141.305    124.178    4096
       1790 14.91666666667   27.52866   312.08238              -141.322  -2319.134    4096
       1791 14.92500000000   27.73300   312.04779              -141.370    116.440    4096
       1792 14.93333333333   27.93733   312.01201              -141.419    116.964    4096
       1793 14.94166666667   28.14165   311.97505              -141.463    122.836    4096
       1794 14.95000000000   28.34594   311.93688              -141.540  -2314.632    4096
       1795 14.95833333333   28.55020   311.89750              -141.544    110.872    4096
       1796 14.96666666667   28.75444   311.85690              -141.529    115.736    4096
       1797 14.97500000000   28.95865   311.81507              -141.669    120.124    4096
       1798 14.98333333333   29.16281   311.77200              -141.642    112.471    4096
       1799 14.99166666667   29.36694   311.72768              -141.672    110.834    4096
       1800 15.00000000000   29.57101   311.68209              -141.709    115.479    4096
       1801 15.00833333333   29.77504   311.63523              -141.770    116.183    4096
       1802 15.01666666667   29.97900   311.58708              -141.822    121.913    4096
       1803 15.02500000000   30.18291   311.53764              -141.858    113.318    4096
       1804 15.03333333333   30.38675   311.48690              -141.858    113.842    4096
       1805 15.04166666667   30.59052   311.43484              -141.875    119.153    4096
       1806 15.05000000000   30.79421   311.38144              -141.866    114.432    4096
       1807 15.05833333333   30.99782   311.32671              -141.922    116.859    4096
       1808 15.06666666667   31.20134   311.27063              -141.935    121.618    4096
       1809 15.07500000000   31.40478   311.21319              -141.968    122.322    4096
       1810 15.08333333333   31.60811   311.15437              -141.955    121.351    4096
       1811 15.09166666667   31.81134   311.09417              -142.008    117.259    4096
       1812 15.10000000000   32.01447   311.03257              -142.035    119.457    4096
       1813 15.10833333333   32.21748   310.96955              -142.057    113.994    4096
       1814 15.11666666667   32.42037   310.90512              -142.039    115.479    4096
       1815 15.12500000000   32.62314   310.83925              -142.028  -2318.877    4096
       1816 15.13333333333   32.82577   310.77193              -142.139    120.124    4096
       1817 15.14166666667   33.02827   310.70316              -142.173    115.212    4096
       1818 15.15000000000   33.23063   310.63291              -142.169    114.955    4096
       1819 15.15833333333   33.43283   310.56118              -142.187    119.971    4096
       1820 15.16666666667   33.63488   310.48794              -142.221    122.988    4096
       1821 15.17500000000   33.83678   310.41320              -142.280    116.297    4096
       1822 15.18333333333   34.03850   310.33693              -142.306    112.100    4096
       1823 15.19166666667   34.24005   310.25913              -142.291    114.546    4096
       1824 15.20000000000   34.44141   310.17977              -142.358    119.048    4096
       1825 15.20833333333   34.64259   310.09885              -142.340    113.471    4096
       1826 15.21666666667   34.84358   310.01635              -142.370    119.048    4096
       1827 15.22500000000   35.04437   309.93225              -142.412    119.153    4096
       1828 15.23333333333   35.24494   309.84655              -142.455    123.360    4096
       1829 15.24166666667   35.44531   309.75923              -142.470    119.048    4096
       1830 15.25000000000   35.64545   309.67028              -142.483    117.525    4096
       1831 15.25833333333   35.84536   309.57967              -142.504    117.554    4096
       1832 15.26666666667   36.04503   309.48740              -142.483    115.622    4096
       1833 15.27500000000   36.24446   309.39346              -142.563    115.774    4096
       1834 15.28333333333   36.44364   309.29782              -142.522    112.348    4096
       1835 15.29166666667   36.64256   309.20047              -142.516    112.357    4096
       1836 15.30000000000   36.84121   309.10140              -142.493    119.305    4096
       1837 15.30833333333   37.03958   309.00059              -142.542    121.618    4096
       1838 15.31666666667   37.23768   308.89802              -142.578    110.311    4096
       1839 15.32500000000   37.43548   308.79369              -142.611    120.647    4096
       1840 15.33333333333   37.63298   308.68757              -142.576    115.365    4096
       1841 15.34166666667   37.83017   308.57965              -142.604    118.896    4096
       1842 15.35000000000   38.02705   308.46992              -142.638    114.803    4096
       1843 15.35833333333   38.22360   308.35835              -142.572    112.881    4096
       1844 15.36666666667   38.41982   308.24494              -142.644    119.162    4096
       1845 15.37500000000   38.61570   308.12966              -142.671    119.457    4096
       1846 15.38333333333   38.81122   308.01250              -142.619    114.917    4096
       1847 15.39166666667   39.00639   307.89344              -142.652    117.525    4096
       1848 15.40000000000   39.20118   307.77247              -142.637    115.926    4096
       1849 15.40833333333   39.39560   307.64958              -142.649    118.487    4096
       1850 15.41666666667   39.58962   307.52473              -142.696    115.098    4096
       1851 15.42500000000   39.78325   307.39792              -142.675    108.417    4096
       1852 15.43333333333   39.97647   307.26913              -142.650    116.973    4096
       1853 15.44166666667   40.16927   307.13834              -142.685    117.678    4096
       1854 15.45000000000   40.36165   307.00554              -142.691    117.782    4096
       1855 15.45833333333   40.55358   306.87071              -142.685    113.585    4096
       1856 15.46666666667   40.74507   306.73383              -142.714    112.500    4096
       1857 15.47500000000   40.93610   306.59488              -142.696    111.948    4096
       1858 15.48333333333   41.12666   306.45385              -142.748    117.668    4096
       1859 15.49166666667   41.31674   306.31072              -142.728    109.530    4096
       1860 15.50000000000   41.50633   306.16547              -142.731    116.040    4096
       1861 15.50833333333   41.69541   306.01808              -142.744    116.288    4096
       1862 15.51666666667   41.88398   305.86854              -142.736    112.881    4096
       1863 15.52500000000   42.07203   305.71683              -142.757    118.191    4096
       1864 15.53333333333   42.25955   305.56292              -142.754    118.220    4096
       1865 15.54166666667   42.44651   305.40681              -142.754    115.888    4096
       1866 15.55000000000   42.63292   305.24847              -142.739    112.614    4096
       1867 15.55833333333   42.81875   305.08789              -142.737    112.100    4096
       1868 15.56666666667   43.00400   304.92505              -142.762    120.238    4096
       1869 15.57500000000   43.18866   304.75993              -142.755    117.411    4096
       1870 15.58333333333   43.37271   304.59251              -142.775    122.436    4096
       1871 15.59166666667   43.55614   304.42278              -142.772    117.525    4096
       1872 15.60000000000   43.73893   304.25071              -142.785  -2320.514    4096
       1873 15.60833333333   43.92108   304.07629              -142.756    114.803    4096
       1874 15.61666666667   44.10257   303.89950              -142.772    115.365    4096
       1875 15.62500000000   44.28339   303.72032              -142.753    115.365    4096
       1876 15.63333333333   44.46352   303.53874              -142.755    117.116    4096
       1877 15.64166666667   44.64296   303.35473              -142.779    115.879    4096
       1878 15.65000000000   44.82168   303.16828              -142.815    118.487    4096
       1879 15.65833333333   44.99968   302.97938              -142.806    114.280    4096
       1880 15.66666666667   45.17693   302.78799              -142.791    115.365    4096
       1881 15.67500000000   45.35344   302.59412              -142.797    119.714    4096
       1882 15.68333333333   45.52917   302.39773              -142.801    113.994    4096
       1883 15.69166666667   45.70412   302.19881              -142.789    112.757    4096
       1884 15.70000000000   45.87827   301.99734              -142.822    120.942    4096
       1885 15.70833333333   46.05162   301.79331              -142.805  -2320.248    4096
       1886 15.71666666667   46.22413   301.58670              -142.801    113.328    4096
       1887 15.72500000000   46.39580   301.37749              -142.783    112.919    4096
       1888 15.73333333333   46.56661   301.16567              -142.760    114.289    4096
       1889 15.74166666667   46.73655   300.95122              -142.764    116.183    4096
       1890 15.75000000000   46.90561   300.73412              -142.776    115.070    4096
       1891 15.75833333333   47.07375   300.51435              -142.747    112.500    4096
       1892 15.76666666667   47.24098   300.29191              -142.741    109.083    4096
       1893 15.77500000000   47.40727   300.06678              -142.707    117.259    4096
       1894 15.78333333333   47.57261   299.83893              -142.721    114.660    4096
       1895 15.79166666667   47.73698   299.60836              -142.714    115.888    4096
       1896 15.80000000000   47.90036   299.37505              -142.705    117.259    4096
       1897 15.80833333333   48.06274   299.13899              -142.680    117.221    4096
       1898 15.81666666667   48.22410   298.90016              -142.708    117.145    4096
       1899 15.82500000000   48.38443   298.65855              -142.695    111.272    4096
       1900 15.83333333333   48.54370   298.41415              -142.666    111.948    4096
       1901 15.84166666667   48.70190   298.16694              -142.652    115.879    4096
       1902 15.85000000000   48.85902   297.91690               -56.667    118.334    4098
       1903 15.85833333333   49.01502   297.66404               -56.646    117.411    4096
       1904 15.86666666667   49.16991   297.40834               -54.308    116.554    4096
       1905 15.87500000000   49.32365   297.14978               -51.987    117.259    4096
       1906 15.88333333333   49.47623   296.88835               -56.635    115.631    4098
       1907 15.89166666667   49.62763   296.62406               -51.948    116.592    4096
       1908 15.90000000000   49.77784   296.35687                 0.000      0.000    5200
       1909 15.90833333333   49.92683   296.08680                 0.000      0.000    5200
       1910 15.91666666667   50.07460   295.81383                 0.000      0.000    5200
       1911 15.92500000000   50.22110   295.53795                 0.000      0.000    5200
       1912 15.93333333333   50.36634   295.25915                 0.000      0.000    5200
       1913 15.94166666667   50.51029   294.97743               -56.523    118.344    4096
       1914 15.95000000000   50.65293   294.69279               -49.533    112.100    4096
       1915 15.95833333333   50.79424   294.40521               -56.509    120.638    4096
       1916 15.96666666667   50.93421   294.11470               -54.168    118.896    4098
       1917 15.97500000000   51.07281   293.82125               -56.468    116.849    4096
       1918 15.98333333333   51.21002   293.52486               -56.433    116.735    4098
       1919 15.99166666667   51.34583   293.22553                 0.000      0.000    5200
       1920 16.00000000000   51.48023   292.92325                 0.000      0.000    5200
       1921 16.00833333333   51.61316   292.61804                 0.000      0.000    5200
       1922 16.01666666667   51.74463   292.30988               -54.081    115.517    4096
       1923 16.02500000000   51.87463   291.99878                 0.000      0.000    5232
       1924 16.03333333333   52.00312   291.68474               -56.358    119.315    4096
       1925 16.04166666667   52.13008   291.36778               -58.669    118.601    4096
       1926 16.05000000000   52.25551   291.04788                 0.000      0.000    5200
       1927 16.05833333333   52.37937   290.72507               -53.972    112.614    4096
       1928 16.06666666667   52.50165   290.39934               -58.607    118.791    4096
       1929 16.07500000000   52.62233   290.07070               -60.929    119.305    4098
       1930 16.08333333333   52.74138   289.73917                 0.000      0.000    5200
       1931 16.09166666667   52.85879   289.40476                 0.000      0.000    5200
       1932 16.10000000000   52.97455   289.06747                 0.000      0.000    5232
       1933 16.10833333333   53.08861   288.72732               -58.550    118.382    4096
       1934 16.11666666667   53.20098   288.38433                 0.000      0.000    5200
       1935 16.12500000000   53.31163   288.03851               -58.522    117.925    4096
       1936 16.13333333333   53.42054   287.68987                 0.000      0.000    5200
       1937 16.14166666667   53.52768   287.33843               -56.168    116.450    4096
       1938 16.15000000000   53.63305   286.98422                 0.000      0.000    5200
       1939 16.15833333333   53.73661   286.62726                 0.000      0.000    5200
       1940 16.16666666667   53.83836   286.26756               -58.426    115.070    4096
       1941 16.17500000000   53.93828   285.90515                 0.000      0.000    5200
       1942 16.18333333333   54.03633   285.54006               -60.693    118.344    4096
       1943 16.19166666667   54.13251   285.17230                 0.000      0.000    5200
       1944 16.20000000000   54.22680   284.80192               -56.036    115.479    4096
       1945 16.20833333333   54.31917   284.42893               -58.337    117.525    4098
       1946 16.21666666667   54.40961   284.05337                 0.000      0.000    5200
       1947 16.22500000000   54.49811   283.67527               -58.323    116.707    4096
       1948 16.23333333333   54.58463   283.29466               -62.927    121.351    4098
       1949 16.24166666667   54.66918   282.91158               -53.629    115.926    4096
       1950 16.25000000000   54.75172   282.52606                 0.000      0.000    5200
       1951 16.25833333333   54.83224   282.13814               -60.539    118.077    4096
       1952 16.26666666667   54.91072   281.74787                 0.000      0.000    5200
       1953 16.27500000000   54.98716   281.35527               -55.888    114.813    4096
       1954 16.28333333333   55.06152   280.96040                 0.000      0.000    5200
       1955 16.29166666667   55.13380   280.56329               -58.187    118.496    4096
       1956 16.30000000000   55.20397   280.16399                 0.000      0.000    5200
       1957 16.30833333333   55.27203   279.76255               -60.478    116.040    4096
       1958 16.31666666667   55.33796   279.35901               -60.446    115.774    4098
       1959 16.32500000000   55.40174   278.95342               -55.766    115.917    4098
       1960 16.33333333333   55.46337   278.54584                 0.000      0.000    5200
       1961 16.34166666667   55.52281   278.13631               -58.060    118.344    4096
       1962 16.35000000000   55.58007   277.72489               -60.366    114.813    4098
       1963 16.35833333333   55.63513   277.31163                 0.000      0.000    5200
       1964 16.36666666667   55.68797   276.89658               -60.335    115.622    4096
       1965 16.37500000000   55.73858   276.47981               -60.282    118.905    4098
       1966 16.38333333333   55.78696   276.06136               -60.291  -2319.429    4098
       1967 16.39166666667   55.83309   275.64131               -57.918    116.849    4098
       1968 16.40000000000   55.87695   275.21970                 0.000      0.000    5200
       1969 16.40833333333   55.91854   274.79661                 0.000      0.000    5232
       1970 16.41666666667   55.95786   274.37209               -57.841    118.087    4096
       1971 16.42500000000   55.99488   273.94620               -57.815  -2317.278    4098
       1972 16.43333333333   56.02960   273.51901                 0.000      0.000    5200
       1973 16.44166666667   56.06201   273.09058                 0.000      0.000    5200
       1974 16.45000000000   56.09210   272.66099                 0.000      0.000    5232
       1975 16.45833333333   56.11987   272.23029               -60.047    116.440    4096
       1976 16.46666666667   56.14531   271.79856               -62.333    119.048    4098
       1977 16.47500000000   56.16841   271.36585               -59.981    113.985    4096
       1978 16.48333333333   56.18917   270.93225               -59.963    119.305    4096
       1979 16.49166666667   56.20758   270.49782               -59.958    116.849    4096
       1980 16.50000000000   56.22363   270.06262               -59.934    116.183    4098
       1981 16.50833333333   56.23733   269.62674                 0.000      0.000    5200
       1982 16.51666666667   56.24867   269.19023               -62.214    120.647    4096
       1983 16.52500000000   56.25764   268.75318               -59.870  -2318.867    4096
       1984 16.53333333333   56.26424   268.31565               -59.843    115.631    4098
       1985 16.54166666667   56.26848   267.87771               -57.474    114.955    4096
       1986 16.55000000000   56.27035   267.43944                 0.000      0.000    5200
       1987 16.55833333333   56.26984   267.00090                 0.000      0.000    5200
       1988 16.56666666667   56.26697   266.56217                 0.000      0.000    5200
       1989 16.57500000000   56.26173   266.12333                 0.000      0.000    5200
       1990 16.58333333333   56.25411   265.68443                 0.000      0.000    5200
       1991 16.59166666667   56.24413   265.24556                 0.000      0.000    5200
       1992 16.60000000000   56.23179   264.80679                 0.000      0.000    5200
       1993 16.60833333333   56.21708   264.36817                 0.000      0.000    5200
       1994 16.61666666667   56.20001   263.92980               -64.222    120.390    4096
       1995 16.62500000000   56.18059   263.49173               -61.901    119.048    4098
       1996 16.63333333333   56.15882   263.05404                 0.000      0.000    5200
       1997 16.64166666667   56.13471   262.61680                 0.000      0.000    5200
       1998 16.65000000000   56.10825   262.18006                 0.000      0.000    5200
       1999 16.65833333333   56.07947   261.74392               -59.450    116.031    4096
       2000 16.66666666667   56.04835   261.30842               -61.725    120.009    4098
       2001 16.67500000000   56.01492   260.87363                 0.000      0.000    5200
       2002 16.68333333333   55.97918   260.43963               -61.675    116.849    4096
       2003 16.69166666667   55.94113   260.00647               -61.607    115.622    4098
       2004 16.70000000000   55.90079   259.57423                 0.000      0.000    5200
       2005 16.70833333333   55.85817   259.14296               -66.217    120.238    4096
       2006 16.71666666667   55.81327   258.71272                 0.000      0.000    5200
       2007 16.72500000000   55.76611   258.28359               -61.503    115.327    4096
       2008 16.73333333333   55.71669   257.85561               -61.465    114.955    4098
       2009 16.74166666667   55.66503   257.42884                 0.000      0.000    5200
       2010 16.75000000000   55.61115   257.00335               -66.085    120.942    4096
       2011 16.75833333333   55.55504   256.57919               -63.676    121.351    4096
       2012 16.76666666667   55.49674   256.15641               -59.017    114.660    4098
       2013 16.77500000000   55.43624   255.73508                 0.000      0.000    5232
       2014 16.78333333333   55.37356   255.31523               -61.289    114.242    4096
       2015 16.79166666667   55.30872   254.89693               -63.540    120.238    4098
       2016 16.80000000000   55.24172   254.48022                 0.000      0.000    5200
       2017 16.80833333333   55.17260   254.06516                 0.000      0.000    5200
       2018 16.81666666667   55.10135   253.65178               -63.441    120.124    4096
       2019 16.82500000000   55.02800   253.24014                 0.000      0.000    5200
       2020 16.83333333333   54.95255   252.83029                 0.000      0.000    5232
       2021 16.84166666667   54.87504   252.42225               -67.966    121.351    4096
       2022 16.85000000000   54.79547   252.01608               -65.605    116.336    4098
       2023 16.85833333333   54.71386   251.61182               -65.599    121.056    4096
       2024 16.86666666667   54.63022   251.20951               -67.869    115.622    4098
       2025 16.87500000000   54.54459   250.80917                 0.000      0.000    5200
       2026 16.88333333333   54.45696   250.41086               -65.468    119.419    4096
       2027 16.89166666667   54.36736   250.01459                 0.000      0.000    5200
       2028 16.90000000000   54.27581   249.62042                 0.000      0.000    5200
       2029 16.90833333333   54.18232   249.22836               -70.038    124.882    4096
       2030 16.91666666667   54.08692   248.83845                 0.000      0.000    5200
       2031 16.92500000000   53.98962   248.45072               -67.637  -2320.248    4096
       2032 16.93333333333   53.89045   248.06520               -67.584    118.896    4096
       2033 16.94166666667   53.78941   247.68190               -65.237    120.381    4096
       2034 16.95000000000   53.68653   247.30086               -69.833    120.124    4098
       2035 16.95833333333   53.58183   246.92210               -65.146    117.516    4096
       2036 16.96666666667   53.47533   246.54565               -67.441    120.676    4098
       2037 16.97500000000   53.36704   246.17151               -67.410    118.753    4096
       2038 16.98333333333   53.25700   245.79972               -67.343    117.973    4098
       2039 16.99166666667   53.14520   245.43028               -69.644    118.905    4096
       2040 17.00000000000   53.03169   245.06322               -67.301    121.313    4098
       2041 17.00833333333   52.91647   244.69855               -67.249    116.040    4096
       2042 17.01666666667   52.79956   244.33629                 0.000      0.000    5200
       2043 17.02500000000   52.68099   243.97645               -69.493    120.390    4096
       2044 17.03333333333   52.56078   243.61903               -64.818    116.745    4096
       2045 17.04166666667   52.43894   243.26406                 0.000      0.000    5232
       2046 17.05000000000   52.31549   242.91153               -71.716    120.238    4096
       2047 17.05833333333   52.19047   242.56147                 0.000      0.000    5200
       2048 17.06666666667   52.06387   242.21387                 0.000      0.000    5200
       2049 17.07500000000   51.93574   241.86874                 0.000      0.000    5200
       2050 17.08333333333   51.80607   241.52609               -69.250    119.010    4096
       2051 17.09166666667   51.67491   241.18591                 0.000      0.000    5200
       2052 17.10000000000   51.54226   240.84823               -66.840    115.879    4096
       2053 17.10833333333   51.40814   240.51302               -69.162    123.655    4098
       2054 17.11666666667   51.27258   240.18031               -66.800    119.572    4096
       2055 17.12500000000   51.13559   239.85007               -73.732    121.761    4098
       2056 17.13333333333   50.99720   239.52233                 0.000      0.000    5200
       2057 17.14166666667   50.85742   239.19707               -69.038    114.660    4096
       2058 17.15000000000   50.71628   238.87429               -71.306    119.305    4096
       2059 17.15833333333   50.57379   238.55399               -68.934    117.259    4096
       2060 17.16666666667   50.42997   238.23616               -68.883  -2318.468    4096
       2061 17.17500000000   50.28485   237.92080               -75.803    119.971    4098
       2062 17.18333333333   50.13844   237.60790               -73.453    118.601    4096
       2063 17.19166666667   49.99075   237.29746               -73.388    124.882    4096
       2064 17.20000000000   49.84182   236.98947               -73.374    117.002    4096
       2065 17.20833333333   49.69165   236.68392               -73.266    114.698    4096
       2066 17.21666666667   49.54028   236.38081               -73.261    121.456    4096
       2067 17.22500000000   49.38770   236.08012               -73.159    117.782    4096
       2068 17.23333333333   49.23396   235.78184               -73.164    120.942    4096
       2069 17.24166666667   49.07905   235.48597               -73.091    119.714    4096
       2070 17.25000000000   48.92301   235.19249               -73.020    119.448    4096
       2071 17.25833333333   48.76585   234.90140               -72.989    118.230    4096
       2072 17.26666666667   48.60759   234.61268               -72.922    119.315    4096
       2073 17.27500000000   48.44824   234.32631               -72.887    118.496    4096
       2074 17.28333333333   48.28782   234.04229               -72.802    118.087    4096
       2075 17.29166666667   48.12636   233.76061               -72.756    123.103    4096
       2076 17.30000000000   47.96386   233.48124               -72.694    124.740    4096
       2077 17.30833333333   47.80035   233.20418               -72.621    114.660    4096
       2078 17.31666666667   47.63585   232.92941               -72.562    125.958    4096
       2079 17.32500000000   47.47036   232.65692               -72.509    111.539    4096
       2080 17.33333333333   47.30391   232.38669               -72.501    123.921    4096
       2081 17.34166666667   47.13652   232.11870               -72.410    115.479    4096
       2082 17.35000000000   46.96819   231.85295               -72.376    119.714    4096
       2083 17.35833333333   46.79896   231.58941               -72.282    119.971    4096
       2084 17.36666666667   46.62882   231.32807               -72.233    119.048    4096
       2085 17.37500000000   46.45781   231.06891               -72.193    122.322    4096
       2086 17.38333333333   46.28593   230.81192               -72.152    120.381    4096
       2087 17.39166666667   46.11320   230.55708               -72.123    120.533    4096
       2088 17.40000000000   45.93964   230.30437               -72.060    120.828    4096
       2089 17.40833333333   45.76526   230.05377               -72.021    114.137    4096
       2090 17.41666666667   45.59008   229.80527               -72.002    119.610    4096
       2091 17.42500000000   45.41412   229.55885               -71.960    115.517    4096
       2092 17.43333333333   45.23738   229.31450               -71.869    119.714    4096
       2093 17.44166666667   45.05988   229.07218               -71.840    119.724    4096
       2094 17.45000000000   44.88164   228.83190               -71.760    117.925    4096
       2095 17.45833333333   44.70267   228.59362               -71.734    125.025    4096
       2096 17.46666666667   44.52299   228.35734               -71.659    121.056    4096
       2097 17.47500000000   44.34261   228.12302               -71.600    116.288    4096
       2098 17.48333333333   44.16154   227.89066               -71.486    122.988    4096
       2099 17.49166666667   43.97981   227.66024               -71.426    122.579    4096
       2100 17.50000000000   43.79741   227.43173               -71.384    117.963    4096
       2101 17.50833333333   43.61437   227.20512               -71.343    126.776    4096
       2102 17.51666666667   43.43070   226.98039               -71.271    120.238    4096
       2103 17.52500000000   43.24642   226.75753               -71.168    129.127    4096
       2104 17.53333333333   43.06152   226.53651               -71.096    112.909    4096
       2105 17.54166666667   42.87604   226.31731               -71.050    121.913    4096
       2106 17.55000000000   42.68998   226.09992               -70.991    122.731    4096
       2107 17.55833333333   42.50335   225.88432               -70.934    120.799    4096
       2108 17.56666666667   42.31617   225.67049               -70.906    125.853    4096
       2109 17.57500000000   42.12845   225.45840            -14907.922    126.263    4096
       2110 17.58333333333   41.94020   225.24806               -70.806    118.344    4096
       2111 17.59166666667   41.75144   225.03942               -70.763    120.533    4096
       2112 17.60000000000   41.56216   224.83249               -70.669  -2317.792    4096
       2113 17.60833333333   41.37240   224.62723               -70.599    129.384    4096
       2114 17.61666666667   41.18215   224.42363               -70.525    127.081    4096
       2115 17.62500000000   40.99144   224.22167               -70.469    120.790    4096
       2116 17.63333333333   40.80026   224.02134               -70.444    121.351    4096
       2117 17.64166666667   40.60864   223.82261               -70.432    124.882    4096
       2118 17.65000000000   40.41659   223.62547               -70.341    125.853    4096
       2119 17.65833333333   40.22410   223.42989               -70.293    122.170    4096
       2120 17.66666666667   40.03121   223.23587               -70.199    118.639    4096
       2121 17.67500000000   39.83790   223.04339               -70.155    121.056    4096
       2122 17.68333333333   39.64421   222.85242               -70.017    125.139    4096
       2123 17.69166666667   39.45013   222.66295               -69.928    125.701    4096
       2124 17.70000000000   39.25568   222.47496               -69.851    124.359    4096
       2125 17.70833333333   39.06087   222.28844               -69.798    125.996    4096
       2126 17.71666666667   38.86571   222.10336               -69.773    122.693    4096
       2127 17.72500000000   38.67020   221.91971               -69.710    120.381    4096
       2128 17.73333333333   38.47436   221.73748               -69.689    125.958    4096
       2129 17.74166666667   38.27819   221.55664               -69.620    123.131    4096
       2130 17.75000000000   38.08172   221.37718               -69.548    126.367    4096
       2131 17.75833333333   37.88494   221.19909               -69.543    122.322    4096
       2132 17.76666666667   37.68786   221.02234               -69.478    122.170    4096
       2133 17.77500000000   37.49050   220.84692               -69.394    129.375    4096
       2134 17.78333333333   37.29286   220.67281               -69.323    133.591    4096
       2135 17.79166666667   37.09495   220.50000               -69.322    125.292    4096
       2136 17.80000000000   36.89678   220.32847               -69.253    120.124    4096
       2137 17.80833333333   36.69836   220.15820               -69.174    122.170    4096
       2138 17.81666666667   36.49970   219.98918               -69.137    119.153    4096
       2139 17.82500000000   36.30081   219.82140               -69.124    127.862    4096
       2140 17.83333333333   36.10169   219.65483               -69.057    131.316    4096
       2141 17.84166666667   35.90236   219.48947               -68.999    114.660    4096
       2142 17.85000000000   35.70281   219.32529               -68.989    136.037    4096
       2143 17.85833333333   35.50307   219.16229               -68.969    115.631    4096
       2144 17.86666666667   35.30313   219.00044               -69.012    118.782    4096
       2145 17.87500000000   35.10301   218.83973               -68.903    125.187    4096
       2146 17.88333333333   34.90271   218.68015               -68.804    124.216    4096
       2147 17.89166666667   34.70224   218.52167               -68.707    131.688    4096
       2148 17.90000000000   34.50161   218.36430               -68.595    119.981    4096
       2149 17.90833333333   34.30082   218.20801               -68.647    119.714    4096
       2150 17.91666666667   34.09989   218.05279               -68.554    127.605    4096
       2151 17.92500000000   33.89882   217.89862               -68.544    126.929    4096
       2152 17.93333333333   33.69761   217.74549               -68.528    135.628    4096
       2153 17.94166666667   33.49628   217.59338               -68.445    122.170    4096
       2154 17.95000000000   33.29483   217.44229               -68.383    126.110    4096
       2155 17.95833333333   33.09326   217.29220               -68.348    123.807    4096
       2156 17.96666666667   32.89160   217.14309               -68.297    120.238    4096
       2157 17.97500000000   32.68983   216.99495               -68.289    128.004    4096
       2158 17.98333333333   32.48797   216.84777               -68.329    128.414    4096
       2159 17.99166666667   32.28603   216.70153               -68.330    125.406    4096
       2160 18.00000000000   32.08405   216.55617               -68.343    128.566    4096
       2161 18.00833333333   31.88191   216.41184               -68.242    123.360    4096
       2162 18.01666666667   31.67974   216.26836               -68.355    120.790    4096
       2163 18.02500000000   31.47752   216.12577               -68.313    131.136    4096
       2164 18.03333333333   31.27524   215.98406               -68.293    122.988    4096
       2165 18.04166666667   31.07292   215.84322               -68.354    125.292    4096
       2166 18.05000000000   30.87055   215.70324               -68.344    120.419    4096
       2167 18.05833333333   30.66815   215.56410               -68.309    125.177    4096
       2168 18.06666666667   30.46572   215.42578               -68.302    111.539    4096
       2169 18.07500000000   30.26326   215.28829               -68.248    115.365    4096
       2170 18.08333333333   30.06078   215.15160               -68.308    123.103    4096
       2171 18.09166666667   29.85829   215.01571               -68.174    125.177    4096
       2172 18.10000000000   29.65579   214.88060               -68.166    127.747    4096
       2173 18.10833333333   29.45329   214.74626               -68.144    128.299    4096
       2174 18.11666666667   29.25080   214.61269               -68.187    118.230    4096
       2175 18.12500000000   29.04831   214.47986               -68.199    128.004    4096
       2176 18.13333333333   28.84583   214.34777               -68.182    128.566    4096
       2177 18.14166666667   28.64338   214.21640               -68.194    129.641    4096
       2178 18.15000000000   28.44094   214.08576               -68.113    136.342    4096
       2179 18.15833333333   28.23854   213.95581               -68.151    119.048    4096
       2180 18.16666666667   28.03617   213.82656               -68.227    131.840    4096
       2181 18.17500000000   27.83384   213.69799               -68.267    128.423    4096
       2182 18.18333333333   27.63155   213.57010               -68.320    119.562    4096
       2183 18.19166666667   27.42931   213.44286               -68.378    134.848    4096
       2184 18.20000000000   27.22713   213.31628               -68.368    128.157    4096
       2185 18.20833333333   27.02500   213.19034               -68.301    124.064    4096
       2186 18.21666666667   26.82293   213.06503               -68.342    129.489    4096
       2187 18.22500000000   26.62094   212.94034               -68.282    120.904    4096
       2188 18.23333333333   26.41901   212.81626               -68.267    114.508    4096
       2189 18.24166666667   26.21716   212.69279               -68.201    123.807    4096
       2190 18.25000000000   26.01539   212.56990               -68.042    124.625    4096
       2191 18.25833333333   25.81371   212.44760               -68.062    128.452    4096
       2192 18.26666666667   25.61211   212.32586               -68.095    123.245    4096
       2193 18.27500000000   25.41061   212.20469               -68.074    129.232    4096
       2194 18.28333333333   25.20921   212.08408               -67.916    134.809    4096
       2195 18.29166666667   25.00790   211.96400               -67.949    118.077    4096
       2196 18.30000000000   24.80671   211.84446               -68.117    122.427    4096
       2197 18.30833333333   24.60562   211.72545               -68.111    131.021    4096
       2198 18.31666666667   24.40465   211.60695               -68.136    124.473    4096
       2199 18.32500000000   24.20379   211.48896               -68.103    119.829    4096
       2200 18.33333333333   24.00306   211.37147               -68.169    132.097    4096
       2201 18.34166666667   23.80245   211.25446               -68.158    113.994    4096
       2202 18.35000000000   23.60198   211.13794               -68.242    120.942    4096
       2203 18.35833333333   23.40163   211.02189               -68.190    121.608    4096
       2204 18.36666666667   23.20143   210.90631               -68.130    121.209    4096
       2205 18.37500000000   23.00136   210.79118               -68.080    130.612    4096
       2206 18.38333333333   22.80144   210.67649               -67.945    114.546    4096
       2207 18.39166666667   22.60167   210.56225               -67.948    141.243    4096
       2208 18.40000000000   22.40204   210.44843               -67.925    145.032    4096
       2209 18.40833333333   22.20258   210.33504               -67.911    124.207    4096
       2210 18.41666666667   22.00327   210.22206               -67.857    122.731    4096
       2211 18.42500000000   21.80412   210.10949               -67.850    136.075    4096
       2212 18.43333333333   21.60514   209.99732               -67.826    132.649    4096
       2213 18.44166666667   21.40633   209.88554               -67.973    127.338    4096
       2214 18.45000000000   21.20769   209.77414               -67.835    133.620    4096
       2215 18.45833333333   21.00922   209.66311               -67.843    122.465    4096
       2216 18.46666666667   20.81094   209.55246               -67.892    122.579    4096
       2217 18.47500000000   20.61283   209.44216               -67.994    115.774    4096
       2218 18.48333333333   20.41491   209.33221               -68.040    119.981    4096
       2219 18.49166666667   20.21718   209.22261               -68.074    131.278    4096
       2220 18.50000000000   20.01964   209.11335               -68.124    130.460    4096
       2221 18.50833333333   19.82230   209.00442               -68.092    142.433    4096
       2222 18.51666666667   19.62515   208.89581               -68.065    136.075    4096
       2223 18.52500000000   19.42820   208.78752               -67.989    122.065    4096
       2224 18.53333333333   19.23146   208.67954               -67.979    120.942    4096
       2225 18.54166666667   19.03492   208.57186               -68.033    118.191    4096
       2226 18.55000000000   18.83859   208.46447               -68.032    114.403    4096
       2227 18.55833333333   18.64248   208.35738               -68.074    123.807    4096
       2228 18.56666666667   18.44658   208.25056             18972.882  -2318.049    4096
       2229 18.57500000000   18.25089   208.14402               -68.034    111.129    4096
       2230 18.58333333333   18.05543   208.03775               -67.985    136.066    4096
       2231 18.59166666667   17.86019   207.93174               -68.039    115.222    4096
       2232 18.60000000000   17.66518   207.82599               -68.011    129.641    4096
       2233 18.60833333333   17.47040   207.72048               -67.918    131.983    4096
       2234 18.61666666667   17.27584   207.61522               -68.065    126.815    4096
       2235 18.62500000000   17.08153   207.51019               -67.972    132.240    4096
       2236 18.63333333333   16.88745   207.40540               -68.028    122.018    4096
       2237 18.64166666667   16.69361   207.30082               -68.045    130.089    4096
       2238 18.65000000000   16.50001   207.19646               -67.998    138.084    4096
       2239 18.65833333333   16.30665   207.09232               -67.952    118.639    4096
       2240 18.66666666667   16.11355   206.98838               -67.838    138.122    4096
       2241 18.67500000000   15.92069   206.88463               -67.871    119.572    4096
       2242 18.68333333333   15.72809   206.78108               -67.855    118.743    4096
       2243 18.69166666667   15.53574   206.67772               -67.884  -2310.949    4096
       2244 18.70000000000   15.34365   206.57454               -67.810    122.731    4096
       2245 18.70833333333   15.15181   206.47153               -67.891    143.394    4096
       2246 18.71666666667   14.96024   206.36870               -67.806    135.219    4096
       2247 18.72500000000   14.76894   206.26602               -67.739    119.010    4096
       2248 18.73333333333   14.57790   206.16351               -67.727    122.836    4096
       2249 18.74166666667   14.38713   206.06114               -68.001    127.338    4096
       2250 18.75000000000   14.19663   205.95893               -68.096    106.361    4096
       2251 18.75833333333   14.00641   205.85685               -68.028  -2311.663    4096
       2252 18.76666666667   13.81646   205.75492               -68.116    121.085    4096
       2253 18.77500000000   13.62679   205.65311               -67.996    138.788    4096
       2254 18.78333333333   13.43740   205.55142               -67.821    127.490    4096
       2255 18.79166666667   13.24829   205.44986               -67.835    130.060    4096
       2256 18.80000000000   13.05947   205.34841               -67.860    106.932    4096
       2257 18.80833333333   12.87094   205.24707               -67.678    122.988    4096
       2287 19.05833333333    7.35879   202.23321              -103.838    130.089    4098
       2288 19.06666666667    7.18017   202.13287              -104.065    122.018    4097
       2292 19.10000000000    6.46921   201.73106              -125.182    115.479    4098
       2293 19.10833333333    6.29236   201.63049              -125.127  -2327.053    4096
       2294 19.11666666667    6.11587   201.52985              -125.311    106.218    4096
       2295 19.12500000000    5.93974   201.42915              -125.361    120.942    4096
       2296 19.13333333333    5.76397   201.32839              -125.511    109.797    4096
       2297 19.14166666667    5.58857   201.22756              -125.704    138.645    4096
       2298 19.15000000000    5.41353   201.12665              -125.762    121.608    4096
       2299 19.15833333333    5.23886   201.02566              -125.720    121.094    4096
       2300 19.16666666667    5.06456   200.92460             18915.317  -2318.058    4096
       2301 19.17500000000    4.89063   200.82344              -125.528    118.639    4096
       2302 19.18333333333    4.71707   200.72220              -125.666    117.525    4096
       2312 19.26666666667    3.00238   199.70413               -87.139    122.950    4098
