# Created on 2022-09-13 07:34:31 
# Sources: obs\AAV40321.22O, nav\AAV40321.22N
# Satellite: G05
# Interval: 30.0
# Sampling interval: 0.0 (not used).
# Site: AAV4
# Position (L, B, H): 74.6178382249, 43.0232991769, 585.248198851
# Position (X, Y, Z): 1238908.5437, 4503304.8915, 4329793.7299
# datetime format: %Y-%m-%dT%H:%M:%S
# Columns: tsn, hour, el, az, tec.l1l2, tec.p1p2, validity
# (I11,1X,F14.11,1X,F10.5,1X,F11.5,1X,F21.3,1X,F10.3,1X,I7)
        948  7.90000000000    9.27604   314.43266              -109.270    110.825    4096
        949  7.90833333333    9.29095   314.23162              -109.192  -2316.973    4096
        950  7.91666666667    9.30488   314.03038              -109.133    122.722    4096
        951  7.92500000000    9.31783   313.82895              -109.049    126.263    4096
        952  7.93333333333    9.32980   313.62734              -109.066    108.264    4096
        953  7.94166666667    9.34079   313.42555              -109.063    112.243    4096
        954  7.95000000000    9.35081   313.22359              -109.019    110.054    4096
        955  7.95833333333    9.35985   313.02147              -109.005    123.807    4096
        956  7.96666666667    9.36791   312.81918              -109.017    114.394    4096
        957  7.97500000000    9.37500   312.61675              -108.995    125.444    4096
        958  7.98333333333    9.38111   312.41416              -108.853    124.064    4096
        959  7.99166666667    9.38624   312.21143              -108.947    123.398    4096
        960  8.00000000000    9.39040   312.00857              -108.818    117.373    4096
        961  8.00833333333    9.39359   311.80558              -108.782    124.625    4096
        962  8.01666666667    9.39580   311.60246              -108.754    122.979    4096
        963  8.02500000000    9.39705   311.39923              -108.547    130.603    4096
        964  8.03333333333    9.39732   311.19588              -108.645    110.711    4096
        965  8.04166666667    9.39662   310.99243              -108.592    125.701    4096
        966  8.05000000000    9.39495   310.78888              -108.606    119.048    4096
        967  8.05833333333    9.39231   310.58524              -108.566    117.525    4096
        968  8.06666666667    9.38871   310.38150              -108.522    119.305    4096
        969  8.07500000000    9.38414   310.17769              -108.511    119.981    4096
        970  8.08333333333    9.37861   309.97379             18932.408  -2310.435    4096
        971  8.09166666667    9.37211   309.76983              -108.525    112.757    4096
        972  8.10000000000    9.36465   309.56580              -108.495    117.925    4096
        973  8.10833333333    9.35623   309.36171              -108.500    123.360    4096
        974  8.11666666667    9.34686   309.15757              -108.435    127.186    4096
        975  8.12500000000    9.33653   308.95338              -108.485    131.164    4096
        976  8.13333333333    9.32524   308.74915              -108.502    119.676    4096
        977  8.14166666667    9.31300   308.54489              -108.394    122.731    4096
        978  8.15000000000    9.29980   308.34059              -108.445    119.162    4096
        979  8.15833333333    9.28566   308.13627              -108.511    115.365    4096
        980  8.16666666667    9.27057   307.93192              -108.527    118.639    4096
        981  8.17500000000    9.25454   307.72757              -108.454    124.216    4096
        982  8.18333333333    9.23756   307.52320              -108.595    118.601    4096
        983  8.19166666667    9.21963   307.31884              -108.605    124.473    4096
        984  8.20000000000    9.20077   307.11447              -108.625  -2313.452    4096
        985  8.20833333333    9.18098   306.91012              -108.536    120.533    4096
        986  8.21666666667    9.16024   306.70577              -108.468    129.270    4096
        987  8.22500000000    9.13858   306.50145              -108.394    120.942    4096
        988  8.23333333333    9.11598   306.29715              -108.416  -2324.854    4096
        989  8.24166666667    9.09246   306.09288              -108.274    119.867    4096
        990  8.25000000000    9.06801   305.88865              -108.279    121.056    4096
        991  8.25833333333    9.04263   305.68445              -108.182    122.427    4096
        992  8.26666666667    9.01634   305.48030              -108.068    127.900    4096
        993  8.27500000000    8.98913   305.27620              -108.055    122.570    4096
        994  8.28333333333    8.96101   305.07216              -108.048    117.259    4096
        995  8.29166666667    8.93197   304.86818              -108.024    125.292    4096
        996  8.30000000000    8.90202   304.66426              -107.939    125.967    4096
        997  8.30833333333    8.87117   304.46041              -107.821    125.444    4096
        998  8.31666666667    8.83941   304.25664              -107.747    120.238    4096
        999  8.32500000000    8.80676   304.05295              -107.810  -2304.857    4096
       1000  8.33333333333    8.77320   303.84935              -107.769    116.592    4096
       1001  8.34166666667    8.73875   303.64583              -107.796    120.086    4096
       1002  8.35000000000    8.70341   303.44241              -107.798    122.846    4096
       1003  8.35833333333    8.66718   303.23909              -107.708    128.157    4096
       1004  8.36666666667    8.63007   303.03587              -107.711    118.077    4096
       1005  8.37500000000    8.59208   302.83276              -107.661    122.436    4096
       1006  8.38333333333    8.55320   302.62976              -107.649    121.608    4096
       1007  8.39166666667    8.51346   302.42688              -107.645    129.794    4096
       1008  8.40000000000    8.47284   302.22413              -107.565    117.925    4096
       1009  8.40833333333    8.43135   302.02149              -107.389    122.693    4096
       1010  8.41666666667    8.38900   301.81900              -107.214    122.465    4096
       1011  8.42500000000    8.34579   301.61663              -107.207    131.012    4096
       1012  8.43333333333    8.30172   301.41440              -107.056    129.898    4096
       1013  8.44166666667    8.25679   301.21232              -107.006    108.112    4096
       1014  8.45000000000    8.21102   301.01039              -106.887    125.853    4096
       1015  8.45833333333    8.16440   300.80861              -106.880    114.955    4096
       1016  8.46666666667    8.11694   300.60698              -106.775    128.832    4096
       1017  8.47500000000    8.06864   300.40551              -106.817    122.874    4096
       1018  8.48333333333    8.01950   300.20420              -106.521    120.790    4096
       1019  8.49166666667    7.96953   300.00307              -106.528    127.186    4096
       1020  8.50000000000    7.91874   299.80210              -106.407    126.672    4096
       1021  8.50833333333    7.86712   299.60131              -106.355    119.457    4096
       1022  8.51666666667    7.81468   299.40070              -106.258    109.749    4096
       1023  8.52500000000    7.76143   299.20026              -106.180    140.273    4096
       1024  8.53333333333    7.70737   299.00002              -106.037    109.083    4096
       1025  8.54166666667    7.65250   298.79996              -105.916    124.073    4096
       1026  8.55000000000    7.59683   298.60010              -105.807    129.270    4096
       1027  8.55833333333    7.54036   298.40043              -105.733    129.499    4096
       1028  8.56666666667    7.48309   298.20096              -105.662    126.263    4096
       1029  8.57500000000    7.42504   298.00169              -105.391    121.323    4096
       1030  8.58333333333    7.36620   297.80263              -105.240    122.170    4096
       1031  8.59166666667    7.30658   297.60377              -105.328    135.105    4096
       1032  8.60000000000    7.24618   297.40513              -105.041    108.417    4096
       1033  8.60833333333    7.18501   297.20670              -104.985    137.560    4096
       1034  8.61666666667    7.12307   297.00849              -104.896    112.357    4096
       1035  8.62500000000    7.06036   296.81050              -104.849    134.581    4096
       1803 15.02500000000    8.28420   179.71109               -99.945    112.614    4096
       1804 15.03333333333    8.48611   179.66174              -100.160    114.955    4096
       1805 15.04166666667    8.68839   179.61262              -100.363    110.454    4096
       1806 15.05000000000    8.89104   179.56375              -100.662    104.467    4096
       1807 15.05833333333    9.09406   179.51510              -100.949     91.646    4096
       1808 15.06666666667    9.29745   179.46668              -101.328     97.252    4096
       1809 15.07500000000    9.50121   179.41849              -101.718     84.432    4096
       1810 15.08333333333    9.70533   179.37053              -101.989     99.156    4096
       1811 15.09166666667    9.90982   179.32278              -102.097     99.308    4096
       1812 15.10000000000   10.11468   179.27526              -102.351     89.334    4096
       1813 15.10833333333   10.31990   179.22795              -102.442     86.478    4096
       1814 15.11666666667   10.52548   179.18085              -102.652    103.801    4096
       1815 15.12500000000   10.73143   179.13396              -102.831    104.438    4096
       1816 15.13333333333   10.93774   179.08728              -102.946     98.337    4096
       1817 15.14166666667   11.14440   179.04080              -102.994     91.789    4096
       1818 15.15000000000   11.35143   178.99452              -103.126    105.552    4096
       1819 15.15833333333   11.55882   178.94844              -103.220  -2336.866    4096
       1820 15.16666666667   11.76656   178.90256              -103.369     89.191    4096
       1821 15.17500000000   11.97466   178.85686              -103.471     98.594    4096
       1822 15.18333333333   12.18312   178.81136              -103.556    100.641    4096
       1823 15.19166666667   12.39193   178.76604              -103.910    116.440    4096
       1824 15.20000000000   12.60110   178.72090              -104.151    108.007    4096
       1825 15.20833333333   12.81062   178.67594              -104.271     84.165    4096
       1826 15.21666666667   13.02049   178.63115              -104.355     79.930    4096
       1827 15.22500000000   13.23071   178.58654              -104.473     93.836    4096
       1828 15.23333333333   13.44128   178.54210              -104.647     89.343    4096
       1829 15.24166666667   13.65221   178.49782              -104.804     97.262    4096
       1830 15.25000000000   13.86348   178.45371              -104.872    100.936    4096
       1831 15.25833333333   14.07510   178.40975              -105.001     97.928    4096
       1832 15.26666666667   14.28706   178.36595              -105.174    103.249    4096
       1833 15.27500000000   14.49937   178.32231              -105.237     98.709    4096
       1834 15.28333333333   14.71203   178.27881              -105.286    102.954    4096
       1835 15.29166666667   14.92503   178.23546              -105.325     92.313    4096
       1836 15.30000000000   15.13837   178.19225              -105.456     78.303    4096
       1837 15.30833333333   15.35206   178.14918              -105.501  -2353.598    4096
       1838 15.31666666667   15.56608   178.10625              -105.503     88.629    4096
       1839 15.32500000000   15.78045   178.06345              -105.708     92.760    4096
       1840 15.33333333333   15.99515   178.02078              -105.830     94.806    4096
       1841 15.34166666667   16.21019   177.97823              -105.881     84.841    4096
       1842 15.35000000000   16.42557   177.93580              -105.902     88.629    4096
       1843 15.35833333333   16.64128   177.89349              -105.917     93.579    4096
       1844 15.36666666667   16.85733   177.85130              -105.993     96.967    4096
       1845 15.37500000000   17.07372   177.80921              -106.032     84.584    4096
       1846 15.38333333333   17.29043   177.76724              -106.011     92.988    4096
       1847 15.39166666667   17.50748   177.72536              -106.032     86.773    4096
       1848 15.40000000000   17.72486   177.68358              -105.966     88.268    4096
       1849 15.40833333333   17.94256   177.64190              -105.958     89.448    4096
       1850 15.41666666667   18.16060   177.60032              -105.989     89.343    4096
       1851 15.42500000000   18.37896   177.55882              -105.909     91.646    4096
       1852 15.43333333333   18.59765   177.51740              -105.905     90.047    4096
       1853 15.44166666667   18.81667   177.47606              -105.936     89.752    4096
       1854 15.45000000000   19.03601   177.43480              -105.805     88.639    4096
       1855 15.45833333333   19.25568   177.39361              -105.793     92.208    4096
       1856 15.46666666667   19.47566   177.35249              -105.843     94.359    4096
       1857 15.47500000000   19.69597   177.31143              -105.866     90.419    4096
       1858 15.48333333333   19.91659   177.27043              -105.763     90.162    4096
       1859 15.49166666667   20.13754   177.22948              -105.815     96.139    4096
       1860 15.50000000000   20.35880   177.18859              -105.775    100.907    4096
       1861 15.50833333333   20.58038   177.14774              -105.842     90.571    4096
       1862 15.51666666667   20.80228   177.10694              -105.837     89.600    4096
       1863 15.52500000000   21.02449   177.06617              -105.804     82.947    4096
       1864 15.53333333333   21.24701   177.02544              -105.843     97.224    4096
       1865 15.54166666667   21.46985   176.98473              -105.854     89.857    4096
       1866 15.55000000000   21.69299   176.94406              -105.757     84.737    4096
       1867 15.55833333333   21.91645   176.90340              -105.719     99.974    4096
       1868 15.56666666667   22.14021   176.86275              -105.764     91.799    4096
       1869 15.57500000000   22.36428   176.82212              -105.820     96.548    4096
       1870 15.58333333333   22.58866   176.78149              -105.756     87.030    4096
       1871 15.59166666667   22.81334   176.74087              -105.836     99.413    4096
       1872 15.60000000000   23.03833   176.70024              -105.824     91.532    4096
       1873 15.60833333333   23.26361   176.65960              -105.875    108.264    4096
       1874 15.61666666667   23.48920   176.61895              -105.970     84.984    4096
       1875 15.62500000000   23.71509   176.57828              -105.964     91.275    4096
       1876 15.63333333333   23.94128   176.53759              -106.023     94.254    4096
       1877 15.64166666667   24.16776   176.49687              -106.023     77.332    4096
       1878 15.65000000000   24.39454   176.45612              -106.034     91.123    4096
       1879 15.65833333333   24.62161   176.41533              -106.095    108.417    4096
       1880 15.66666666667   24.84898   176.37449              -106.182     88.220    4096
       1881 15.67500000000   25.07663   176.33361              -106.221     90.828    4096
       1882 15.68333333333   25.30458   176.29267              -106.325    102.278    4096
       1883 15.69166666667   25.53282   176.25167              -106.296     89.600    4096
       1884 15.70000000000   25.76134   176.21061              -106.395     92.903    4096
       1885 15.70833333333   25.99015   176.16947              -106.538     90.980    4096
       1886 15.71666666667   26.21925   176.12826              -106.518     86.221    4096
       1887 15.72500000000   26.44863   176.08696              -106.539     91.380    4096
       1888 15.73333333333   26.67829   176.04558              -106.634     94.397    4096
       1889 15.74166666667   26.90823   176.00410              -106.703     94.540    4096
       1890 15.75000000000   27.13844   175.96252              -106.716  -2342.557    4096
       1891 15.75833333333   27.36894   175.92084              -106.880     91.646    4096
       1892 15.76666666667   27.59971   175.87904              -106.879     78.303    4096
       1893 15.77500000000   27.83076   175.83713              -106.856     91.942    4096
       1894 15.78333333333   28.06207   175.79509              -106.952     90.980    4096
       1895 15.79166666667   28.29366   175.75292              -106.946     81.453    4096
       1896 15.80000000000   28.52552   175.71061              -107.060     87.706    4096
       1897 15.80833333333   28.75765   175.66815              -107.109  -2340.102    4096
       1898 15.81666666667   28.99004   175.62555              -107.097     80.082    4096
       1899 15.82500000000   29.22270   175.58279              -107.185     95.587    4096
       1900 15.83333333333   29.45561   175.53986              -107.315     86.621    4096
       1901 15.84166666667   29.68879   175.49677              -107.350     94.245    4096
       1902 15.85000000000   29.92223   175.45349              -107.393     99.527    4096
       1903 15.85833333333   30.15593   175.41003              -107.401     81.976    4096
       1904 15.86666666667   30.38988   175.36638              -107.468     96.957    4096
       1905 15.87500000000   30.62409   175.32253              -107.489    102.125    4096
       1906 15.88333333333   30.85855   175.27847              -107.627     85.517    4096
       1907 15.89166666667   31.09325   175.23420              -107.561     98.899    4096
       1908 15.90000000000   31.32821   175.18970              -107.752     87.563    4096
       1909 15.90833333333   31.56342   175.14498              -107.642     91.942    4096
       1910 15.91666666667   31.79886   175.10001              -107.799     92.979    4096
       1911 15.92500000000   32.03455   175.05480              -107.736     87.040    4096
       1912 15.93333333333   32.27049   175.00934              -107.850     97.262    4096
       1913 15.94166666667   32.50666   174.96361              -107.862     90.047    4096
       1914 15.95000000000   32.74306   174.91762              -107.959     87.858    4096
       1915 15.95833333333   32.97971   174.87134              -108.011    100.231    4096
       1916 15.96666666667   33.21658   174.82478              -107.996     90.009    4096
       1917 15.97500000000   33.45369   174.77792              -108.102     96.443    4096
       1918 15.98333333333   33.69102   174.73075              -108.069     79.416    4096
       1919 15.99166666667   33.92858   174.68328              -108.125     97.900    4096
       1920 16.00000000000   34.16572   174.63590              -108.193     90.314    4096
       1921 16.00833333333   34.40437   174.58734              -108.314     95.330    4096
       1922 16.01666666667   34.64260   174.53886              -108.404     86.374    4096
       1923 16.02500000000   34.88104   174.49003              -108.434     88.639    4096
       1924 16.03333333333   35.11970   174.44085              -108.442     94.254    4096
       1925 16.04166666667   35.35857   174.39128              -108.566     88.667    4096
       1926 16.05000000000   35.59766   174.34134              -108.606     88.268    4096
       1927 16.05833333333   35.83695   174.29101              -108.619     88.677    4096
       1928 16.06666666667   36.07644   174.24027              -108.675     92.351    4096
       1929 16.07500000000   36.31614   174.18912              -108.730     85.660    4096
       1930 16.08333333333   36.55604   174.13755              -108.719     92.198    4096
       1931 16.09166666667   36.79614   174.08554              -108.769     80.901    4096
       1932 16.10000000000   37.03644   174.03309              -108.770     95.587    4096
       1933 16.10833333333   37.27693   173.98018              -108.770     84.584    4096
       1934 16.11666666667   37.51760   173.92680             18932.121  -2339.578    4096
       1935 16.12500000000   37.75847   173.87294              -108.802     88.220    4096
       1936 16.13333333333   37.99952   173.81859              -108.845     89.857    4096
       1937 16.14166666667   38.24075   173.76374              -108.890     99.270    4096
       1938 16.15000000000   38.48217   173.70837              -108.999     81.681    4096
       1939 16.15833333333   38.72376   173.65247              -109.046     90.828    4096
       1940 16.16666666667   38.96552   173.59603              -109.153     91.085    4096
       1941 16.17500000000   39.20746   173.53903              -109.144     92.351    4096
       1942 16.18333333333   39.44956   173.48146              -109.228     95.891    4096
       1943 16.19166666667   39.69183   173.42331              -109.246     91.389    4096
       1944 16.20000000000   39.93426   173.36457              -109.245     94.254    4096
       1945 16.20833333333   40.17685   173.30522              -109.268      0.000    4128
       1946 16.21666666667   40.41959   173.24524              -109.253     94.397    4096
       1947 16.22500000000   40.66249   173.18463              -109.277     75.733    4096
       1948 16.23333333333   40.90554   173.12336              -109.268     98.042    4096
       1949 16.24166666667   41.14873   173.06142              -109.378     80.082    4096
       1950 16.25000000000   41.39207   172.99880              -109.402     84.318    4096
       1951 16.25833333333   41.63554   172.93548              -109.481     89.191    4096
       1952 16.26666666667   41.87916   172.87144              -109.516  -2350.476    4096
       1953 16.27500000000   42.12290   172.80668              -109.627     93.693    4096
       1954 16.28333333333   42.36677   172.74116              -109.587     87.040    4096
       1955 16.29166666667   42.61077   172.67488              -109.634  -2345.974    4096
       1956 16.30000000000   42.85489   172.60782              -109.616     88.667    4096
       1957 16.30833333333   43.09913   172.53995              -109.655     90.980    4096
       1958 16.31666666667   43.34348   172.47127              -109.736     95.473    4096
       1959 16.32500000000   43.58794   172.40175              -109.682     86.364    4096
       1960 16.33333333333   43.83251   172.33138              -109.779     93.731    4096
       1961 16.34166666667   44.07718   172.26014              -109.761     94.949    4096
       1962 16.35000000000   44.32195   172.18800              -109.813     89.191    4096
       1963 16.35833333333   44.56681   172.11494              -109.840     89.086    4096
       1964 16.36666666667   44.81176   172.04096              -109.868     87.183    4096
       1965 16.37500000000   45.05680   171.96602              -109.852     86.478    4096
       1966 16.38333333333   45.30192   171.89010              -109.888     93.284    4096
       1967 16.39166666667   45.54712   171.81319              -109.979     87.440    4096
       1968 16.40000000000   45.79239   171.73526              -109.967     84.584    4096
       1969 16.40833333333   46.03773   171.65629              -110.022     90.828    4096
       1970 16.41666666667   46.28313   171.57625              -110.025     81.872    4096
       1971 16.42500000000   46.52859   171.49513              -110.073     95.625    4096
       1972 16.43333333333   46.77410   171.41290              -110.124     91.789    4096
       1973 16.44166666667   47.01967   171.32953              -110.175     90.561    4096
       1974 16.45000000000   47.26527   171.24500              -110.246     83.870    4096
       1975 16.45833333333   47.51092   171.15929              -110.265     94.654    4096
       1976 16.46666666667   47.75660   171.07237              -110.301     85.917    4096
       1977 16.47500000000   48.00231   170.98420              -110.344     90.419    4096
       1978 16.48333333333   48.24804   170.89478              -110.388     92.874    4096
       1979 16.49166666667   48.49379   170.80406              -110.373     93.988    4096
       1980 16.50000000000   48.73955   170.71202              -110.418     89.895    4096
       1981 16.50833333333   48.98532   170.61863              -110.444     90.152    4096
       1982 16.51666666667   49.23109   170.52386              -110.484     89.334    4096
       1983 16.52500000000   49.47685   170.42768              -110.513  -2348.163    4096
       1984 16.53333333333   49.72261   170.33006              -110.515     86.478    4096
       1985 16.54166666667   49.96834   170.23097              -110.530     85.546    4096
       1986 16.55000000000   50.21405   170.13037              -110.571     87.554    4096
       1987 16.55833333333   50.45974   170.02824              -110.597     96.558    4096
       1988 16.56666666667   50.70538   169.92454              -110.677     88.972    4096
       1989 16.57500000000   50.95099   169.81923              -110.687     87.592    4096
       1990 16.58333333333   51.19654   169.71228              -110.720     90.980    4096
       1991 16.59166666667   51.44204   169.60366              -110.722     91.389    4096
       1992 16.60000000000   51.68748   169.49332              -110.748     89.486    4096
       1993 16.60833333333   51.93284   169.38123              -110.819     85.803    4096
       1994 16.61666666667   52.17813   169.26735              -110.826     87.449    4096
       1995 16.62500000000   52.42333   169.15163              -110.843     90.162    4096
       1996 16.63333333333   52.66844   169.03405              -110.872     87.440    4096
       1997 16.64166666667   52.91345   168.91456              -110.923  -2347.725    4096
       1998 16.65000000000   53.15835   168.79311              -110.933     88.230    4096
       1999 16.65833333333   53.40313   168.66967              -110.980     89.638    4096
       2000 16.66666666667   53.64779   168.54418              -111.016     87.145    4096
       2001 16.67500000000   53.89232   168.41660              -111.048  -2345.831    4096
       2002 16.68333333333   54.13670   168.28689              -111.088     88.382    4096
       2003 16.69166666667   54.38094   168.15500               -50.716     90.457    4098
       2004 16.70000000000   54.62501   168.02087               -46.050     83.356    4096
       2005 16.70833333333   54.86892   167.88447               -48.404     91.380    4098
       2006 16.71666666667   55.11264   167.74573                 0.000      0.000    5200
       2007 16.72500000000   55.35618   167.60461               -46.183  -2345.565    4096
       2008 16.73333333333   55.59952   167.46104               -41.533     85.403    4098
       2009 16.74166666667   55.84265   167.31498                 0.000      0.000    5232
       2010 16.75000000000   56.08557   167.16637                 0.000      0.000    5200
       2011 16.75833333333   56.32826   167.01516               -48.581     91.380    4096
       2012 16.76666666667   56.57070   166.86127               -43.951     87.706    4098
       2013 16.77500000000   56.81290   166.70465               -44.038     87.145    4096
       2014 16.78333333333   57.05483   166.54524               -44.060     91.799    4096
       2015 16.79166666667   57.29649   166.38298               -41.736     81.310    4096
       2016 16.80000000000   57.53786   166.21779               -48.764     92.760    4098
       2017 16.80833333333   57.77894   166.04962               -41.842     86.773    4096
       2018 16.81666666667   58.01971   165.87839                 0.000      0.000    5200
       2019 16.82500000000   58.26015   165.70403               -41.875     87.963    4096
       2020 16.83333333333   58.50026   165.52647               -44.255     88.934    4096
       2021 16.84166666667   58.74002   165.34564               -46.578     90.723    4098
       2022 16.85000000000   58.97941   165.16146               -39.658     84.023    4096
       2023 16.85833333333   59.21843   164.97384               -42.023     88.372    4096
       2024 16.86666666667   59.45705   164.78272               -42.049     89.077    4098
       2025 16.87500000000   59.69527   164.58801                 0.000      0.000    5200
       2026 16.88333333333   59.93307   164.38963               -42.087     86.888    4096
       2027 16.89166666667   60.17043   164.18749                 0.000      0.000    5200
       2028 16.90000000000   60.40733   163.98149                 0.000      0.000    5200
       2029 16.90833333333   60.64377   163.77156                 0.000      0.000    5200
       2030 16.91666666667   60.87971   163.55760                 0.000      0.000    5232
       2031 16.92500000000   61.11516   163.33951                 0.000      0.000    5200
       2032 16.93333333333   61.35008   163.11720                 0.000      0.000    5200
       2033 16.94166666667   61.58445   162.89056               -42.295     93.169    4096
       2034 16.95000000000   61.81827   162.65950                 0.000      0.000    5200
       2035 16.95833333333   62.05151   162.42391               -44.658     87.297    4096
       2036 16.96666666667   62.28415   162.18368               -40.048     91.085    4096
       2037 16.97500000000   62.51618   161.93870               -42.384     86.374    4098
       2038 16.98333333333   62.74756   161.68886                 0.000      0.000    5200
       2039 16.99166666667   62.97828   161.43404               -44.722     92.198    4096
       2040 17.00000000000   63.20831   161.17413               -37.773     86.221    4098
       2041 17.00833333333   63.43764   160.90900               -40.118     87.002    4096
       2042 17.01666666667   63.66623   160.63853               -42.466     88.924    4096
       2043 17.02500000000   63.89407   160.36260               -42.495     90.266    4096
       2044 17.03333333333   64.12113   160.08107                 0.000      0.000    5232
       2045 17.04166666667   64.34739   159.79381                 0.000      0.000    5200
       2046 17.05000000000   64.57281   159.50068               -44.881     91.380    4096
       2047 17.05833333333   64.79737   159.20155                 0.000      0.000    5200
       2048 17.06666666667   65.02105   158.89627               -37.931     84.470    4096
       2049 17.07500000000   65.24381   158.58470               -44.940     90.009    4098
       2050 17.08333333333   65.46563   158.26669                 0.000      0.000    5200
       2051 17.09166666667   65.68647   157.94208                 0.000      0.000    5200
       2052 17.10000000000   65.90630   157.61073                 0.000      0.000    5200
       2053 17.10833333333   66.12509   157.27247                 0.000      0.000    5200
       2054 17.11666666667   66.34281   156.92715               -42.700     89.752    4096
       2055 17.12500000000   66.55942   156.57460                 0.000      0.000    5200
       2056 17.13333333333   66.77489   156.21465                 0.000      0.000    5200
       2057 17.14166666667   66.98918   155.84713                 0.000      0.000    5200
       2058 17.15000000000   67.20225   155.47187                 0.000      0.000    5200
       2059 17.15833333333   67.41407   155.08870               -38.143     86.364    4096
       2060 17.16666666667   67.62460   154.69743                 0.000      0.000    5200
       2061 17.17500000000   67.83379   154.29788                 0.000      0.000    5200
       2062 17.18333333333   68.04160   153.88987                 0.000      0.000    5200
       2063 17.19166666667   68.24800   153.47321                 0.000      0.000    5200
       2064 17.20000000000   68.45293   153.04772                 0.000      0.000    5232
       2065 17.20833333333   68.65634   152.61320               -40.596     86.621    4096
       2066 17.21666666667   68.85820   152.16945                 0.000      0.000    5232
       2067 17.22500000000   69.05846   151.71629                 0.000      0.000    5200
       2068 17.23333333333   69.25706   151.25352               -40.695     84.737    4096
       2069 17.24166666667   69.45395   150.78095               -40.688     88.372    4096
       2070 17.25000000000   69.64908   150.29837                 0.000      0.000    5200
       2071 17.25833333333   69.84240   149.80558                 0.000      0.000    5200
       2072 17.26666666667   70.03384   149.30240               -38.393     84.432    4096
       2073 17.27500000000   70.22336   148.78862                 0.000      0.000    5200
       2074 17.28333333333   70.41090   148.26406               -36.171     86.888    4096
       2075 17.29166666667   70.59639   147.72850               -40.809     89.191    4096
       2076 17.30000000000   70.77977   147.18177                 0.000      0.000    5200
       2077 17.30833333333   70.96099   146.62367               -40.851     89.077    4096
       2078 17.31666666667   71.13997   146.05403                 0.000      0.000    5200
       2079 17.32500000000   71.31664   145.47265               -38.567     83.728    4096
       2080 17.33333333333   71.49095   144.87937                 0.000      0.000    5200
       2081 17.34166666667   71.66282   144.27401                 0.000      0.000    5200
       2082 17.35000000000   71.83218   143.65641               -40.943     85.508    4096
       2083 17.35833333333   71.99896   143.02642                 0.000      0.000    5200
       2084 17.36666666667   72.16308   142.38390                 0.000      0.000    5200
       2085 17.37500000000   72.32447   141.72870                 0.000      0.000    5200
       2086 17.38333333333   72.48305   141.06071                 0.000      0.000    5200
       2087 17.39166666667   72.63875   140.37981                 0.000      0.000    5200
       2088 17.40000000000   72.79148   139.68591               -38.711     85.403    4096
       2089 17.40833333333   72.94116   138.97893                 0.000      0.000    5200
       2090 17.41666666667   73.08772   138.25879                 0.000      0.000    5200
       2091 17.42500000000   73.23107   137.52546               -38.756     85.803    4096
       2092 17.43333333333   73.37113   136.77889                 0.000      0.000    5200
       2093 17.44166666667   73.50781   136.01910                 0.000      0.000    5200
       2094 17.45000000000   73.64103   135.24608                 0.000      0.000    5200
       2095 17.45833333333   73.77071   134.45988               -36.489     86.773    4096
       2096 17.46666666667   73.89675   133.66056                 0.000      0.000    5200
       2097 17.47500000000   74.01908   132.84821                 0.000      0.000    5200
       2098 17.48333333333   74.13761   132.02295                 0.000      0.000    5200
       2099 17.49166666667   74.25225   131.18493                 0.000      0.000    5200
       2100 17.50000000000   74.36291   130.33431                 0.000      0.000    5200
       2101 17.50833333333   74.46953   129.47131                 0.000      0.000    5200
       2102 17.51666666667   74.57201   128.59617                 0.000      0.000    5200
       2103 17.52500000000   74.67027   127.70916               -36.499     89.457    4096
       2104 17.53333333333   74.76423   126.81059                 0.000      0.000    5200
       2105 17.54166666667   74.85381   125.90080               -36.524     83.052    4096
       2106 17.55000000000   74.93895   124.98017               -36.539     86.888    4096
       2107 17.55833333333   75.01956   124.04911                 0.000      0.000    5200
       2108 17.56666666667   75.09557   123.10807                 0.000      0.000    5200
       2109 17.57500000000   75.16692   122.15753               -38.898     86.888    4096
       2110 17.58333333333   75.23354   121.19800               -36.551     84.432    4096
       2111 17.59166666667   75.29538   120.23004               -36.549     87.973    4096
       2112 17.60000000000   75.35236   119.25422                 0.000      0.000    5200
       2113 17.60833333333   75.40445   118.27115                 0.000      0.000    5200
       2114 17.61666666667   75.45159   117.28148                 0.000      0.000    5200
       2115 17.62500000000   75.49374   116.28587                 0.000      0.000    5232
       2116 17.63333333333   75.53085   115.28501                 0.000      0.000    5200
       2117 17.64166666667   75.56290   114.27962               -36.605     86.326    4096
       2118 17.65000000000   75.58985   113.27044                 0.000      0.000    5200
       2119 17.65833333333   75.61168   112.25821                 0.000      0.000    5200
       2120 17.66666666667   75.62838   111.24370                 0.000      0.000    5200
       2121 17.67500000000   75.63992   110.22768               -36.603     87.411    4096
       2122 17.68333333333   75.64631   109.21095                 0.000      0.000    5200
       2123 17.69166666667   75.64754   108.19428                 0.000      0.000    5232
       2124 17.70000000000   75.64361   107.17846                 0.000      0.000    5200
       2125 17.70833333333   75.63454   106.16429                 0.000      0.000    5200
       2126 17.71666666667   75.62035   105.15253                 0.000      0.000    5232
       2127 17.72500000000   75.60104   104.14397               -34.265     85.251    4096
       2128 17.73333333333   75.57665   103.13935                 0.000      0.000    5200
       2129 17.74166666667   75.54722   102.13942                 0.000      0.000    5200
       2130 17.75000000000   75.51277   101.14490                 0.000      0.000    5200
       2131 17.75833333333   75.47336   100.15650                 0.000      0.000    5200
       2132 17.76666666667   75.42902    99.17488                 0.000      0.000    5200
       2133 17.77500000000   75.37982    98.20071                 0.000      0.000    5200
       2134 17.78333333333   75.32580    97.23460               -39.027     86.735    4096
       2135 17.79166666667   75.26703    96.27715                 0.000      0.000    5232
       2136 17.80000000000   75.20357    95.32892                 0.000      0.000    5232
       2137 17.80833333333   75.13549    94.39044                 0.000      0.000    5200
       2138 17.81666666667   75.06287    93.46220                 0.000      0.000    5200
       2139 17.82500000000   74.98576    92.54467                 0.000      0.000    5232
       2140 17.83333333333   74.90426    91.63826                 0.000      0.000    5200
       2141 17.84166666667   74.81844    90.74338               -39.133     87.040    4096
       2142 17.85000000000   74.72837    89.86038                 0.000      0.000    5200
       2143 17.85833333333   74.63416    88.98958               -36.853     88.820    4096
       2144 17.86666666667   74.53587    88.13126                 0.000      0.000    5200
       2145 17.87500000000   74.43359    87.28568               -36.879     84.442    4096
       2146 17.88333333333   74.32741    86.45306                 0.000      0.000    5200
       2147 17.89166666667   74.21743    85.63360                 0.000      0.000    5200
       2148 17.90000000000   74.10371    84.82744                 0.000      0.000    5232
       2149 17.90833333333   73.98637    84.03472                 0.000      0.000    5200
       2150 17.91666666667   73.86547    83.25554                 0.000      0.000    5200
       2151 17.92500000000   73.74111    82.48997                 0.000      0.000    5200
       2152 17.93333333333   73.61339    81.73805                 0.000      0.000    5200
       2153 17.94166666667   73.48237    80.99983               -39.384     89.857    4096
       2154 17.95000000000   73.34816    80.27528                 0.000      0.000    5200
       2155 17.95833333333   73.21084    79.56440                 0.000      0.000    5200
       2156 17.96666666667   73.07049    78.86714                 0.000      0.000    5200
       2157 17.97500000000   72.92720    78.18345                 0.000      0.000    5200
       2158 17.98333333333   72.78105    77.51325                 0.000      0.000    5200
       2159 17.99166666667   72.63212    76.85645                 0.000      0.000    5200
       2160 18.00000000000   72.48146    76.21466                 0.000      0.000    5200
       2161 18.00833333333   72.32624    75.58260               -32.632     83.204    4096
       2162 18.01666666667   72.16944    74.96531                 0.000      0.000    5200
       2163 18.02500000000   72.01019    74.36093                 0.000      0.000    5200
       2164 18.03333333333   71.84854    73.76929                 0.000      0.000    5232
       2165 18.04166666667   71.68457    73.19025                 0.000      0.000    5200
       2166 18.05000000000   71.51835    72.62364                 0.000      0.000    5232
       2167 18.05833333333   71.34996    72.06928                 0.000      0.000    5200
       2168 18.06666666667   71.17945    71.52699                 0.000      0.000    5200
       2169 18.07500000000   71.00690    70.99660                 0.000      0.000    5232
       2170 18.08333333333   70.83237    70.47792                 0.000      0.000    5200
       2171 18.09166666667   70.65593    69.97075                 0.000      0.000    5200
       2172 18.10000000000   70.47763    69.47490                 0.000      0.000    5200
       2173 18.10833333333   70.29754    68.99018                 0.000      0.000    5200
       2174 18.11666666667   70.11571    68.51640                 0.000      0.000    5200
       2175 18.12500000000   69.93220    68.05334                 0.000      0.000    5232
       2176 18.13333333333   69.74707    67.60083                 0.000      0.000    5200
       2177 18.14166666667   69.56036    67.15865               -30.640     87.440    4096
       2178 18.15000000000   69.37214    66.72662               -35.288     85.251    4098
       2179 18.15833333333   69.18245    66.30453               -35.288     85.926    4098
       2180 18.16666666667   68.99135    65.89220                 0.000      0.000    5200
       2181 18.17500000000   68.79887    65.48942                 0.000      0.000    5232
       2182 18.18333333333   68.60507    65.09601               -33.000     86.621    4096
       2183 18.19166666667   68.40999    64.71178                 0.000      0.000    5200
       2184 18.20000000000   68.21367    64.33654                 0.000      0.000    5200
       2185 18.20833333333   68.01616    63.97011               -35.320     85.917    4096
       2186 18.21666666667   67.81750    63.61230                 0.000      0.000    5200
       2187 18.22500000000   67.61773    63.26293               -33.011     84.470    4096
       2188 18.23333333333   67.41689    62.92183                 0.000      0.000    5200
       2189 18.24166666667   67.21501    62.58882               -35.329     86.878    4096
       2190 18.25000000000   67.01213    62.26373                 0.000      0.000    5200
       2191 18.25833333333   66.80829    61.94639               -30.663     83.061    4096
       2192 18.26666666667   66.60353    61.63664                 0.000      0.000    5200
       2193 18.27500000000   66.39786    61.33431               -35.329     85.964    4096
       2194 18.28333333333   66.19134    61.03925                 0.000      0.000    5232
       2195 18.29166666667   65.98398    60.75129                 0.000      0.000    5200
       2196 18.30000000000   65.77583    60.47030                 0.000      0.000    5200
       2197 18.30833333333   65.56690    60.19611               -33.011     85.403    4096
       2198 18.31666666667   65.35723    59.92858               -30.677     84.470    4096
       2199 18.32500000000   65.14685    59.66757                 0.000      0.000    5200
       2200 18.33333333333   64.93578    59.41294                 0.000      0.000    5200
       2201 18.34166666667   64.72404    59.16454                 0.000      0.000    5200
       2202 18.35000000000   64.51168    58.92226                 0.000      0.000    5200
       2203 18.35833333333   64.29870    58.68594                 0.000      0.000    5200
       2204 18.36666666667   64.08513    58.45548               -35.320     85.660    4096
       2205 18.37500000000   63.87100    58.23074                 0.000      0.000    5200
       2206 18.38333333333   63.65633    58.01160                 0.000      0.000    5200
       2207 18.39166666667   63.44114    57.79794                 0.000      0.000    5200
       2208 18.40000000000   63.22545    57.58964               -33.007     85.546    4096
       2209 18.40833333333   63.00929    57.38659                 0.000      0.000    5200
       2210 18.41666666667   62.79266    57.18869                 0.000      0.000    5232
       2211 18.42500000000   62.57560    56.99581               -37.651     87.449    4096
       2212 18.43333333333   62.35812    56.80786                 0.000      0.000    5200
       2213 18.44166666667   62.14024    56.62473                 0.000      0.000    5200
       2214 18.45000000000   61.92198    56.44633               -33.011     85.108    4096
       2215 18.45833333333   61.70335    56.27255               -35.333     89.334    4096
       2216 18.46666666667   61.48437    56.10329               -33.006     85.917    4096
       2217 18.47500000000   61.26506    55.93847               -30.705     84.327    4096
       2218 18.48333333333   61.04543    55.77800                 0.000      0.000    5232
       2219 18.49166666667   60.82550    55.62178                 0.000      0.000    5232
       2220 18.50000000000   60.60529    55.46972                 0.000      0.000    5232
       2221 18.50833333333   60.38481    55.32175               -33.040     84.175    4096
       2222 18.51666666667   60.16407    55.17778                 0.000      0.000    5200
       2223 18.52500000000   59.94308    55.03773               -35.369     88.372    4096
       2224 18.53333333333   59.72187    54.90152               -30.724     85.660    4096
       2225 18.54166666667   59.50044    54.76907                 0.000      0.000    5200
       2226 18.55000000000   59.27880    54.64032                 0.000      0.000    5232
       2227 18.55833333333   59.05697    54.51518                 0.000      0.000    5200
       2228 18.56666666667   58.83497    54.39358               -33.029     88.410    4096
       2229 18.57500000000   58.61279    54.27547                 0.000      0.000    5200
       2230 18.58333333333   58.39046    54.16076                 0.000      0.000    5232
       2231 18.59166666667   58.16799    54.04940               -33.032     88.924    4096
       2232 18.60000000000   57.94538    53.94131                 0.000      0.000    5200
       2233 18.60833333333   57.72264    53.83644               -32.992     83.613    4096
       2234 18.61666666667   57.49979    53.73473                 0.000      0.000    5232
       2235 18.62500000000   57.27684    53.63611                 0.000      0.000    5200
       2236 18.63333333333   57.05379    53.54053               -35.318     88.782    4096
       2237 18.64166666667   56.83066    53.44792                 0.000      0.000    5200
       2238 18.65000000000   56.60746    53.35825               -35.332     85.660    4096
       2239 18.65833333333   56.38418    53.27144                 0.000      0.000    5200
       2240 18.66666666667   56.16085    53.18744               -33.008     85.774    4096
       2241 18.67500000000   55.93747    53.10622                 0.000      0.000    5200
       2242 18.68333333333   55.71405    53.02770                 0.000      0.000    5200
       2243 18.69166666667   55.49060    52.95186                 0.000      0.000    5232
       2244 18.70000000000   55.26712    52.87863               -32.942     84.879    4096
       2245 18.70833333333   55.04363    52.80797                 0.000      0.000    5200
       2246 18.71666666667   54.82012    52.73984                 0.000      0.000    5200
       2247 18.72500000000   54.59661    52.67418                 0.000      0.000    5200
       2248 18.73333333333   54.37311    52.61097               -32.907     82.947    4096
       2249 18.74166666667   54.14962    52.55015               -30.596     81.424    4096
       2250 18.75000000000   53.92615    52.49168               -35.225     86.745    4096
       2251 18.75833333333   53.70270    52.43552               -37.504     88.115    4098
       2252 18.76666666667   53.47929    52.38163               -32.860     87.145    4096
       2253 18.77500000000   53.25591    52.32998               -30.541     84.175    4096
       2254 18.78333333333   53.03258    52.28052               -30.528     84.023    4098
       2255 18.79166666667   52.80929    52.23322               -32.846     85.098    4096
       2256 18.80000000000   52.58606    52.18804               -37.470     88.677    4098
       2257 18.80833333333   52.36290    52.14495                 0.000      0.000    5232
       2258 18.81666666667   52.13980    52.10391               -30.454     80.606    4096
       2259 18.82500000000   51.91677    52.06489                 0.000      0.000    5200
       2260 18.83333333333   51.69383    52.02785               -32.784     84.327    4096
       2261 18.84166666667   51.47096    51.99277               -35.116     86.478    4096
       2262 18.85000000000   51.24818    51.95960               -37.398     88.410    4098
       2263 18.85833333333   51.02550    51.92833               -32.709     85.774    4098
       2264 18.86666666667   50.80291    51.89892               -32.726     84.175    4096
       2265 18.87500000000   50.58043    51.87134                 0.000      0.000    5200
       2266 18.88333333333   50.35806    51.84556               -37.369     86.621    4096
       2267 18.89166666667   50.13579    51.82155               -32.662     86.069    4096
       2268 18.90000000000   49.91364    51.79929               -32.622     81.719    4098
       2269 18.90833333333   49.69162    51.77875               -32.665     81.862    4096
       2270 18.91666666667   49.46971    51.75990               -32.677     87.411    4096
       2271 18.92500000000   49.24794    51.74272                 0.000      0.000    5200
       2272 18.93333333333   49.02630    51.72717               -34.906     83.061    4096
       2273 18.94166666667   48.80479    51.71325               -30.276     82.129    4096
       2274 18.95000000000   48.58343    51.70092               -32.583     81.158    4096
       2275 18.95833333333   48.36221    51.69015               -32.615     88.525    4096
       2276 18.96666666667   48.14113    51.68093               -32.548     87.440    4096
       2277 18.97500000000   47.92021    51.67323               -37.157     85.508    4098
       2278 18.98333333333   47.69945    51.66704               -37.141     87.963    4098
       2279 18.99166666667   47.47884    51.66232               -37.112     86.478    4096
       2280 19.00000000000   47.25839    51.65906               -37.076     83.461    4096
       2281 19.00833333333   47.03811    51.65723               -37.072     81.044    4096
       2282 19.01666666667   46.81799    51.65682               -37.084     85.508    4096
       2283 19.02500000000   46.59805    51.65780               -37.067     88.106    4096
       2284 19.03333333333   46.37828    51.66017               -36.998     88.268    4096
       2285 19.04166666667   46.15868    51.66388               -36.960     82.947    4096
       2286 19.05000000000   45.93927    51.66894               -36.965     78.712    4096
       2287 19.05833333333   45.72004    51.67531               -37.009     83.870    4096
       2288 19.06666666667   45.50099    51.68299               -36.987     91.237    4096
       2289 19.07500000000   45.28213    51.69195               -36.917     91.237    4096
       2290 19.08333333333   45.06346    51.70217               -36.882     87.297    4096
       2291 19.09166666667   44.84499    51.71365               -36.875     81.310    4096
       2292 19.10000000000   44.62671    51.72635               -36.894     84.841    4096
       2293 19.10833333333   44.40863    51.74027               -36.914     87.849    4096
       2294 19.11666666667   44.19075    51.75540               -36.874     89.752    4096
       2295 19.12500000000   43.97307    51.77170               -36.828     82.947    4096
       2296 19.13333333333   43.75560    51.78918               -36.830     86.107    4096
       2297 19.14166666667   43.53833    51.80780               -36.797     85.917    4096
       2298 19.15000000000   43.32127    51.82757               -36.788     85.508    4096
       2299 19.15833333333   43.10443    51.84846               -36.751     82.386    4096
       2300 19.16666666667   42.88779    51.87046               -36.736     86.735    4096
       2301 19.17500000000   42.67138    51.89355               -36.752     88.667    4096
       2302 19.18333333333   42.45518    51.91773               -36.702     91.237    4096
       2303 19.19166666667   42.23920    51.94297               -36.672     88.782    4096
       2304 19.20000000000   42.02344    51.96927               -36.648     81.015    4096
       2305 19.20833333333   41.80790    51.99661               -36.674     82.795    4096
       2306 19.21666666667   41.59259    52.02498               -36.694     88.001    4096
       2307 19.22500000000   41.37751    52.05437               -36.651     89.343    4096
       2308 19.23333333333   41.16265    52.08476               -36.617     90.419    4096
       2309 19.24166666667   40.94802    52.11615               -36.570     84.023    4096
       2310 19.25000000000   40.73363    52.14851               -36.570     84.175    4096
       2311 19.25833333333   40.51946    52.18184               -36.555     83.090    4096
       2312 19.26666666667   40.30554    52.21613               -36.520     83.061    4096
       2313 19.27500000000   40.09184    52.25137               -36.523     86.735    4096
       2314 19.28333333333   39.87839    52.28754               -36.504     89.752    4096
       2315 19.29166666667   39.66517    52.32464               -36.446     87.297    4096
       2316 19.30000000000   39.45220    52.36265               -36.435     87.554    4096
       2317 19.30833333333   39.23946    52.40156               -36.396     84.879    4096
       2318 19.31666666667   39.02697    52.44136               -36.406     84.727    4096
       2319 19.32500000000   38.81473    52.48205               -36.363     87.002    4096
       2320 19.33333333333   38.60273    52.52361               -36.354     85.508    4096
       2321 19.34166666667   38.39097    52.56603               -36.337     86.773    4096
       2322 19.35000000000   38.17946    52.60931               -36.320     86.069    4096
       2323 19.35833333333   37.96821    52.65343               -36.282     86.593    4096
       2324 19.36666666667   37.75720    52.69839               -36.281     86.069    4096
       2325 19.37500000000   37.54644    52.74417               -36.230     84.165    4096
       2326 19.38333333333   37.33594    52.79076               -36.240     87.563    4096
       2327 19.39166666667   37.12568    52.83817               -36.207     85.955    4096
       2328 19.40000000000   36.91569    52.88637               -36.168     81.415    4096
       2329 19.40833333333   36.70594    52.93537               -36.165     86.326    4096
       2330 19.41666666667   36.49646    52.98515               -36.105     86.069    4096
       2331 19.42500000000   36.28723    53.03570             19004.878  -2350.999    4096
       2332 19.43333333333   36.07826    53.08701               -36.039     83.471    4096
       2333 19.44166666667   35.86954    53.13909               -36.052     86.183    4096
       2334 19.45000000000   35.66109    53.19191               -36.081     87.297    4096
       2335 19.45833333333   35.45289    53.24548               -36.024     86.336    4096
       2336 19.46666666667   35.24496    53.29978               -35.983     88.782    4096
       2337 19.47500000000   35.03729    53.35482               -35.968     89.191    4096
       2338 19.48333333333   34.82988    53.41057               -35.954     86.326    4096
       2339 19.49166666667   34.62274    53.46703               -35.928     86.593    4096
       2340 19.50000000000   34.41586    53.52420               -35.934     85.098    4096
       2341 19.50833333333   34.20924    53.58206               -35.921     87.449    4096
       2342 19.51666666667   34.00289    53.64062               -35.873     87.297    4096
       2343 19.52500000000   33.79680    53.69987               -35.818     88.258    4096
       2344 19.53333333333   33.59098    53.75979               -35.785     85.660    4096
       2345 19.54166666667   33.38543    53.82038               -35.815     81.976    4096
       2346 19.55000000000   33.18014    53.88164               -35.800     90.571    4096
       2347 19.55833333333   32.97513    53.94356               -35.769     90.419    4096
       2348 19.56666666667   32.77038    54.00613               -35.633     85.926    4096
       2349 19.57500000000   32.56590    54.06935               -35.655     84.023    4096
       2350 19.58333333333   32.36169    54.13321               -35.647     83.870    4096
       2351 19.59166666667   32.15775    54.19770               -35.644     87.030    4096
       2352 19.60000000000   31.95407    54.26282               -35.632     85.403    4096
       2353 19.60833333333   31.75067    54.32856               -35.615     86.221    4096
       2354 19.61666666667   31.54755    54.39492               -35.557     87.592    4096
       2355 19.62500000000   31.34469    54.46189               -35.557     87.858    4096
       2356 19.63333333333   31.14210    54.52947               -35.495     92.056    4096
       2357 19.64166666667   30.93979    54.59764               -35.427     88.525    4096
       2358 19.65000000000   30.73775    54.66641               -35.421     85.136    4096
       2359 19.65833333333   30.53598    54.73577               -35.449     83.880    4096
       2360 19.66666666667   30.33448    54.80572               -35.409     86.888    4096
       2361 19.67500000000   30.13326    54.87624               -35.376     90.828    4096
       2362 19.68333333333   29.93231    54.94734               -35.293     88.667    4096
       2363 19.69166666667   29.73163    55.01900               -35.285     89.191    4096
       2364 19.70000000000   29.53123    55.09123               -35.257     88.639    4096
       2365 19.70833333333   29.33110    55.16402               -35.179     88.820    4096
       2366 19.71666666667   29.13125    55.23736               -35.175     92.455    4096
       2367 19.72500000000   28.93167    55.31125               -35.150     88.372    4096
       2368 19.73333333333   28.73236    55.38568               -35.114     85.251    4096
       2369 19.74166666667   28.53333    55.46066               -35.101     83.214    4096
       2370 19.75000000000   28.33457    55.53617               -35.088     84.689    4096
       2371 19.75833333333   28.13609    55.61221               -35.083     86.478    4096
       2372 19.76666666667   27.93789    55.68878               -35.056     88.553    4096
       2373 19.77500000000   27.73996    55.76586               -34.948     88.667    4096
       2374 19.78333333333   27.54230    55.84347               -34.931     88.372    4096
       2375 19.79166666667   27.34492    55.92159               -34.854     86.183    4096
       2376 19.80000000000   27.14781    56.00022               -34.864     85.660    4096
       2377 19.80833333333   26.95098    56.07935               -34.797     87.849    4096
       2378 19.81666666667   26.75443    56.15898               -34.826     84.280    4096
       2379 19.82500000000   26.55815    56.23911               -34.761     89.895    4096
       2380 19.83333333333   26.36214    56.31973               -34.748     87.440    4096
       2381 19.84166666667   26.16641    56.40084               -34.648     88.563    4096
       2382 19.85000000000   25.97095    56.48244               -34.670     94.102    4096
       2383 19.85833333333   25.77577    56.56451               -34.601     87.449    4096
       2384 19.86666666667   25.58087    56.64707               -34.574     93.683    4096
       2385 19.87500000000   25.38624    56.73009               -34.550     86.888    4096
       2386 19.88333333333   25.19188    56.81359               -34.555     86.773    4096
       2387 19.89166666667   24.99780    56.89755               -34.546     87.449    4096
       2388 19.90000000000   24.80399    56.98197               -34.494     86.069    4096
       2389 19.90833333333   24.61046    57.06685               -34.471     91.389    4096
       2390 19.91666666667   24.41720    57.15219               -34.459     92.198    4096
       2391 19.92500000000   24.22422    57.23798               -34.482     85.803    4096
       2392 19.93333333333   24.03151    57.32421               -34.336     89.495    4096
       2393 19.94166666667   23.83908    57.41089               -34.400     89.486    4096
       2394 19.95000000000   23.64691    57.49801               -34.345     88.629    4096
       2395 19.95833333333   23.45502    57.58557               -34.340     87.297    4096
       2396 19.96666666667   23.26341    57.67356               -34.330     90.828    4096
       2397 19.97500000000   23.07207    57.76199               -34.315     87.411    4096
       2398 19.98333333333   22.88100    57.85084               -34.311     87.449    4096
       2399 19.99166666667   22.69020    57.94012               -34.299     90.419    4096
       2400 20.00000000000   22.50047    58.02942               -34.305     81.415    4096
       2401 20.00833333333   22.30942    58.11993               -34.327     83.204    4096
       2402 20.01666666667   22.11944    58.21047               -34.320     89.743    4096
       2403 20.02500000000   21.92973    58.30141               -34.256     89.343    4096
       2404 20.03333333333   21.74030    58.39276               -34.212     86.478    4096
       2405 20.04166666667   21.55113    58.48452               -34.148     87.297    4096
       2406 20.05000000000   21.36223    58.57669               -34.102     85.660    4096
       2407 20.05833333333   21.17361    58.66925               -34.108     84.994    4096
       2408 20.06666666667   20.98525    58.76221               -34.074     86.069    4096
       2409 20.07500000000   20.79717    58.85557               -34.120     83.499    4096
       2410 20.08333333333   20.60935    58.94931               -34.095     89.343    4096
       2411 20.09166666667   20.42181    59.04345               -34.157     77.475    4096
       2412 20.10000000000   20.23453    59.13797               -34.127     76.704    4096
       2413 20.10833333333   20.04752    59.23288               -34.115     74.771    4096
       2414 20.11666666667   19.86078    59.32816               -34.128     86.735    4096
       2415 20.12500000000   19.67431    59.42383               -34.106     84.584    4096
       2416 20.13333333333   19.48810    59.51987               -34.145     85.812    4096
       2417 20.14166666667   19.30216    59.61628               -34.087     90.152    4096
       2418 20.15000000000   19.11649    59.71306               -34.045     86.326    4096
       2419 20.15833333333   18.93109    59.81021               -34.062     89.077    4096
       2420 20.16666666667   18.74595    59.90773               -34.048     85.136    4096
       2421 20.17500000000   18.56107    60.00560               -33.952     86.069    4096
       2422 20.18333333333   18.37646    60.10384               -33.912     90.866    4096
       2423 20.19166666667   18.19212    60.20243               -33.884     87.554    4096
       2424 20.20000000000   18.00804    60.30138               -33.872     90.314    4096
       2425 20.20833333333   17.82422    60.40068               -33.882     85.403    4096
       2426 20.21666666667   17.64067    60.50033               -33.874     83.471    4096
       2427 20.22500000000   17.45738    60.60033               -33.931     95.330    4096
       2428 20.23333333333   17.27435    60.70068               -33.882     88.677    4096
       2429 20.24166666667   17.09159    60.80136               -33.889     99.261    4096
       2430 20.25000000000   16.90909    60.90239               -33.866     88.144    4096
       2431 20.25833333333   16.72684    61.00376               -33.791     82.243    4096
       2432 20.26666666667   16.54486    61.10546               -33.785     86.888    4096
       2433 20.27500000000   16.36314    61.20749               -33.818     85.508    4096
       2434 20.28333333333   16.18168    61.30986               -33.830     91.903    4096
       2435 20.29166666667   16.00048    61.41255               -33.810     90.419    4096
       2436 20.30000000000   15.81953    61.51557               -33.888     77.218    4096
       2437 20.30833333333   15.63885    61.61892               -33.840     81.272    4096
       2438 20.31666666667   15.45842    61.72259               -33.913     85.698    4096
       2439 20.32500000000   15.27825    61.82658               -33.913     90.419    4096
       2440 20.33333333333   15.09834    61.93088               -33.741     93.988    4096
       2441 20.34166666667   14.91868    62.03551               -33.610     87.563    4096
       2442 20.35000000000   14.73928    62.14045               -33.648     92.056    4096
       2443 20.35833333333   14.56013    62.24569               -33.480     90.714    4096
       2444 20.36666666667   14.38124    62.35125               -33.337     92.313    4096
       2445 20.37500000000   14.20260    62.45712               -33.386     90.828    4096
       2446 20.38333333333   14.02421    62.56329               -33.294     92.198    4096
       2447 20.39166666667   13.84608    62.66977               -33.263     89.743    4096
       2448 20.40000000000   13.66820    62.77655               -33.214     90.162    4096
       2449 20.40833333333   13.49057    62.88362               -33.219     89.895    4096
       2450 20.41666666667   13.31320    62.99100               -33.173     88.115    4096
       2451 20.42500000000   13.13607    63.09867               -33.172     88.115    4096
       2452 20.43333333333   12.95920    63.20663               -33.113     91.085    4096
       2453 20.44166666667   12.78257    63.31489               -33.087     87.697    4096
       2454 20.45000000000   12.60619    63.42343               -33.058     88.629    4096
       2455 20.45833333333   12.43006    63.53227               -33.061     89.867    4096
       2456 20.46666666667   12.25418    63.64139               -32.978     87.402    4096
       2457 20.47500000000   12.07855    63.75079               -32.925     89.905    4096
       2458 20.48333333333   11.90316    63.86048               -32.866     91.646    4096
       2459 20.49166666667   11.72802    63.97044               -32.847     89.343    4096
       2460 20.50000000000   11.55312    64.08069               -32.770     91.389    4096
       2461 20.50833333333   11.37847    64.19121               -32.755     86.745    4096
       2462 20.51666666667   11.20407    64.30201               -32.658     93.988    4096
       2463 20.52500000000   11.02990    64.41308            -19073.479     89.343    4096
       2464 20.53333333333   10.85598    64.52442               -32.570  -2346.241    4096
       2465 20.54166666667   10.68230    64.63603               -32.478     88.782    4096
       2466 20.55000000000   10.50887    64.74791               -32.384     89.600    4096
       2467 20.55833333333   10.33567    64.86006               -32.315     94.664    4096
       2468 20.56666666667   10.16271    64.97246               -32.275     93.579    4096
       2469 20.57500000000    9.99000    65.08514               -32.197     83.756    4096
       2470 20.58333333333    9.81752    65.19807               -32.177     83.052    4096
       2471 20.59166666667    9.64528    65.31126               -32.168     86.107    4096
       2472 20.60000000000    9.47328    65.42471               -32.070     81.872    4096
       2473 20.60833333333    9.30152    65.53841               -31.975     96.700    4096
       2474 20.61666666667    9.12999    65.65237               -32.053     79.673    4096
       2475 20.62500000000    8.95870    65.76658               -31.866    100.641    4096
       2476 20.63333333333    8.78764    65.88104               -31.875     90.162    4096
       2477 20.64166666667    8.61682    65.99575               -31.768     89.048    4096
       2478 20.65000000000    8.44623    66.11071               -31.885     94.921    4096
       2479 20.65833333333    8.27588    66.22592               -31.850     84.023    4096
       2480 20.66666666667    8.10576    66.34136               -31.783     88.230    4096
       2481 20.67500000000    7.93587    66.45705               -31.710     92.760    4096
       2482 20.68333333333    7.76621    66.57298               -31.663  -2356.720    4096
       2483 20.69166666667    7.59678    66.68916               -31.644     93.027    4096
       2484 20.70000000000    7.42758    66.80556               -31.632     69.975    4096
       2485 20.70833333333    7.25861    66.92221               -31.629     79.264    4096
       2486 20.71666666667    7.08987    67.03909               -31.793  -2356.091    4096
       2487 20.72500000000    6.92135    67.15620               -31.527    101.754    4096
       2488 20.73333333333    6.75306    67.27354               -31.604    110.311    4096
       2489 20.74166666667    6.58500    67.39111               -31.438     76.656    4097
       2491 20.75833333333    6.24956    67.62694               -56.384    105.961    4098
       2492 20.76666666667    6.08217    67.74519              -128.285    106.332    4098
       2494 20.78333333333    5.74807    67.98237               -28.170      0.000    4128
