# Created on 2022-09-13 07:34:40 
# Sources: obs\AAV40321.22O, nav\AAV40321.22N
# Satellite: G29
# Interval: 30.0
# Sampling interval: 0.0 (not used).
# Site: AAV4
# Position (L, B, H): 74.6178382249, 43.0232991769, 585.248198851
# Position (X, Y, Z): 1238908.5437, 4503304.8915, 4329793.7299
# datetime format: %Y-%m-%dT%H:%M:%S
# Columns: tsn, hour, el, az, tec.l1l2, tec.p1p2, validity
# (I11,1X,F14.11,1X,F10.5,1X,F11.5,1X,F21.3,1X,F10.3,1X,I7)
       1777 14.80833333333    2.46839   274.77767              -113.345    122.979    4096
       1778 14.81666666667    2.62214   274.92333              -113.478    105.809    4096
       1779 14.82500000000    2.77601   275.06900              -113.479    112.766    4096
       1780 14.83333333333    2.92999   275.21466              -113.533    104.467    4096
       1781 14.84166666667    3.08409   275.36032              -113.505    104.581    4096
       1782 14.85000000000    3.23830   275.50598              -113.571    107.598    4096
       1783 14.85833333333    3.39264   275.65164              -113.593    107.189    4096
       1784 14.86666666667    3.54709   275.79729              -113.576    108.826    4096
       1785 14.87500000000    3.70166   275.94294              -113.735    102.430    4096
       1786 14.88333333333    3.85636   276.08858              -113.809    106.780    4096
       1787 14.89166666667    4.01118   276.23422              -113.845     95.320    4096
       1788 14.90000000000    4.16612   276.37984              -113.936    123.502    4096
       1789 14.90833333333    4.32118   276.52546              -114.136    112.919    4096
       1790 14.91666666667    4.47637   276.67107              -114.232    110.872    4096
       1791 14.92500000000    4.63169   276.81666              -114.446  -2334.381    4096
       1792 14.93333333333    4.78713   276.96224              -114.548     97.367    4096
       1793 14.94166666667    4.94270   277.10781              -114.538     97.519    4096
       1794 14.95000000000    5.09840   277.25337              -114.665     97.928    4096
       1795 14.95833333333    5.25423   277.39891              -115.014    119.714    4096
       1796 14.96666666667    5.41018   277.54443              -115.192    105.809    4096
       1797 14.97500000000    5.56627   277.68993              -115.427    102.839    4096
       1798 14.98333333333    5.72249   277.83542              -115.630     99.013    4096
       1799 14.99166666667    5.87885   277.98088              -116.031    105.542    4096
       1800 15.00000000000    6.03533   278.12633              -116.238    124.768    4097
       1801 15.00833333333    6.19195   278.27175              -116.207     86.478    4096
       1803 15.02500000000    6.50560   278.56253              -110.106    106.884    4099
       1804 15.03333333333    6.66263   278.70788              -110.356    106.780    4096
       1805 15.04166666667    6.81980   278.85320              -110.647    103.239    4096
       1806 15.05000000000    6.97711   278.99850              -110.785    102.021    4096
       1807 15.05833333333    7.13456   279.14377              -111.101    103.658    4096
       1808 15.06666666667    7.29215   279.28901              -111.180    100.898    4096
       1809 15.07500000000    7.44988   279.43422              -111.671    113.328    4096
       1810 15.08333333333    7.60775   279.57940              -111.840     93.540    4096
       1811 15.09166666667    7.76576   279.72455              -112.126     97.890    4096
       1812 15.10000000000    7.92392   279.86966              -112.409    110.054    4096
       1813 15.10833333333    8.08223   280.01474              -112.540    104.990    4096
       1814 15.11666666667    8.24068   280.15979              -112.848     86.221    4096
       1815 15.12500000000    8.39928   280.30479              -113.051     94.806    4096
       1816 15.13333333333    8.55802   280.44976              -113.358    113.728    4096
       1817 15.14166666667    8.71692   280.59469              -113.427     91.237    4096
       1818 15.15000000000    8.87596   280.73958              -113.851    110.311    4096
       1819 15.15833333333    9.03516   280.88443              -114.133    102.544    4096
       1820 15.16666666667    9.19451   281.02924              -114.399    109.645    4096
       1821 15.17500000000    9.35401   281.17401              -114.605    110.197    4096
       1822 15.18333333333    9.51366   281.31873              -114.775     92.608    4096
       1823 15.19166666667    9.67347   281.46341              -114.957    119.419    4096
       1824 15.20000000000    9.83343   281.60804              -115.087    104.172    4096
       1825 15.20833333333    9.99355   281.75263              -115.284     96.586    4096
       1826 15.21666666667   10.15382   281.89716              -115.581    112.243    4096
       1827 15.22500000000   10.31426   282.04165              -115.713     97.776    4096
       1828 15.23333333333   10.47485   282.18609              -115.845     92.313    4096
       1829 15.24166666667   10.63560   282.33048              -116.076    102.830    4096
       1830 15.25000000000   10.79651   282.47481              -116.244     92.170    4096
       1831 15.25833333333   10.95758   282.61909              -116.473    100.231    4096
       1832 15.26666666667   11.11882   282.76332              -116.680    109.787    4096
       1833 15.27500000000   11.28022   282.90750              -116.889     93.836    4096
       1834 15.28333333333   11.44178   283.05161              -117.064    100.536    4096
       1835 15.29166666667   11.60351   283.19567              -117.243    103.915    4096
       1836 15.30000000000   11.76541   283.33967              -117.507     94.664    4096
       1837 15.30833333333   11.92747   283.48361              -117.610     90.561    4096
       1838 15.31666666667   12.08970   283.62749              -117.796     89.743    4096
       1839 15.32500000000   12.25209   283.77131              -118.012     92.313    4096
       1840 15.33333333333   12.41466   283.91507              -118.165    100.117    4096
       1841 15.34166666667   12.57740   284.05877              -118.312     99.013    4096
       1842 15.35000000000   12.74031   284.20240              -118.504     99.270    4096
       1843 15.35833333333   12.90339   284.34596              -118.698     95.320    4096
       1844 15.36666666667   13.06664   284.48946              -118.827     93.693    4096
       1845 15.37500000000   13.23007   284.63289              -118.977     99.936    4096
       1846 15.38333333333   13.39368   284.77625              -119.134    100.650    4096
       1847 15.39166666667   13.55746   284.91954              -119.322     93.950    4096
       1848 15.40000000000   13.72141   285.06276              -119.483     91.646    4096
       1849 15.40833333333   13.88555   285.20591              -119.439     96.853    4096
       1850 15.41666666667   14.04986   285.34898              -119.563     99.974    4096
       1851 15.42500000000   14.21436   285.49199              -119.657    101.764    4096
       1852 15.43333333333   14.37903   285.63491              -119.627     93.284    4096
       1853 15.44166666667   14.54388   285.77776              -119.636     98.223    4096
       1854 15.45000000000   14.70892   285.92054              -119.665     94.921    4096
       1855 15.45833333333   14.87414   286.06323              -119.793     91.799    4096
       1856 15.46666666667   15.03954   286.20585              -119.836     82.129    4096
       1857 15.47500000000   15.20513   286.34839              -119.819     88.820    4096
       1858 15.48333333333   15.37091   286.49084              -119.923    100.641    4096
       1859 15.49166666667   15.53687   286.63322              -119.963     90.676    4096
       1860 15.50000000000   15.70302   286.77551              -120.061     92.198    4096
       1861 15.50833333333   15.86936   286.91772              -120.064     85.251    4096
       1862 15.51666666667   16.03589   287.05984              -120.172     93.731    4096
       1863 15.52500000000   16.20261   287.20187              -120.231     91.123    4096
       1864 15.53333333333   16.36951   287.34382              -120.358     93.426    4096
       1865 15.54166666667   16.53662   287.48568              -120.397     86.735    4096
       1866 15.55000000000   16.70391   287.62745              -120.548     95.358    4096
       1867 15.55833333333   16.87140   287.76912              -120.783     93.540    4096
       1868 15.56666666667   17.03908   287.91071              -120.821     89.895    4096
       1869 15.57500000000   17.20696   288.05221              -121.022    105.552    4096
       1870 15.58333333333   17.37504   288.19361              -121.134     91.646    4096
       1871 15.59166666667   17.54331   288.33491              -121.291     98.861    4096
       1872 15.60000000000   17.71178   288.47612              -121.353     96.034    4096
       1873 15.60833333333   17.88046   288.61724              -121.446     92.760    4096
       1874 15.61666666667   18.04933   288.75825              -121.511     99.413    4096
       1875 15.62500000000   18.21840   288.89917              -121.665     93.693    4096
       1876 15.63333333333   18.38767   289.03999              -121.786    101.316    4096
       1877 15.64166666667   18.55715   289.18070              -121.915     87.706    4096
       1878 15.65000000000   18.72683   289.32132              -122.013     98.709    4096
       1879 15.65833333333   18.89672   289.46183              -122.111     93.731    4096
       1880 15.66666666667   19.06681   289.60223              -122.247     88.525    4096
       1881 15.67500000000   19.23711   289.74253              -122.315     98.080    4096
       1882 15.68333333333   19.40761   289.88273              -122.344     88.410    4096
       1883 15.69166666667   19.57833   290.02282              -122.327     87.849    4096
       1884 15.70000000000   19.74925   290.16279              -122.397     89.191    4096
       1885 15.70833333333   19.92038   290.30266              -122.467     94.654    4096
       1886 15.71666666667   20.09173   290.44242              -122.578     90.714    4096
       1887 15.72500000000   20.26328   290.58207              -122.681     98.747    4096
       1888 15.73333333333   20.43505   290.72160              -122.799     88.934    4096
       1889 15.74166666667   20.60703   290.86102              -122.887     94.616    4096
       1890 15.75000000000   20.77923   291.00033             18918.001  -2341.739    4096
       1891 15.75833333333   20.95164   291.13952              -122.962     90.009    4096
       1892 15.76666666667   21.12426   291.27859              -123.009     90.980    4096
       1893 15.77500000000   21.29711   291.41754              -123.026     89.600    4096
       1894 15.78333333333   21.47017   291.55638              -123.074     91.532    4096
       1895 15.79166666667   21.64345   291.69509              -123.161     84.575    4096
       1896 15.80000000000   21.81695   291.83369              -123.201     93.693    4096
       1897 15.80833333333   21.99067   291.97216              -123.303     95.320    4096
       1898 15.81666666667   22.16461   292.11051              -123.460     96.405    4096
       1899 15.82500000000   22.33877   292.24873              -123.552     91.646    4096
       1900 15.83333333333   22.51316   292.38683              -123.635     92.760    4096
       1901 15.84166666667   22.68777   292.52480              -123.755     92.912    4096
       1902 15.85000000000   22.86260   292.66264              -123.745     86.773    4096
       1903 15.85833333333   23.03766   292.80035              -123.797     93.988    4096
       1904 15.86666666667   23.21295   292.93793              -123.882     90.561    4096
       1905 15.87500000000   23.38846   293.07539              -123.884     84.994    4096
       1906 15.88333333333   23.56420   293.21271              -123.985     94.102    4096
       1907 15.89166666667   23.74018   293.34989              -124.079     86.888    4096
       1908 15.90000000000   23.91638   293.48694              -124.166     92.351    4096
       1909 15.90833333333   24.09281   293.62386              -124.286     97.481    4096
       1910 15.91666666667   24.26947   293.76064              -124.263     89.486    4096
       1911 15.92500000000   24.44636   293.89728              -124.277     89.334    4096
       1912 15.93333333333   24.62349   294.03378              -124.299     91.799    4096
       1913 15.94166666667   24.80085   294.17014              -124.312     92.056    4096
       1914 15.95000000000   24.97844   294.30636              -124.314     87.849    4096
       1915 15.95833333333   25.15628   294.44244              -124.272     93.284    4096
       1916 15.96666666667   25.33434   294.57838              -124.307    101.050    4096
       1917 15.97500000000   25.51265   294.71417              -124.368     89.752    4096
       1918 15.98333333333   25.69119   294.84981              -124.419  -2347.468    4096
       1919 15.99166666667   25.86997   294.98531              -124.403     81.053    4096
       1920 16.00000000000   26.04899   295.12066              -124.398     92.056    4096
       1921 16.00833333333   26.22825   295.25586              -124.427     93.426    4096
       1922 16.01666666667   26.40775   295.39090              -124.439     88.934    4096
       1923 16.02500000000   26.58750   295.52580              -124.438     93.426    4096
       1924 16.03333333333   26.76748   295.66055              -124.485     97.785    4096
       1925 16.04166666667   26.94771   295.79514              -124.504     87.963    4096
       1926 16.05000000000   27.12819   295.92957              -124.499     87.449    4096
       1927 16.05833333333   27.30891   296.06385              -124.526  -2338.208    4096
       1928 16.06666666667   27.48987   296.19797              -124.590     92.865    4096
       1929 16.07500000000   27.67108   296.33193              -124.623     87.858    4096
       1930 16.08333333333   27.85254   296.46573              -124.556     86.773    4096
       1931 16.09166666667   28.03425   296.59937              -124.614     90.152    4096
       1932 16.10000000000   28.21620   296.73285              -124.679     93.731    4096
       1933 16.10833333333   28.39841   296.86617              -124.689     83.499    4096
       1934 16.11666666667   28.58087   296.99932              -124.689     94.102    4096
       1935 16.12500000000   28.76357   297.13230              -124.778     95.882    4096
       1936 16.13333333333   28.94653   297.26512              -124.785     88.782    4096
       1937 16.14166666667   29.12975   297.39777              -124.778     89.895    4096
       1938 16.15000000000   29.31321   297.53024              -124.808     89.457    4096
       1939 16.15833333333   29.49693   297.66255              -124.900     93.388    4096
       1940 16.16666666667   29.68091   297.79469              -124.905     85.146    4096
       1941 16.17500000000   29.86514   297.92665              -124.934     91.532    4096
       1942 16.18333333333   30.04963   298.05843              -124.978     93.988    4096
       1943 16.19166666667   30.23437   298.19004              -125.023     84.841    4096
       1944 16.20000000000   30.41937   298.32147              -125.065     88.525    4096
       1945 16.20833333333   30.60463   298.45273              -125.107     90.676    4096
       1946 16.21666666667   30.79015   298.58380              -125.105     86.212    4096
       1947 16.22500000000   30.97593   298.71469              -125.163     86.631    4096
       1948 16.23333333333   31.16197   298.84540              -125.127     88.820    4096
       1949 16.24166666667   31.34828   298.97593              -125.218     90.571    4096
       1950 16.25000000000   31.53484   299.10627              -125.247     83.613    4096
       1951 16.25833333333   31.72167   299.23642              -125.246     92.608    4096
       1952 16.26666666667   31.90876   299.36639              -125.269     91.085    4096
       1953 16.27500000000   32.09611   299.49617              -125.277     95.063    4096
       1954 16.28333333333   32.28374   299.62575              -125.363     89.486    4096
       1955 16.29166666667   32.47162   299.75514              -125.362  -2351.704    4096
       1956 16.30000000000   32.65977   299.88434              -125.405     93.693    4096
       1957 16.30833333333   32.84819   300.01335              -125.384     86.326    4096
       1958 16.31666666667   33.03688   300.14216              -125.415     85.508    4096
       1959 16.32500000000   33.22583   300.27077              -125.463     94.502    4096
       1960 16.33333333333   33.41506   300.39918              -125.471     83.090    4096
       1961 16.34166666667   33.60455   300.52739              -125.473     95.063    4096
       1962 16.35000000000   33.79431   300.65540              -125.534     89.752    4096
       1963 16.35833333333   33.98435   300.78320              -125.532     86.773    4096
       1964 16.36666666667   34.17465   300.91080              -125.523     85.803    4096
       1965 16.37500000000   34.36523   301.03820              -125.541     87.440    4096
       1966 16.38333333333   34.55608   301.16538              -125.540     88.372    4096
       1967 16.39166666667   34.74721   301.29236              -125.580     86.621    4096
       1968 16.40000000000   34.93861   301.41912              -125.581     86.516    4096
       1969 16.40833333333   35.13028   301.54567              -125.620     93.131    4096
       1970 16.41666666667   35.32223   301.67201              -125.666     84.841    4096
       1971 16.42500000000   35.51445   301.79813              -125.655     86.593    4096
       1972 16.43333333333   35.70695   301.92404            -14962.767     91.646    4096
       1973 16.44166666667   35.89973   302.04972              -125.664     86.631    4096
       1974 16.45000000000   36.09278   302.17519              -125.674     86.878    4096
       1975 16.45833333333   36.28611   302.30043              -125.706  -2348.582    4096
       1976 16.46666666667   36.47972   302.42545              -125.716     89.752    4096
       1977 16.47500000000   36.67362   302.55025              -125.717     88.972    4096
       1978 16.48333333333   36.86779   302.67481              -125.721     87.183    4096
       1979 16.49166666667   37.06224   302.79915              -125.775     88.934    4096
       1980 16.50000000000   37.25697   302.92326              -125.762     86.069    4096
       1981 16.50833333333   37.45198   303.04713              -125.775     88.677    4096
       1982 16.51666666667   37.64728   303.17077              -125.789     93.693    4096
       1983 16.52500000000   37.84285   303.29418              -125.799     86.069    4096
       1984 16.53333333333   38.03871   303.41734              -125.804     90.676    4096
       1985 16.54166666667   38.23486   303.54027              -125.841     86.888    4096
       1986 16.55000000000   38.43129   303.66296              -125.830  -2349.391    4096
       1987 16.55833333333   38.62800   303.78540              -125.864     90.685    4096
       1988 16.56666666667   38.82500   303.90760              -125.863     82.681    4096
       1989 16.57500000000   39.02228   304.02955              -125.889     87.592    4096
       1990 16.58333333333   39.21985   304.15125              -125.925     93.579    4096
       1991 16.59166666667   39.41771   304.27271              -125.924     83.204    4096
       1992 16.60000000000   39.61585   304.39391              -125.873     88.268    4096
       1993 16.60833333333   39.81428   304.51485              -125.944     93.169    4096
       1994 16.61666666667   40.01300   304.63554              -125.910     82.433    4096
       1995 16.62500000000   40.21200   304.75597              -125.904     88.372    4096
       1996 16.63333333333   40.41130   304.87614              -125.929     88.515    4096
       1997 16.64166666667   40.61088   304.99604              -125.917     82.271    4096
       1998 16.65000000000   40.81076   305.11568              -125.936     90.009    4096
       1999 16.65833333333   41.01092   305.23506              -125.975     87.440    4096
       2000 16.66666666667   41.21138   305.35416              -125.911     80.901    4096
       2001 16.67500000000   41.41212   305.47300              -126.003     95.330    4096
       2002 16.68333333333   41.61316   305.59156              -125.980     84.175    4096
       2003 16.69166666667   41.81449   305.70984              -125.977     92.494    4096
       2004 16.70000000000   42.01611   305.82785              -126.029  -2347.725    4096
       2005 16.70833333333   42.21802   305.94557              -126.012     86.364    4096
       2006 16.71666666667   42.42022   306.06301              -126.047     92.722    4096
       2007 16.72500000000   42.62272   306.18017              -125.984     83.100    4096
       2008 16.73333333333   42.82551   306.29704              -125.991     90.971    4096
       2009 16.74166666667   43.02860   306.41362              -125.974     84.584    4096
       2010 16.75000000000   43.23198   306.52991              -126.000  -2347.459    4096
       2011 16.75833333333   43.43565   306.64590              -126.038     92.617    4096
       2012 16.76666666667   43.63962   306.76159              -126.051     85.955    4096
       2013 16.77500000000   43.84389   306.87699              -126.047     92.874    4096
       2014 16.78333333333   44.04844   306.99208              -126.091     89.857    4096
       2015 16.79166666667   44.25330   307.10686              -126.056     88.372    4096
       2016 16.80000000000   44.45845   307.22134              -126.060     86.516    4096
       2017 16.80833333333   44.66390   307.33550              -126.102     91.913    4096
       2018 16.81666666667   44.86964   307.44936              -126.126     85.926    4096
       2019 16.82500000000   45.07568   307.56289              -126.114     88.667    4096
       2020 16.83333333333   45.28202   307.67610              -126.121     87.449    4096
       2021 16.84166666667   45.48865   307.78900              -126.090     87.183    4096
       2022 16.85000000000   45.69558   307.90156              -126.109     94.359    4096
       2023 16.85833333333   45.90281   308.01380              -126.156     84.584    4096
       2024 16.86666666667   46.11034   308.12570              -126.169     90.152    4096
       2025 16.87500000000   46.31816   308.23727               -37.849     85.812    4098
       2026 16.88333333333   46.52628   308.34851               -40.182     87.858    4096
       2027 16.89166666667   46.73470   308.45940               -40.226     87.287    4098
       2028 16.90000000000   46.94342   308.56994               -37.904     88.820    4098
       2029 16.90833333333   47.15244   308.68014                 0.000      0.000    5200
       2030 16.91666666667   47.36176   308.78998               -35.590     86.888    4096
       2031 16.92500000000   47.57137   308.89947               -40.256     92.465    4096
       2032 16.93333333333   47.78129   309.00860               -37.948     89.638    4098
       2033 16.94166666667   47.99150   309.11736               -40.267     88.382    4096
       2034 16.95000000000   48.20202   309.22576               -40.225     90.419    4098
       2035 16.95833333333   48.41283   309.33379               -37.888     89.743    4096
       2036 16.96666666667   48.62394   309.44145               -35.611     87.592    4096
       2037 16.97500000000   48.83535   309.54872               -40.233     87.706    4096
       2038 16.98333333333   49.04706   309.65562                 0.000      0.000    5200
       2039 16.99166666667   49.25907   309.76213               -37.905     88.001    4096
       2040 17.00000000000   49.47138   309.86824               -35.585     90.980    4096
       2041 17.00833333333   49.68399   309.97396               -37.896     86.516    4098
       2042 17.01666666667   49.89690   310.07929                 0.000      0.000    5200
       2043 17.02500000000   50.11011   310.18420               -37.921     87.735    4096
       2044 17.03333333333   50.32362   310.28871               -37.899     90.419    4098
       2045 17.04166666667   50.53743   310.39281                 0.000      0.000    5200
       2046 17.05000000000   50.75153   310.49649                 0.000      0.000    5200
       2047 17.05833333333   50.96594   310.59974               -37.918     88.677    4096
       2048 17.06666666667   51.18065   310.70257                 0.000      0.000    5232
       2049 17.07500000000   51.39566   310.80496               -40.203  -2347.459    4096
       2050 17.08333333333   51.61096   310.90692               -35.604     88.258    4096
       2051 17.09166666667   51.82657   311.00843                 0.000      0.000    5200
       2052 17.10000000000   52.04247   311.10949                 0.000      0.000    5200
       2053 17.10833333333   52.25867   311.21010               -40.239     86.478    4096
       2054 17.11666666667   52.47517   311.31025                 0.000      0.000    5200
       2055 17.12500000000   52.69197   311.40993               -35.605     82.804    4096
       2056 17.13333333333   52.90907   311.50914               -40.253     91.951    4096
       2057 17.14166666667   53.12647   311.60787               -37.952     84.032    4098
       2058 17.15000000000   53.34416   311.70612               -40.275     91.389    4096
       2059 17.15833333333   53.56216   311.80387               -35.608     86.631    4098
       2060 17.16666666667   53.78045   311.90113               -37.949     88.115    4098
       2061 17.17500000000   53.99904   311.99788                 0.000      0.000    5200
       2062 17.18333333333   54.21792   312.09412                 0.000      0.000    5200
       2063 17.19166666667   54.43710   312.18984                 0.000      0.000    5200
       2064 17.20000000000   54.65658   312.28504               -37.927     87.002    4096
       2065 17.20833333333   54.87636   312.37970               -40.219     88.791    4096
       2066 17.21666666667   55.09643   312.47382               -37.906     88.667    4096
       2067 17.22500000000   55.31680   312.56739                 0.000      0.000    5200
       2068 17.23333333333   55.53746   312.66041               -37.893     89.857    4096
       2069 17.24166666667   55.75842   312.75286                 0.000      0.000    5200
       2070 17.25000000000   55.97967   312.84473                 0.000      0.000    5200
       2071 17.25833333333   56.20122   312.93602               -40.191     87.449    4096
       2072 17.26666666667   56.42306   313.02673               -42.520     94.140    4098
       2073 17.27500000000   56.64519   313.11683                 0.000      0.000    5200
       2074 17.28333333333   56.86762   313.20632                 0.000      0.000    5200
       2075 17.29166666667   57.09034   313.29519               -37.870     86.183    4096
       2076 17.30000000000   57.31335   313.38343               -40.157     89.343    4096
       2077 17.30833333333   57.53665   313.47103                 0.000      0.000    5200
       2078 17.31666666667   57.76025   313.55798                 0.000      0.000    5200
       2079 17.32500000000   57.98413   313.64427                 0.000      0.000    5232
       2080 17.33333333333   58.20830   313.72988                 0.000      0.000    5200
       2081 17.34166666667   58.43277   313.81481               -37.835     90.971    4096
       2082 17.35000000000   58.65752   313.89905                 0.000      0.000    5200
       2083 17.35833333333   58.88256   313.98257               -40.161     85.926    4096
       2084 17.36666666667   59.10789   314.06538               -37.838     85.955    4098
       2085 17.37500000000   59.33351   314.14745               -37.855     89.600    4098
       2086 17.38333333333   59.55941   314.22877               -40.194     88.782    4096
       2087 17.39166666667   59.78560   314.30933                 0.000      0.000    5232
       2088 17.40000000000   60.01207   314.38911                 0.000      0.000    5232
       2089 17.40833333333   60.23882   314.46810                 0.000      0.000    5200
       2090 17.41666666667   60.46586   314.54629                 0.000      0.000    5200
       2091 17.42500000000   60.69319   314.62366                 0.000      0.000    5232
       2092 17.43333333333   60.92079   314.70019               -40.151     89.343    4096
       2093 17.44166666667   61.14867   314.77586                 0.000      0.000    5200
       2094 17.45000000000   61.37684   314.85067                 0.000      0.000    5200
       2095 17.45833333333   61.60528   314.92458                 0.000      0.000    5200
       2096 17.46666666667   61.83400   314.99759                 0.000      0.000    5200
       2097 17.47500000000   62.06300   315.06966                 0.000      0.000    5200
       2098 17.48333333333   62.29228   315.14080               -42.465     90.162    4096
       2099 17.49166666667   62.52183   315.21096                 0.000      0.000    5232
       2100 17.50000000000   62.75166   315.28014                 0.000      0.000    5200
       2101 17.50833333333   62.98176   315.34831               -40.117     88.782    4096
       2102 17.51666666667   63.21213   315.41544                 0.000      0.000    5200
       2103 17.52500000000   63.44277   315.48152                 0.000      0.000    5200
       2104 17.53333333333   63.67368   315.54652                 0.000      0.000    5200
       2105 17.54166666667   63.90486   315.61041                 0.000      0.000    5232
       2106 17.55000000000   64.13631   315.67317                 0.000      0.000    5232
       2107 17.55833333333   64.36803   315.73477                 0.000      0.000    5200
       2108 17.56666666667   64.60001   315.79519                 0.000      0.000    5200
       2109 17.57500000000   64.83225   315.85439                 0.000      0.000    5200
       2110 17.58333333333   65.06476   315.91234                 0.000      0.000    5200
       2111 17.59166666667   65.29752   315.96901               -37.761     89.086    4096
       2112 17.60000000000   65.53055   316.02438                 0.000      0.000    5200
       2113 17.60833333333   65.76384   316.07839                 0.000      0.000    5200
       2114 17.61666666667   65.99738   316.13103                 0.000      0.000    5200
       2115 17.62500000000   66.23117   316.18225                 0.000      0.000    5232
       2116 17.63333333333   66.46522   316.23201                 0.000      0.000    5200
       2117 17.64166666667   66.69953   316.28028               -40.124     86.364    4096
       2118 17.65000000000   66.93408   316.32701                 0.000      0.000    5200
       2119 17.65833333333   67.16888   316.37216                 0.000      0.000    5200
       2120 17.66666666667   67.40393   316.41568                 0.000      0.000    5200
       2121 17.67500000000   67.63922   316.45753                 0.000      0.000    5200
       2122 17.68333333333   67.87475   316.49766                 0.000      0.000    5200
       2123 17.69166666667   68.11052   316.53601               -40.065     87.849    4096
       2124 17.70000000000   68.34654   316.57253                 0.000      0.000    5200
       2125 17.70833333333   68.58279   316.60716                 0.000      0.000    5200
       2126 17.71666666667   68.81927   316.63986                 0.000      0.000    5232
       2127 17.72500000000   69.05599   316.67054                 0.000      0.000    5200
       2128 17.73333333333   69.29293   316.69916                 0.000      0.000    5200
       2129 17.74166666667   69.53010   316.72564                 0.000      0.000    5232
       2130 17.75000000000   69.76750   316.74991               -39.977     88.372    4096
       2131 17.75833333333   70.00512   316.77189               -42.291     87.963    4096
       2132 17.76666666667   70.24296   316.79152               -37.630     89.200    4096
       2133 17.77500000000   70.48101   316.80870                 0.000      0.000    5200
       2134 17.78333333333   70.71928   316.82335                 0.000      0.000    5200
       2135 17.79166666667   70.95776   316.83539                 0.000      0.000    5200
       2136 17.80000000000   71.19645   316.84470                 0.000      0.000    5232
       2137 17.80833333333   71.43534   316.85121                 0.000      0.000    5200
       2138 17.81666666667   71.67443   316.85479                 0.000      0.000    5200
       2139 17.82500000000   71.91372   316.85534                 0.000      0.000    5200
       2140 17.83333333333   72.15320   316.85274                 0.000      0.000    5200
       2141 17.84166666667   72.39287   316.84686                 0.000      0.000    5200
       2142 17.85000000000   72.63273   316.83759                 0.000      0.000    5200
       2143 17.85833333333   72.87277   316.82477                 0.000      0.000    5200
       2144 17.86666666667   73.11299   316.80826                 0.000      0.000    5200
       2145 17.87500000000   73.35337   316.78791                 0.000      0.000    5200
       2146 17.88333333333   73.59393   316.76355                 0.000      0.000    5200
       2147 17.89166666667   73.83465   316.73501                 0.000      0.000    5200
       2148 17.90000000000   74.07552   316.70211                 0.000      0.000    5200
       2149 17.90833333333   74.31655   316.66464                 0.000      0.000    5232
       2150 17.91666666667   74.55772   316.62241                 0.000      0.000    5200
       2151 17.92500000000   74.79903   316.57518                 0.000      0.000    5232
       2152 17.93333333333   75.04048   316.52272                 0.000      0.000    5200
       2153 17.94166666667   75.28205   316.46479                 0.000      0.000    5200
       2154 17.95000000000   75.52373   316.40111                 0.000      0.000    5200
       2155 17.95833333333   75.76553   316.33139                 0.000      0.000    5200
       2156 17.96666666667   76.00744   316.25533                 0.000      0.000    5200
       2157 17.97500000000   76.24943   316.17260                 0.000      0.000    5200
       2158 17.98333333333   76.49151   316.08285                 0.000      0.000    5200
       2159 17.99166666667   76.73367   315.98570                 0.000      0.000    5200
       2160 18.00000000000   76.97589   315.88075                 0.000      0.000    5232
       2161 18.00833333333   77.21816   315.76755                 0.000      0.000    5200
       2162 18.01666666667   77.46047   315.64564                 0.000      0.000    5200
       2163 18.02500000000   77.70282   315.51451                 0.000      0.000    5232
       2164 18.03333333333   77.94517   315.37361                 0.000      0.000    5200
       2165 18.04166666667   78.18753   315.22236                 0.000      0.000    5200
       2166 18.05000000000   78.42986   315.06011                 0.000      0.000    5200
       2167 18.05833333333   78.67217   314.88616                 0.000      0.000    5200
       2168 18.06666666667   78.91442   314.69977                 0.000      0.000    5200
       2169 18.07500000000   79.15659   314.50011                 0.000      0.000    5200
       2170 18.08333333333   79.39867   314.28629                 0.000      0.000    5200
       2171 18.09166666667   79.64064   314.05733                 0.000      0.000    5200
       2172 18.10000000000   79.88245   313.81216                 0.000      0.000    5200
       2173 18.10833333333   80.12409   313.54962                 0.000      0.000    5200
       2174 18.11666666667   80.36553   313.26843                 0.000      0.000    5200
       2175 18.12500000000   80.60673   312.96716                 0.000      0.000    5200
       2176 18.13333333333   80.84765   312.64428                 0.000      0.000    5232
       2177 18.14166666667   81.08824   312.29806                 0.000      0.000    5200
       2178 18.15000000000   81.32848   311.92662                 0.000      0.000    5200
       2179 18.15833333333   81.56829   311.52784                 0.000      0.000    5200
       2180 18.16666666667   81.80763   311.09939                 0.000      0.000    5200
       2181 18.17500000000   82.04643   310.63868                 0.000      0.000    5200
       2182 18.18333333333   82.28462   310.14279                 0.000      0.000    5200
       2183 18.19166666667   82.52212   309.60848                 0.000      0.000    5200
       2184 18.20000000000   82.75885   309.03212                 0.000      0.000    5200
       2185 18.20833333333   82.99468   308.40960                 0.000      0.000    5200
       2186 18.21666666667   83.22952   307.73631                 0.000      0.000    5200
       2187 18.22500000000   83.46323   307.00704                 0.000      0.000    5200
       2188 18.23333333333   83.69566   306.21589                 0.000      0.000    5200
       2189 18.24166666667   83.92664   305.35616                 0.000      0.000    5200
       2190 18.25000000000   84.15596   304.42024                 0.000      0.000    5200
       2191 18.25833333333   84.38341   303.39944                 0.000      0.000    5200
       2192 18.26666666667   84.60871   302.28387                 0.000      0.000    5200
       2193 18.27500000000   84.83155   301.06221                 0.000      0.000    5200
       2194 18.28333333333   85.05157   299.72154                 0.000      0.000    5200
       2195 18.29166666667   85.26835   298.24711                 0.000      0.000    5200
       2196 18.30000000000   85.48139   296.62207                 0.000      0.000    5200
       2197 18.30833333333   85.69011   294.82732                 0.000      0.000    5200
       2198 18.31666666667   85.89380   292.84127                 0.000      0.000    5200
       2199 18.32500000000   86.09165   290.63981                 0.000      0.000    5200
       2200 18.33333333333   86.28268   288.19634                 0.000      0.000    5200
       2201 18.34166666667   86.46576   285.48222                 0.000      0.000    5200
       2202 18.35000000000   86.63955   282.46762                 0.000      0.000    5200
       2203 18.35833333333   86.80248   279.12315                 0.000      0.000    5232
       2204 18.36666666667   86.95277   275.42238                 0.000      0.000    5232
       2205 18.37500000000   87.08843   271.34573                 0.000      0.000    5232
       2206 18.38333333333   87.20727   266.88540                 0.000      0.000    5232
       2207 18.39166666667   87.30701   262.05139                 0.000      0.000    5200
       2208 18.40000000000   87.38543   256.87718                 0.000      0.000    5200
       2209 18.40833333333   87.44051   251.42353                 0.000      0.000    5200
       2210 18.41666666667   87.47069   245.77814                 0.000      0.000    5200
       2211 18.42500000000   87.47503   240.04970                 0.000      0.000    5200
       2212 18.43333333333   87.45334   234.35661                 0.000      0.000    5200
       2213 18.44166666667   87.40624   228.81308                 0.000      0.000    5200
       2214 18.45000000000   87.33503   223.51629                 0.000      0.000    5200
       2215 18.45833333333   87.24154   218.53817                 0.000      0.000    5200
       2216 18.46666666667   87.12790   213.92292                 0.000      0.000    5200
       2217 18.47500000000   86.99637   209.68936                 0.000      0.000    5200
       2218 18.48333333333   86.84916   205.83613                 0.000      0.000    5200
       2219 18.49166666667   86.68831   202.34769                 0.000      0.000    5200
       2220 18.50000000000   86.51571   199.19987                 0.000      0.000    5200
       2221 18.50833333333   86.33296   196.36408                 0.000      0.000    5232
       2222 18.51666666667   86.14150   193.81042                 0.000      0.000    5200
       2223 18.52500000000   85.94253   191.50965                 0.000      0.000    5232
       2224 18.53333333333   85.73708   189.43426                 0.000      0.000    5200
       2225 18.54166666667   85.52603   187.55913                 0.000      0.000    5200
       2226 18.55000000000   85.31011   185.86165                 0.000      0.000    5200
       2227 18.55833333333   85.08995   184.32173                 0.000      0.000    5200
       2228 18.56666666667   84.86607   182.92164                 0.000      0.000    5200
       2229 18.57500000000   84.63893   181.64583                 0.000      0.000    5232
       2230 18.58333333333   84.40891   180.48065                 0.000      0.000    5200
       2231 18.59166666667   84.17634   179.41417                 0.000      0.000    5200
       2232 18.60000000000   83.94149   178.43595                 0.000      0.000    5200
       2233 18.60833333333   83.70462   177.53684                 0.000      0.000    5200
       2234 18.61666666667   83.46593   176.70880                 0.000      0.000    5200
       2235 18.62500000000   83.22561   175.94480                 0.000      0.000    5200
       2236 18.63333333333   82.98380   175.23862                 0.000      0.000    5200
       2237 18.64166666667   82.74066   174.58478                 0.000      0.000    5200
       2238 18.65000000000   82.49630   173.97844                 0.000      0.000    5200
       2239 18.65833333333   82.25083   173.41531                 0.000      0.000    5200
       2240 18.66666666667   82.00435   172.89156                 0.000      0.000    5200
       2241 18.67500000000   81.75694   172.40381                 0.000      0.000    5200
       2242 18.68333333333   81.50867   171.94901                 0.000      0.000    5200
       2243 18.69166666667   81.25961   171.52444                 0.000      0.000    5200
       2244 18.70000000000   81.00982   171.12768                 0.000      0.000    5232
       2245 18.70833333333   80.75936   170.75651                 0.000      0.000    5200
       2246 18.71666666667   80.50827   170.40898                 0.000      0.000    5200
       2247 18.72500000000   80.25661   170.08329                 0.000      0.000    5200
       2248 18.73333333333   80.00440   169.77783                 0.000      0.000    5200
       2249 18.74166666667   79.75168   169.49113                 0.000      0.000    5200
       2250 18.75000000000   79.49849   169.22186                 0.000      0.000    5200
       2251 18.75833333333   79.24486   168.96882                 0.000      0.000    5200
       2252 18.76666666667   78.99082   168.73088                 0.000      0.000    5200
       2253 18.77500000000   78.73638   168.50704                 0.000      0.000    5200
       2254 18.78333333333   78.48158   168.29638               -40.902     87.183    4096
       2255 18.79166666667   78.22644   168.09804                 0.000      0.000    5200
       2256 18.80000000000   77.97097   167.91125               -45.517     90.314    4096
       2257 18.80833333333   77.71520   167.73528                 0.000      0.000    5200
       2258 18.81666666667   77.45914   167.56947               -47.835     90.828    4096
       2259 18.82500000000   77.20280   167.41322                 0.000      0.000    5200
       2260 18.83333333333   76.94621   167.26596                 0.000      0.000    5200
       2261 18.84166666667   76.68938   167.12717                 0.000      0.000    5200
       2262 18.85000000000   76.43231   166.99636                 0.000      0.000    5200
       2263 18.85833333333   76.17503   166.87308                 0.000      0.000    5200
       2264 18.86666666667   75.91754   166.75691                 0.000      0.000    5200
       2265 18.87500000000   75.65986   166.64747               -42.983     88.115    4096
       2266 18.88333333333   75.40199   166.54440                 0.000      0.000    5200
       2267 18.89166666667   75.14395   166.44735               -45.266     88.525    4096
       2268 18.90000000000   74.88574   166.35601                 0.000      0.000    5200
       2269 18.90833333333   74.62738   166.27009               -45.188     88.782    4096
       2270 18.91666666667   74.36886   166.18931                 0.000      0.000    5232
       2271 18.92500000000   74.11021   166.11341                 0.000      0.000    5200
       2272 18.93333333333   73.85142   166.04215                 0.000      0.000    5200
       2273 18.94166666667   73.59251   165.97531                 0.000      0.000    5232
       2274 18.95000000000   73.33347   165.91266               -47.339     90.980    4096
       2275 18.95833333333   73.07433   165.85401                 0.000      0.000    5200
       2276 18.96666666667   72.81508   165.79917                 0.000      0.000    5200
       2277 18.97500000000   72.55573   165.74796               -49.570     93.284    4096
       2278 18.98333333333   72.29628   165.70021                 0.000      0.000    5200
       2279 18.99166666667   72.03675   165.65577               -44.859     91.532    4096
       2280 19.00000000000   71.77714   165.61448                 0.000      0.000    5200
       2281 19.00833333333   71.51744   165.57621                 0.000      0.000    5200
       2282 19.01666666667   71.25768   165.54082                 0.000      0.000    5200
       2283 19.02500000000   70.99785   165.50818                 0.000      0.000    5200
       2284 19.03333333333   70.73795   165.47817               -49.338     88.515    4096
       2285 19.04166666667   70.47800   165.45069               -49.318     90.314    4098
       2286 19.05000000000   70.21800   165.42561                 0.000      0.000    5200
       2287 19.05833333333   69.95794   165.40285               -44.571     89.752    4096
       2288 19.06666666667   69.69784   165.38230                 0.000      0.000    5232
       2289 19.07500000000   69.43770   165.36386                 0.000      0.000    5200
       2290 19.08333333333   69.17753   165.34747                 0.000      0.000    5200
       2291 19.09166666667   68.91732   165.33302                 0.000      0.000    5200
       2292 19.10000000000   68.65708   165.32043                 0.000      0.000    5232
       2293 19.10833333333   68.39682   165.30965               -46.724     89.752    4096
       2294 19.11666666667   68.13654   165.30058                 0.000      0.000    5200
       2295 19.12500000000   67.87624   165.29316                 0.000      0.000    5200
       2296 19.13333333333   67.61592   165.28734                 0.000      0.000    5200
       2297 19.14166666667   67.35560   165.28303               -48.983     93.683    4096
       2298 19.15000000000   67.09527   165.28019               -51.244     90.304    4096
       2299 19.15833333333   66.83493   165.27875                 0.000      0.000    5200
       2300 19.16666666667   66.57460   165.27867                 0.000      0.000    5200
       2301 19.17500000000   66.31426   165.27988                 0.000      0.000    5200
       2302 19.18333333333   66.05394   165.28234               -53.482     93.027    4096
       2303 19.19166666667   65.79362   165.28601               -51.130     92.313    4096
       2304 19.20000000000   65.53332   165.29082               -48.777     91.685    4098
       2305 19.20833333333   65.27303   165.29675               -51.066     94.511    4096
       2306 19.21666666667   65.01276   165.30374                 0.000      0.000    5200
       2307 19.22500000000   64.75251   165.31176                 0.000      0.000    5232
       2308 19.23333333333   64.49228   165.32077               -50.989     91.380    4096
       2309 19.24166666667   64.23208   165.33073               -48.641     91.123    4098
       2310 19.25000000000   63.97192   165.34160               -50.937     86.773    4096
       2311 19.25833333333   63.71178   165.35335               -53.256     94.921    4098
       2312 19.26666666667   63.45168   165.36595                 0.000      0.000    5200
       2313 19.27500000000   63.19162   165.37936                 0.000      0.000    5232
       2314 19.28333333333   62.93159   165.39355               -55.486     92.608    4096
       2315 19.29166666667   62.67162   165.40850                 0.000      0.000    5200
       2316 19.30000000000   62.41168   165.42417               -50.790     91.799    4096
       2317 19.30833333333   62.15180   165.44054               -50.755     88.258    4096
       2318 19.31666666667   61.89197   165.45758               -55.355     88.372    4098
       2319 19.32500000000   61.63219   165.47526               -53.003     91.646    4096
       2320 19.33333333333   61.37247   165.49357                 0.000      0.000    5200
       2321 19.34166666667   61.11280   165.51247               -52.932     87.849    4096
       2322 19.35000000000   60.85320   165.53194                 0.000      0.000    5232
       2323 19.35833333333   60.59366   165.55197                 0.000      0.000    5200
       2324 19.36666666667   60.33419   165.57252               -55.127     91.389    4096
       2325 19.37500000000   60.07479   165.59359               -55.083     93.426    4096
       2326 19.38333333333   59.81545   165.61514               -52.716     92.874    4098
       2327 19.39166666667   59.55619   165.63717                 0.000      0.000    5232
       2328 19.40000000000   59.29701   165.65964                 0.000      0.000    5200
       2329 19.40833333333   59.03790   165.68255                 0.000      0.000    5200
       2330 19.41666666667   58.77888   165.70587                 0.000      0.000    5200
       2331 19.42500000000   58.51993   165.72959                 0.000      0.000    5232
       2332 19.43333333333   58.26107   165.75370               -57.090     92.874    4096
       2333 19.44166666667   58.00230   165.77817               -57.045     95.330    4098
       2334 19.45000000000   57.74361   165.80299               -50.047     88.115    4096
       2335 19.45833333333   57.48502   165.82815               -59.288     96.967    4098
       2336 19.46666666667   57.22652   165.85363               -52.264     93.017    4096
       2337 19.47500000000   56.96812   165.87941                 0.000      0.000    5200
       2338 19.48333333333   56.70981   165.90549               -54.516     86.773    4096
       2339 19.49166666667   56.45160   165.93185               -61.436     95.482    4098
       2340 19.50000000000   56.19350   165.95848                 0.000      0.000    5200
       2341 19.50833333333   55.93549   165.98536               -56.753     95.063    4096
       2342 19.51666666667   55.67760   166.01249               -59.056     96.291    4098
       2343 19.52500000000   55.41981   166.03985               -56.705     94.397    4098
       2344 19.53333333333   55.16213   166.06743                 0.000      0.000    5200
       2345 19.54166666667   54.90457   166.09521                 0.000      0.000    5200
       2346 19.55000000000   54.64712   166.12320               -56.588     93.131    4096
       2347 19.55833333333   54.38978   166.15137               -51.922     87.040    4098
       2348 19.56666666667   54.13256   166.17973               -56.529     94.664    4096
       2349 19.57500000000   53.87546   166.20825               -56.534     96.558    4098
       2350 19.58333333333   53.61849   166.23692               -54.180     94.359    4096
       2351 19.59166666667   53.36164   166.26575               -54.136     92.208    4098
       2352 19.60000000000   53.10491   166.29472               -56.469     91.123    4096
       2353 19.60833333333   52.84831   166.32381               -63.391     97.119    4098
       2354 19.61666666667   52.59184   166.35303               -58.716     90.866    4096
       2355 19.62500000000   52.33550   166.38237               -58.707     98.042    4096
       2356 19.63333333333   52.07930   166.41181               -58.669     96.957    4098
       2357 19.64166666667   51.82323   166.44135               -58.644     90.162    4096
       2358 19.65000000000   51.56729   166.47097               -58.583     88.372    4096
       2359 19.65833333333   51.31150   166.50068               -58.602     96.034    4096
       2360 19.66666666667   51.05584   166.53047               -58.575     88.410    4096
       2361 19.67500000000   50.80033   166.56032               -58.533     96.034    4096
       2362 19.68333333333   50.54496   166.59023               -58.546     95.739    4096
       2363 19.69166666667   50.28974   166.62020               -58.476     91.789    4096
       2364 19.70000000000   50.03467   166.65021               -58.452     90.276    4096
       2365 19.70833333333   49.77974   166.68026               -58.413     88.782    4096
       2366 19.71666666667   49.52497   166.71035               -58.409     91.646    4096
       2367 19.72500000000   49.27034   166.74047               -58.373     94.959    4096
       2368 19.73333333333   49.01588   166.77061               -58.307     87.183    4096
       2369 19.74166666667   48.76156   166.80076               -58.280     95.473    4096
       2370 19.75000000000   48.50741   166.83092               -58.236     91.494    4096
       2371 19.75833333333   48.25342   166.86109               -58.199     92.208    4096
       2372 19.76666666667   47.99958   166.89126               -58.148     91.646    4096
       2373 19.77500000000   47.74591   166.92141               -58.104     97.414    4096
       2374 19.78333333333   47.49240   166.95156               -58.047     90.971    4096
       2375 19.79166666667   47.23906   166.98169               -58.005     90.971    4096
       2376 19.80000000000   46.98589   167.01180               -57.900     95.358    4096
       2377 19.80833333333   46.73288   167.04188               -57.886     93.579    4096
       2378 19.81666666667   46.48005   167.07193               -57.878     95.996    4096
       2379 19.82500000000   46.22739   167.10194               -57.778     90.419    4096
       2380 19.83333333333   45.97490   167.13190               -57.787     93.284    4096
       2381 19.84166666667   45.72259   167.16183               -57.733     89.638    4096
       2382 19.85000000000   45.47045   167.19170               -57.668     93.845    4096
       2383 19.85833333333   45.21849   167.22151               -57.610     91.646    4096
       2384 19.86666666667   44.96672   167.25127               -57.601     98.042    4096
       2385 19.87500000000   44.71512   167.28096               -57.518     84.841    4096
       2386 19.88333333333   44.46370   167.31059               -57.485     88.934    4096
       2387 19.89166666667   44.21247   167.34014               -57.427     93.683    4096
       2388 19.90000000000   43.96143   167.36961               -57.326     96.586    4096
       2389 19.90833333333   43.71057   167.39901               -57.329     89.048    4096
       2390 19.91666666667   43.45990   167.42832               -57.246     95.063    4096
       2391 19.92500000000   43.20943   167.45754               -57.206     92.760    4096
       2392 19.93333333333   42.95914   167.48668               -57.127     92.874    4096
       2393 19.94166666667   42.70904   167.51571               -57.147     89.191    4096
       2394 19.95000000000   42.45914   167.54465               -57.119     95.473    4096
       2395 19.95833333333   42.20944   167.57349               -57.106     93.017    4096
       2396 19.96666666667   41.95993   167.60222               -57.093     87.297    4096
       2397 19.97500000000   41.71062   167.63084               -57.030     96.548    4096
       2398 19.98333333333   41.46151   167.65935               -57.056     88.820    4096
       2399 19.99166666667   41.21260   167.68774               -57.033     89.486    4096
       2400 20.00000000000   40.96390   167.71596               -57.072     95.882    4096
       2401 20.00833333333   40.71539   167.74417               -57.006     93.579    4096
       2402 20.01666666667   40.46709   167.77219               -56.989     95.178    4096
       2403 20.02500000000   40.21900   167.80009               -56.854     96.957    4096
       2404 20.03333333333   39.97112   167.82786               -56.939     91.799    4096
       2405 20.04166666667   39.72344   167.85549               -56.840     99.670    4096
       2406 20.05000000000   39.47597   167.88299               -56.899     95.178    4096
       2407 20.05833333333   39.22872   167.91034               -56.863     95.368    4096
       2408 20.06666666667   38.98168   167.93755               -56.834     89.486    4096
       2409 20.07500000000   38.73485   167.96462               -56.901     95.178    4096
       2410 20.08333333333   38.48823   167.99154               -56.887     81.976    4096
       2411 20.09166666667   38.24184   168.01830               -56.735     97.367    4096
       2412 20.10000000000   37.99566   168.04491               -56.797     89.448    4096
       2413 20.10833333333   37.74969   168.07137               -56.783     96.548    4096
       2414 20.11666666667   37.50395   168.09766               -56.775     93.988    4096
       2415 20.12500000000   37.25843   168.12380               -56.730     96.853    4096
       2416 20.13333333333   37.01313   168.14977               -56.786  -2343.005    4096
       2417 20.14166666667   36.76806   168.17557               -56.735     98.080    4096
       2418 20.15000000000   36.52321   168.20120               -56.733     91.504    4096
       2419 20.15833333333   36.27858   168.22666               -56.723     99.422    4096
       2420 20.16666666667   36.03418   168.25195               -56.660     92.912    4096
       2421 20.17500000000   35.79001   168.27706               -56.685     94.806    4096
       2422 20.18333333333   35.54607   168.30199               -56.688  -2349.924    4096
       2423 20.19166666667   35.30236   168.32674               -56.723     83.756    4096
       2424 20.20000000000   35.05887   168.35131               -56.743     85.098    4096
       2425 20.20833333333   34.81563   168.37569               -56.795     90.419    4096
       2426 20.21666666667   34.57261   168.39988               -56.759    103.506    4096
       2427 20.22500000000   34.32983   168.42388               -56.785     88.525    4096
       2428 20.23333333333   34.08728   168.44769               -56.793     92.208    4096
       2429 20.24166666667   33.84497   168.47130               -56.781     92.313    4096
       2430 20.25000000000   33.60290   168.49472               -56.770     95.320    4096
       2431 20.25833333333   33.36107   168.51794               -56.744     94.093    4096
       2432 20.26666666667   33.11947   168.54095               -56.737     94.140    4096
       2433 20.27500000000   32.87812   168.56377               -56.671     99.527    4096
       2434 20.28333333333   32.63701   168.58638               -56.696     87.858    4096
       2435 20.29166666667   32.39614   168.60878               -56.762     87.554    4096
       2436 20.30000000000   32.15551   168.63097               -56.731     92.198    4096
       2437 20.30833333333   31.91513   168.65295               -56.729     93.579    4096
       2438 20.31666666667   31.67499   168.67472               -56.713     98.889    4096
       2439 20.32500000000   31.43510   168.69627               -56.716     91.094    4096
       2440 20.33333333333   31.19546   168.71760               -56.681     94.359    4096
       2441 20.34166666667   30.95607   168.73872               -56.620     85.136    4096
       2442 20.35000000000   30.71692   168.75961               -56.618    102.421    4096
       2443 20.35833333333   30.47803   168.78028               -56.605     93.693    4096
       2444 20.36666666667   30.23938   168.80073               -56.593    101.869    4096
       2445 20.37500000000   30.00099   168.82095               -56.593     90.314    4096
       2446 20.38333333333   29.76285   168.84094               -56.544     93.693    4096
       2447 20.39166666667   29.52497   168.86070               -56.559     93.579    4096
       2448 20.40000000000   29.28734   168.88023             18984.461  -2338.350    4096
       2449 20.40833333333   29.04997   168.89953               -56.502     94.549    4096
       2450 20.41666666667   28.81285   168.91858               -56.473     95.768    4096
       2451 20.42500000000   28.57599   168.93741               -56.422     94.921    4096
       2452 20.43333333333   28.33939   168.95599               -56.383     96.148    4096
       2453 20.44166666667   28.10305   168.97433               -56.348     93.436    4096
       2454 20.45000000000   27.86697   168.99243               -56.354     84.175    4096
       2455 20.45833333333   27.63115   169.01028               -56.299     83.652    4096
       2456 20.46666666667   27.39559   169.02789               -56.334     97.252    4096
       2457 20.47500000000   27.16029   169.04525               -56.260     85.917    4096
       2458 20.48333333333   26.92526   169.06236               -56.196     87.402    4096
       2459 20.49166666667   26.69049   169.07921               -56.201     88.001    4096
       2460 20.50000000000   26.45599   169.09582               -56.182     82.538    4096
       2461 20.50833333333   26.22175   169.11217               -56.097     92.208    4096
       2462 20.51666666667   25.98778   169.12826               -56.055     87.145    4096
       2463 20.52500000000   25.75407   169.14410               -56.081     76.922    4096
       2464 20.53333333333   25.52064   169.15967               -56.083     99.013    4096
       2465 20.54166666667   25.28747   169.17499               -55.914     86.069    4096
       2466 20.55000000000   25.05458   169.19004               -56.052     95.739    4096
       2467 20.55833333333   24.82195   169.20483               -55.943     91.913    4096
       2468 20.56666666667   24.58960   169.21935               -56.002     74.248    4096
       2469 20.57500000000   24.35752   169.23360               -56.009     94.131    4096
       2470 20.58333333333   24.12571   169.24758               -55.993     83.613    4096
       2471 20.59166666667   23.89418   169.26130               -55.954     96.700    4096
       2472 20.60000000000   23.66292   169.27474               -55.977    102.944    4096
       2473 20.60833333333   23.43193   169.28790               -55.939     97.110    4096
       2474 20.61666666667   23.20123   169.30079               -55.891     94.654    4096
       2475 20.62500000000   22.97079   169.31341               -55.882  -2339.178    4096
       2476 20.63333333333   22.74064   169.32574               -55.858    102.173    4096
       2477 20.64166666667   22.51077   169.33779               -55.974     84.023    4096
       2478 20.65000000000   22.28117   169.34957               -56.102     99.822    4096
       2479 20.65833333333   22.05185   169.36105               -55.981     95.587    4096
       2480 20.66666666667   21.82282   169.37226               -56.025     89.048    4096
       2481 20.67500000000   21.59406   169.38317               -56.089     90.828    4096
       2482 20.68333333333   21.36559   169.39380               -56.105     92.170    4096
       2483 20.69166666667   21.13740   169.40414               -56.166     99.527    4096
       2484 20.70000000000   20.90949   169.41419               -56.148     87.554    4096
       2485 20.70833333333   20.68187   169.42394               -56.196     85.251    4096
       2486 20.71666666667   20.45453   169.43340               -56.190    100.650    4096
       2487 20.72500000000   20.22748   169.44256               -56.133     92.465    4096
       2488 20.73333333333   20.00072   169.45143               -56.081     93.988    4096
       2489 20.74166666667   19.77424   169.46000               -56.159     97.376    4096
       2490 20.75000000000   19.54804   169.46827               -56.138  -2346.383    4096
       2491 20.75833333333   19.32214   169.47623               -56.125     80.787    4096
       2492 20.76666666667   19.09653   169.48390               -56.140     97.785    4096
       2493 20.77500000000   18.87120   169.49125               -56.087     84.023    4096
       2494 20.78333333333   18.64617   169.49830               -56.095     88.115    4096
       2495 20.79166666667   18.42142   169.50505               -55.963     93.950    4096
       2496 20.80000000000   18.19697   169.51148               -56.038     93.017    4096
       2497 20.80833333333   17.97281   169.51760               -56.013     93.017    4096
       2498 20.81666666667   17.74894   169.52342               -55.963    104.467    4096
       2499 20.82500000000   17.52537   169.52891               -55.930     99.118    4096
       2500 20.83333333333   17.30209   169.53409               -55.863     82.386    4096
       2501 20.84166666667   17.07911   169.53896               -56.011     96.443    4096
       2502 20.85000000000   16.85642   169.54351               -55.967     81.310    4096
       2503 20.85833333333   16.63403   169.54773               -56.097     74.058    4096
       2504 20.86666666667   16.41193   169.55164               -56.131    101.983    4096
       2505 20.87500000000   16.19013   169.55522               -55.900    105.657    4096
       2506 20.88333333333   15.96863   169.55848               -55.689     82.271    4096
       2507 20.89166666667   15.74743   169.56141               -55.936     74.096    4096
       2508 20.90000000000   15.52653   169.56402               -55.823     73.953    4096
       2509 20.90833333333   15.30593   169.56629               -55.820     80.492    4096
       2510 20.91666666667   15.08563   169.56824               -55.817     92.351    4096
       2511 20.92500000000   14.86563   169.56985               -55.794     96.034    4097
       2512 20.93333333333   14.64593   169.57113               -55.949    105.809    4096
       2513 20.94166666667   14.42654   169.57208               -55.875    101.612    4096
       2514 20.95000000000   14.20745   169.57269               -55.770    108.674    4097
       2515 20.95833333333   13.98866   169.57296               -55.845     78.036    4096
       2516 20.96666666667   13.77018   169.57290               -56.112     84.689    4096
       2517 20.97500000000   13.55200   169.57249               -55.992     82.681    4096
       2518 20.98333333333   13.33413   169.57174               -55.842     86.745    4096
       2519 20.99166666667   13.11656   169.57065               -55.880     94.397    4096
       2523 21.02500000000   12.24938   169.56281               -19.026    101.602    4099
       2526 21.05000000000   11.60224   169.55324               -77.288     94.921    4099
       2527 21.05833333333   11.38715   169.54935               -77.393     82.652    4096
       2528 21.06666666667   11.17238   169.54509               -77.469     70.822    4096
       2529 21.07500000000   10.95791   169.54048                 0.000      0.000    5233
       2530 21.08333333333   10.74376   169.53551               -82.403     86.888    4096
       2531 21.09166666667   10.52992   169.53017               -82.429    104.695    4096
       2532 21.10000000000   10.31640   169.52447               -82.335    110.197    4097
