# Created on 2022-09-13 07:34:42 
# Sources: obs\AAV40321.22O, nav\AAV40321.22N
# Satellite: G18
# Interval: 30.0
# Sampling interval: 0.0 (not used).
# Site: AAV4
# Position (L, B, H): 74.6178382249, 43.0232991769, 585.248198851
# Position (X, Y, Z): 1238908.5437, 4503304.8915, 4329793.7299
# datetime format: %Y-%m-%dT%H:%M:%S
# Columns: tsn, hour, el, az, tec.l1l2, tec.p1p2, validity
# (I11,1X,F14.11,1X,F10.5,1X,F11.5,1X,F21.3,1X,F10.3,1X,I7)
       1997 16.64166666667    4.30619   249.42909               -90.061    103.391    4096
       1998 16.65000000000    4.47046   249.56554               -90.080    113.176    4096
       1999 16.65833333333    4.63475   249.70227               -90.178      0.000    4128
       2000 16.66666666667    4.79904   249.83928               -90.208    118.639    4096
       2001 16.67500000000    4.96334   249.97657               -90.301    104.029    4096
       2002 16.68333333333    5.12765   250.11414               -90.399     98.851    4096
       2003 16.69166666667    5.29197   250.25199               -90.401  -2329.803    4096
       2004 16.70000000000    5.45630   250.39012               -90.358     98.861    4096
       2005 16.70833333333    5.62064   250.52852               -90.357    102.278    4096
       2007 16.72500000000    5.94936   250.80615                 0.000      0.000    5233
       2012 16.76666666667    6.77134   251.50504                 0.000      0.000    5232
       2013 16.77500000000    6.93577   251.64564              -147.619    130.051    4096
       2014 16.78333333333    7.10021   251.78651              -147.612    141.243    4096
       2015 16.79166666667    7.26466   251.92766              -147.427    108.931    4096
       2016 16.80000000000    7.42913   252.06907              -147.343     39.889    4097
       2018 16.81666666667    7.75810   252.35270                 0.000      0.000    5233
       2019 16.82500000000    7.92261   252.49493              -125.882    109.340    4096
       2020 16.83333333333    8.08713   252.63742              -125.960     99.974    4096
       2021 16.84166666667    8.25166   252.78018              -125.936    118.077    4096
       2022 16.85000000000    8.41620   252.92320              -126.043     83.100    4096
       2023 16.85833333333    8.58076   253.06650              -126.018     83.318    4096
       2024 16.86666666667    8.74533   253.21006              -126.102    120.942    4096
       2025 16.87500000000    8.90992   253.35388              -126.080    107.446    4096
       2026 16.88333333333    9.07452   253.49798              -126.230    120.790    4096
       2027 16.89166666667    9.23914   253.64233              -126.094     91.275    4096
       2028 16.90000000000    9.40377   253.78696              -126.084     87.030    4096
       2029 16.90833333333    9.56842   253.93184              -126.289    120.124    4096
       2030 16.91666666667    9.73308   254.07699              -126.463    105.923    4096
       2031 16.92500000000    9.89776   254.22240              -126.382    101.716    4096
       2032 16.93333333333   10.06245   254.36808              -126.177     99.413    4096
       2033 16.94166666667   10.22716   254.51401              -126.433    103.391    4096
       2034 16.95000000000   10.39188   254.66021              -126.580    106.485    4096
       2035 16.95833333333   10.55663   254.80667              -126.451     88.820    4096
       2036 16.96666666667   10.72139   254.95339              -126.623     95.587    4096
       2037 16.97500000000   10.88616   255.10037              -126.602    101.869    4096
       2038 16.98333333333   11.05096   255.24761              -126.705     96.853    4096
       2039 16.99166666667   11.21577   255.39511              -126.850     96.815    4096
       2040 17.00000000000   11.38060   255.54287              -126.918     94.921    4096
       2041 17.00833333333   11.54545   255.69089              -126.886     96.558    4096
       2042 17.01666666667   11.71031   255.83916              -126.966    110.158    4096
       2043 17.02500000000   11.87520   255.98770              -127.115    110.720    4096
       2044 17.03333333333   12.04010   256.13648              -127.096    102.954    4096
       2045 17.04166666667   12.20503   256.28553              -127.190    100.079    4096
       2046 17.05000000000   12.36997   256.43483              -127.124     96.405    4096
       2047 17.05833333333   12.53493   256.58439              -127.210     87.963    4096
       2048 17.06666666667   12.69992   256.73420              -127.355     96.443    4096
       2049 17.07500000000   12.86492   256.88427              -127.359    113.166    4096
       2050 17.08333333333   13.02994   257.03459              -127.564    103.506    4096
       2051 17.09166666667   13.19499   257.18517              -127.603     99.156    4096
       2052 17.10000000000   13.36006   257.33600              -127.679    101.754    4096
       2053 17.10833333333   13.52514   257.48709              -127.820     96.586    4096
       2054 17.11666666667   13.69025   257.63842              -128.009    104.581    4096
       2055 17.12500000000   13.85539   257.79001              -128.072    106.361    4096
       2056 17.13333333333   14.02054   257.94186              -128.082     90.723    4096
       2057 17.14166666667   14.18572   258.09395              -128.292     96.957    4096
       2058 17.15000000000   14.35092   258.24630              -128.411     85.803    4096
       2059 17.15833333333   14.51615   258.39889              -128.471     95.216    4096
       2060 17.16666666667   14.68139   258.55174              -128.421    100.650    4096
       2061 17.17500000000   14.84667   258.70484              -128.479     94.102    4096
       2062 17.18333333333   15.01196   258.85819              -128.481     98.747    4096
       2063 17.19166666667   15.17728   259.01179              -128.505     90.714    4096
       2064 17.20000000000   15.34263   259.16563              -128.546    109.349    4096
       2065 17.20833333333   15.50800   259.31973              -128.590     88.667    4096
       2066 17.21666666667   15.67340   259.47408              -128.678     92.608    4096
       2067 17.22500000000   15.83882   259.62867              -128.652     96.853    4096
       2068 17.23333333333   16.00427   259.78351              -128.739    103.249    4096
       2069 17.24166666667   16.16975   259.93860              -128.632     94.245    4096
       2070 17.25000000000   16.33525   260.09394              -128.635     91.646    4096
       2071 17.25833333333   16.50078   260.24953              -128.503     87.402    4096
       2072 17.26666666667   16.66634   260.40536              -128.533    108.264    4096
       2073 17.27500000000   16.83193   260.56144              -128.587     97.110    4096
       2074 17.28333333333   16.99754   260.71777              -128.626  -2333.449    4096
       2075 17.29166666667   17.16319   260.87434              -128.545     93.398    4096
       2076 17.30000000000   17.32886   261.03116              -128.590    103.353    4096
       2077 17.30833333333   17.49456   261.18823              -128.668    102.944    4096
       2078 17.31666666667   17.66030   261.34554              -128.663    101.345    4096
       2079 17.32500000000   17.82606   261.50309              -128.616     99.565    4096
       2080 17.33333333333   17.99185   261.66089              -128.644     95.587    4096
       2081 17.34166666667   18.15767   261.81894              -128.707    103.391    4096
       2082 17.35000000000   18.32353   261.97723              -128.713     95.358    4096
       2083 17.35833333333   18.48942   262.13577              -128.801     92.760    4096
       2084 17.36666666667   18.65533   262.29455              -128.911    106.218    4096
       2085 17.37500000000   18.82129   262.45357              -128.965     98.709    4096
       2086 17.38333333333   18.98727   262.61284              -129.041    114.556    4096
       2087 17.39166666667   19.15329   262.77235              -129.123     91.646    4096
       2088 17.40000000000   19.31934   262.93211              -129.195    103.391    4096
       2089 17.40833333333   19.48542   263.09211              -129.257     92.313    4096
       2090 17.41666666667   19.65154   263.25236              -129.391     89.486    4096
       2091 17.42500000000   19.81769   263.41284              -129.431     98.594    4096
       2092 17.43333333333   19.98388   263.57357              -129.473     93.731    4096
       2093 17.44166666667   20.15010   263.73455              -129.460     95.739    4096
       2094 17.45000000000   20.31636   263.89576              -129.500     98.337    4096
       2095 17.45833333333   20.48266   264.05722              -129.606     98.299    4096
       2096 17.46666666667   20.64899   264.21893              -129.767    102.582    4096
       2097 17.47500000000   20.81536   264.38087              -129.848    101.459    4096
       2098 17.48333333333   20.98176   264.54306             18910.974  -2321.038    4096
       2099 17.49166666667   21.14821   264.70549              -129.892    100.793    4096
       2100 17.50000000000   21.31469   264.86816              -130.051  -2335.609    4096
       2101 17.50833333333   21.48121   265.03108              -130.281     97.928    4096
       2102 17.51666666667   21.64777   265.19424              -130.384     98.185    4096
       2103 17.52500000000   21.81437   265.35764              -130.439     96.025    4096
       2104 17.53333333333   21.98101   265.52128              -130.498     98.747    4096
       2105 17.54166666667   22.14769   265.68517              -130.592    109.083    4096
       2106 17.55000000000   22.31441   265.84930              -130.712     98.889    4096
       2107 17.55833333333   22.48117   266.01367              -130.698     93.436    4096
       2108 17.56666666667   22.64797   266.17828              -130.870    102.687    4096
       2109 17.57500000000   22.81481   266.34314              -130.952    107.037    4096
       2110 17.58333333333   22.98170   266.50824              -131.123     96.177    4096
       2111 17.59166666667   23.14862   266.67358              -131.204     95.320    4096
       2112 17.60000000000   23.31560   266.83917              -131.305     90.314    4096
       2113 17.60833333333   23.48261   267.00500              -131.433     99.308    4096
       2114 17.61666666667   23.64967   267.17107              -131.495     97.928    4096
       2115 17.62500000000   23.81677   267.33738              -131.579    102.135    4096
       2116 17.63333333333   23.98392   267.50394              -131.577     96.253    4096
       2117 17.64166666667   24.15111   267.67074              -131.614     98.899    4096
       2118 17.65000000000   24.31835   267.83779              -131.679     91.942    4096
       2119 17.65833333333   24.48564   268.00508              -131.734     98.747    4096
       2120 17.66666666667   24.65297   268.17261              -131.790     95.739    4096
       2121 17.67500000000   24.82034   268.34039              -131.860    102.430    4096
       2122 17.68333333333   24.98777   268.50841              -131.972     91.389    4096
       2123 17.69166666667   25.15524   268.67668              -131.956     99.565    4096
       2124 17.70000000000   25.32276   268.84519              -132.010    104.324    4096
       2125 17.70833333333   25.49033   269.01395              -132.042     96.853    4096
       2126 17.71666666667   25.65795   269.18295              -132.103    107.446    4096
       2127 17.72500000000   25.82562   269.35220              -132.138    101.307    4096
       2128 17.73333333333   25.99334   269.52169              -132.234    100.488    4096
       2129 17.74166666667   26.16110   269.69144              -132.170     93.017    4096
       2130 17.75000000000   26.32892   269.86142              -132.186    102.839    4096
       2131 17.75833333333   26.49679   270.03166              -132.270    101.459    4096
       2132 17.76666666667   26.66472   270.20214              -132.290     99.413    4096
       2133 17.77500000000   26.83269   270.37287              -132.369     96.700    4096
       2134 17.78333333333   27.00072   270.54385              -132.468  -2327.767    4096
       2135 17.79166666667   27.16879   270.71507              -132.546    106.513    4096
       2136 17.80000000000   27.33693   270.88655              -132.542     99.004    4096
       2137 17.80833333333   27.50511   271.05827              -132.643    101.355    4096
       2138 17.81666666667   27.67335   271.23025              -132.589     91.123    4096
       2139 17.82500000000   27.84165   271.40247              -132.644    101.869    4096
       2140 17.83333333333   28.01000   271.57495              -132.672     98.337    4096
       2141 17.84166666667   28.17841   271.74768              -132.710    100.641    4096
       2142 17.85000000000   28.34687   271.92065              -132.699    100.089    4096
       2143 17.85833333333   28.51539   272.09389              -132.740     90.571    4096
       2144 17.86666666667   28.68396   272.26737              -132.734     95.482    4096
       2145 17.87500000000   28.85260   272.44111              -132.689     95.768    4096
       2146 17.88333333333   29.02129   272.61510              -132.734    100.384    4096
       2147 17.89166666667   29.19004   272.78935              -132.782    100.898    4096
       2148 17.90000000000   29.35885   272.96385              -132.819     94.540    4096
       2149 17.90833333333   29.52771   273.13861              -132.874     96.558    4096
       2150 17.91666666667   29.69664   273.31362              -132.847     99.261    4096
       2151 17.92500000000   29.86563   273.48890              -132.924     95.625    4096
       2152 17.93333333333   30.03467   273.66443              -132.928    101.459    4096
       2153 17.94166666667   30.20378   273.84022              -132.991    101.345    4096
       2154 17.95000000000   30.37295   274.01627              -133.034    100.536    4096
       2155 17.95833333333   30.54218   274.19258              -133.125     97.119    4096
       2156 17.96666666667   30.71148   274.36915              -133.190     97.376    4096
       2157 17.97500000000   30.88083   274.54599              -133.183     92.198    4096
       2158 17.98333333333   31.05025   274.72308              -133.221     94.921    4096
       2159 17.99166666667   31.21973   274.90044              -133.211     96.443    4096
       2160 18.00000000000   31.38928   275.07807              -133.271     91.389    4096
       2161 18.00833333333   31.55889   275.25596              -133.258     96.548    4096
       2162 18.01666666667   31.72857   275.43412              -133.293     94.540    4096
       2163 18.02500000000   31.89831   275.61255              -133.338     99.860    4096
       2164 18.03333333333   32.06812   275.79124              -133.425    100.793    4096
       2165 18.04166666667   32.23799   275.97021              -133.405     90.828    4096
       2166 18.05000000000   32.40793   276.14944              -133.424    102.011    4096
       2167 18.05833333333   32.57794   276.32895              -133.521     91.942    4096
       2168 18.06666666667   32.74801   276.50873             18907.413  -2345.717    4096
       2169 18.07500000000   32.91816   276.68879              -133.549     96.548    4096
       2170 18.08333333333   33.08837   276.86912              -133.643     99.004    4096
       2171 18.09166666667   33.25865   277.04973              -133.670     92.208    4096
       2172 18.10000000000   33.42900   277.23061              -133.698     96.405    4096
       2173 18.10833333333   33.59941   277.41178              -133.730     99.974    4096
       2174 18.11666666667   33.76990   277.59322              -133.726     90.828    4096
       2175 18.12500000000   33.94046   277.77495              -133.804     94.254    4096
       2176 18.13333333333   34.11109   277.95696              -133.857     97.528    4096
       2177 18.14166666667   34.28179   278.13926             18907.032  -2338.921    4096
       2178 18.15000000000   34.45257   278.32184              -133.902     94.245    4096
       2179 18.15833333333   34.62341   278.50471              -133.965     94.254    4096
       2180 18.16666666667   34.79433   278.68786              -133.954     96.443    4096
       2181 18.17500000000   34.96532   278.87131              -134.036     90.980    4096
       2182 18.18333333333   35.13638   279.05505              -134.042     90.009    4096
       2183 18.19166666667   35.30752   279.23908              -134.061     92.874    4096
       2184 18.20000000000   35.47873   279.42341              -134.116     97.671    4096
       2185 18.20833333333   35.65002   279.60804              -134.136     92.874    4096
       2186 18.21666666667   35.82138   279.79296              -134.177     94.245    4096
       2187 18.22500000000   35.99281   279.97819              -134.204     99.118    4096
       2188 18.23333333333   36.16432   280.16372              -134.249     91.799    4096
       2189 18.24166666667   36.33591   280.34955              -134.238     90.152    4096
       2190 18.25000000000   36.50758   280.53569              -134.276     95.216    4096
       2191 18.25833333333   36.67932   280.72213              -134.353  -2337.532    4096
       2192 18.26666666667   36.85114   280.90889              -134.380     91.942    4096
       2193 18.27500000000   37.02303   281.09595              -134.403     93.693    4096
       2194 18.28333333333   37.19501   281.28333              -134.517    102.573    4096
       2195 18.29166666667   37.36706   281.47103              -134.547     89.895    4096
       2196 18.30000000000   37.53919   281.65905              -134.626     97.367    4096
       2197 18.30833333333   37.71140   281.84738              -134.694     91.942    4096
       2198 18.31666666667   37.88369   282.03604              -134.756     90.676    4096
       2199 18.32500000000   38.05605   282.22502              -134.791     99.004    4096
       2200 18.33333333333   38.22850   282.41433              -134.912     91.646    4096
       2201 18.34166666667   38.40103   282.60397              -134.938     90.457    4096
       2202 18.35000000000   38.57364   282.79394              -135.044     95.996    4096
       2203 18.35833333333   38.74633   282.98424              -135.109     94.949    4096
       2204 18.36666666667   38.91910   283.17489              -135.196     91.237    4096
       2205 18.37500000000   39.09196   283.36587              -135.232     96.700    4096
       2206 18.38333333333   39.26489   283.55719              -135.252     89.752    4096
       2207 18.39166666667   39.43791   283.74886              -135.260     97.224    4096
       2208 18.40000000000   39.61101   283.94087              -135.307     90.828    4096
       2209 18.40833333333   39.78419   284.13324              -135.344     97.519    4096
       2210 18.41666666667   39.95746   284.32596              -135.374  -2344.642    4096
       2211 18.42500000000   40.13081   284.51903              -135.394     93.169    4096
       2212 18.43333333333   40.30424   284.71246             18905.482     91.942    4096
       2213 18.44166666667   40.47776   284.90626              -135.518     96.853    4096
       2214 18.45000000000   40.65136   285.10042              -135.558     93.836    4096
       2215 18.45833333333   40.82505   285.29495              -135.592     91.685    4096
       2216 18.46666666667   40.99882   285.48985              -135.641     93.988    4096
       2217 18.47500000000   41.17268   285.68512              -135.661     92.874    4096
       2218 18.48333333333   41.34662   285.88078              -135.655     94.806    4096
       2219 18.49166666667   41.52064   286.07681              -135.706    100.793    4096
       2220 18.50000000000   41.69476   286.27323              -135.740     93.693    4096
       2221 18.50833333333   41.86895   286.47004              -135.762     95.587    4096
       2222 18.51666666667   42.04324   286.66724              -135.809     96.301    4096
       2223 18.52500000000   42.21761   286.86483              -135.808     90.276    4096
       2224 18.53333333333   42.39207   287.06283              -135.828     91.903    4096
       2225 18.54166666667   42.56661   287.26123              -135.835  -2338.760    4096
       2226 18.55000000000   42.74124   287.46003              -135.885     98.033    4096
       2227 18.55833333333   42.91596   287.65925              -135.915     91.685    4096
       2228 18.56666666667   43.09076   287.85888              -135.936     99.270    4096
       2229 18.57500000000   43.26565   288.05894              -135.968     94.806    4096
       2230 18.58333333333   43.44063   288.25941              -136.007     95.216    4096
       2231 18.59166666667   43.61570   288.46032              -136.069     95.882    4096
       2232 18.60000000000   43.79086   288.66166              -136.108     93.950    4096
       2233 18.60833333333   43.96610   288.86343              -136.121     94.768    4096
       2234 18.61666666667   44.14143   289.06565              -136.133     90.419    4096
       2235 18.62500000000   44.31685   289.26832              -136.187     97.785    4096
       2236 18.63333333333   44.49235   289.47143              -136.228     95.625    4096
       2237 18.64166666667   44.66795   289.67500              -136.236     91.646    4096
       2238 18.65000000000   44.84363   289.87904              -136.279     90.009    4096
       2239 18.65833333333   45.01940   290.08354              -136.287     96.548    4096
       2240 18.66666666667   45.19526   290.28851              -136.277     90.980    4096
       2241 18.67500000000   45.37121   290.49396              -136.313     94.245    4096
       2242 18.68333333333   45.54725   290.69989              -136.322     93.426    4096
       2243 18.69166666667   45.72337   290.90631              -136.361     88.001    4096
       2244 18.70000000000   45.89958   291.11322              -136.362     97.262    4096
       2245 18.70833333333   46.07588   291.32064              -136.394     90.856    4096
       2246 18.71666666667   46.25227   291.52855              -136.452     92.208    4096
       2247 18.72500000000   46.42875   291.73698              -136.423     89.495    4096
       2248 18.73333333333   46.60532   291.94593              -136.461     95.625    4096
       2249 18.74166666667   46.78197   292.15540              -136.537     93.274    4096
       2250 18.75000000000   46.95871   292.36540              -136.541     93.721    4096
       2251 18.75833333333   47.13554   292.57594              -136.524     92.351    4096
       2252 18.76666666667   47.31246   292.78702              -136.603     95.473    4096
       2253 18.77500000000   47.48946   292.99865              -136.582     92.313    4096
       2254 18.78333333333   47.66655   293.21083              -136.662     89.343    4096
       2255 18.79166666667   47.84373   293.42358              -136.670     92.056    4096
       2256 18.80000000000   48.02100   293.63690              -136.640     94.511    4096
       2257 18.80833333333   48.19835   293.85080              -136.653     95.073    4096
       2258 18.81666666667   48.37579   294.06529              -136.718     92.617    4096
       2259 18.82500000000   48.55331   294.28037              -136.725     93.845    4096
       2260 18.83333333333   48.73092   294.49605              -136.726     90.304    4096
       2261 18.84166666667   48.90862   294.71234              -136.714     88.001    4096
       2262 18.85000000000   49.08640   294.92925              -136.761     95.063    4096
       2263 18.85833333333   49.26427   295.14678              -136.789     94.806    4096
       2264 18.86666666667   49.44222   295.36495              -136.781     89.086    4096
       2265 18.87500000000   49.62026   295.58376              -136.798     95.587    4096
       2266 18.88333333333   49.79838   295.80322              -136.782     93.845    4096
       2267 18.89166666667   49.97658   296.02334              -136.824     94.102    4096
       2268 18.90000000000   50.15487   296.24413              -136.819     91.237    4096
       2269 18.90833333333   50.33324   296.46560              -136.850  -2347.763    4096
       2270 18.91666666667   50.51169   296.68776              -136.850     92.874    4096
       2271 18.92500000000   50.69022   296.91062              -136.854     93.950    4096
       2272 18.93333333333   50.86884   297.13419              -136.854     93.988    4096
       2273 18.94166666667   51.04753   297.35847              -136.850     89.638    4096
       2274 18.95000000000   51.22631   297.58349              -136.850     93.426    4096
       2275 18.95833333333   51.40516   297.80925              -136.843     93.693    4096
       2276 18.96666666667   51.58409   298.03575              -136.883     89.600    4096
       2277 18.97500000000   51.76311   298.26302              -136.898     90.266    4096
       2278 18.98333333333   51.94219   298.49106              -136.891     93.836    4096
       2279 18.99166666667   52.12136   298.71989              -136.909     98.452    4096
       2280 19.00000000000   52.30060   298.94951              -136.885     90.571    4096
       2281 19.00833333333   52.47992   299.17994              -136.851     97.376    4096
       2282 19.01666666667   52.65931   299.41119              -136.880     89.752    4096
       2283 19.02500000000   52.83877   299.64327              -136.878     87.297    4096
       2284 19.03333333333   53.01831   299.87621              -136.887     95.473    4096
       2285 19.04166666667   53.19792   300.11000              -136.907     92.617    4096
       2286 19.05000000000   53.37760   300.34466              -136.906     92.608    4096
       2287 19.05833333333   53.55735   300.58021              -136.920     93.540    4096
       2288 19.06666666667   53.73717   300.81666              -136.953     89.600    4096
       2289 19.07500000000   53.91706   301.05403              -136.990     88.230    4096
       2290 19.08333333333   54.09701   301.29233              -136.971     91.685    4096
       2291 19.09166666667   54.27703   301.53157              -136.983     92.503    4096
       2292 19.10000000000   54.45711   301.77177              -137.025     93.284    4096
       2293 19.10833333333   54.63726   302.01294              -137.033     92.760    4096
       2294 19.11666666667   54.81747   302.25511              -137.059     87.858    4096
       2295 19.12500000000   54.99774   302.49829              -137.044     94.254    4096
       2296 19.13333333333   55.17807   302.74249              -137.105     89.191    4096
       2297 19.14166666667   55.35846   302.98773              -137.132     91.532    4096
       2298 19.15000000000   55.53890   303.23404              -137.168     94.664    4096
       2299 19.15833333333   55.71940   303.48142              -137.218     93.312    4096
       2300 19.16666666667   55.89995   303.72989              -137.228     94.921    4096
       2301 19.17500000000   56.08056   303.97948              -137.252     91.123    4096
       2302 19.18333333333   56.26122   304.23020              -137.289     89.752    4096
       2303 19.19166666667   56.44192   304.48208              -137.302     93.169    4096
       2304 19.20000000000   56.62267   304.73513              -137.331     90.723    4096
       2305 19.20833333333   56.80347   304.98937              -137.345     89.867    4096
       2306 19.21666666667   56.98431   305.24482              -137.375     90.266    4096
       2307 19.22500000000   57.16520   305.50151              -137.404     90.457    4096
       2308 19.23333333333   57.34612   305.75946              -137.424     91.913    4096
       2309 19.24166666667   57.52708   306.01869              -137.426     92.617    4096
       2310 19.25000000000   57.70808   306.27922              -137.427     91.380    4096
       2311 19.25833333333   57.88911   306.54108              -137.432     89.086    4096
       2312 19.26666666667   58.07017   306.80429              -137.477     89.486    4096
       2313 19.27500000000   58.25126   307.06887              -137.458     92.313    4096
       2314 19.28333333333   58.43238   307.33486              -137.463     92.351    4096
       2315 19.29166666667   58.61352   307.60227              -137.465     87.706    4096
       2316 19.30000000000   58.79468   307.87113              -137.500     96.034    4096
       2317 19.30833333333   58.97586   308.14147              -137.509     91.799    4096
       2318 19.31666666667   59.15706   308.41332              -137.517     90.971    4096
       2319 19.32500000000   59.33828   308.68670              -137.536     90.419    4096
       2320 19.33333333333   59.51950   308.96165              -137.574     90.162    4096
       2321 19.34166666667   59.70074   309.23819              -137.576     92.198    4096
       2322 19.35000000000   59.88198   309.51636              -137.597     91.646    4096
       2323 19.35833333333   60.06322   309.79618              -137.595     90.571    4096
       2324 19.36666666667   60.24446   310.07769              -137.611     91.903    4096
       2325 19.37500000000   60.42570   310.36093              -137.589     89.857    4096
       2326 19.38333333333   60.60693   310.64591              -137.586     91.799    4096
       2327 19.39166666667   60.78815   310.93269              -137.585     94.654    4096
       2328 19.40000000000   60.96935   311.22128              -137.563     90.304    4096
       2329 19.40833333333   61.15054   311.51174              -137.581     90.561    4096
       2330 19.41666666667   61.33170   311.80409              -137.542     89.895    4096
       2331 19.42500000000   61.51284   312.09838              -137.567     89.895    4096
       2332 19.43333333333   61.69395   312.39465              -137.559     93.017    4096
       2333 19.44166666667   61.87503   312.69292              -137.543     89.867    4096
       2334 19.45000000000   62.05607   312.99325              -137.529     90.304    4096
       2335 19.45833333333   62.23706   313.29568              -137.539     90.152    4096
       2336 19.46666666667   62.41801   313.60024              -137.533     90.009    4096
       2337 19.47500000000   62.59891   313.90699              -137.541     92.770    4096
       2338 19.48333333333   62.77976   314.21597              -137.536     90.162    4096
       2339 19.49166666667   62.96054   314.52722              -137.527     92.465    4096
       2340 19.50000000000   63.14125   314.84080              -137.557     93.579    4096
       2341 19.50833333333   63.32190   315.15674              -137.576     89.191    4096
       2342 19.51666666667   63.50246   315.47511              -137.551     93.836    4096
       2343 19.52500000000   63.68295   315.79595              -137.569     89.448    4096
       2344 19.53333333333   63.86334   316.11932              -137.549     92.465    4096
       2345 19.54166666667   64.04365   316.44526              -137.555     83.870    4096
       2346 19.55000000000   64.22385   316.77384              -137.595     92.874    4096
       2347 19.55833333333   64.40395   317.10511              -137.633     90.828    4096
       2348 19.56666666667   64.58393   317.43913              -137.624     89.343    4096
       2349 19.57500000000   64.76380   317.77596              -137.645     90.152    4096
       2350 19.58333333333   64.94354   318.11567              -137.650     91.380    4096
       2351 19.59166666667   65.12315   318.45831              -137.634     90.314    4096
       2352 19.60000000000   65.30261   318.80394              -137.658     89.638    4096
       2353 19.60833333333   65.48193   319.15265              -137.697     90.457    4096
       2354 19.61666666667   65.66109   319.50449              -137.710     87.963    4096
       2355 19.62500000000   65.84009   319.85953              -137.725     92.198    4096
       2356 19.63333333333   66.01892   320.21785              -137.693     91.237    4096
       2357 19.64166666667   66.19757   320.57953              -137.669     88.677    4096
       2358 19.65000000000   66.37603   320.94463              -137.711     93.284    4096
       2359 19.65833333333   66.55429   321.31323              -137.686     92.313    4096
       2360 19.66666666667   66.73234   321.68542              -137.722     89.191    4096
       2361 19.67500000000   66.91017   322.06128              -137.704     90.714    4096
       2362 19.68333333333   67.08778   322.44089              -137.728     93.436    4096
       2363 19.69166666667   67.26515   322.82434              -137.718     88.782    4096
       2364 19.70000000000   67.44228   323.21172              -137.735     90.571    4096
       2365 19.70833333333   67.61914   323.60312              -137.711     91.494    4096
       2366 19.71666666667   67.79574   323.99863              -137.690     89.486    4096
       2367 19.72500000000   67.97205   324.39836              -137.728     93.693    4096
       2368 19.73333333333   68.14807   324.80239              -137.719     90.723    4096
       2369 19.74166666667   68.32378   325.21084              -137.727     94.102    4096
       2370 19.75000000000   68.49918   325.62380              -137.725     89.495    4096
       2371 19.75833333333   68.67424   326.04138              -137.735     89.343    4096
       2372 19.76666666667   68.84896   326.46370              -137.720  -2344.337    4096
       2373 19.77500000000   69.02331   326.89087              -137.702     91.675    4096
       2374 19.78333333333   69.19730   327.32301              -137.723     89.905    4096
       2375 19.79166666667   69.37089   327.76022              -137.701     89.334    4096
       2376 19.80000000000   69.54408   328.20264              -137.692     90.152    4096
       2377 19.80833333333   69.71684   328.65040              -137.709     93.169    4096
       2378 19.81666666667   69.88917   329.10361              -137.669     91.085    4096
       2379 19.82500000000   70.06104   329.56242              -137.664     91.951    4096
       2380 19.83333333333   70.23244   330.02696              -137.648     91.389    4096
       2381 19.84166666667   70.40335   330.49737              -137.638     92.608    4096
       2382 19.85000000000   70.57375   330.97379              -137.612     89.610    4096
       2383 19.85833333333   70.74362   331.45637              -137.605     93.388    4096
       2384 19.86666666667   70.91294   331.94526              -137.601     90.162    4096
       2385 19.87500000000   71.08169   332.44061              -137.596     90.971    4096
       2386 19.88333333333   71.24984   332.94258              -137.592     92.770    4096
       2387 19.89166666667   71.41738   333.45134              -137.590     91.799    4096
       2388 19.90000000000   71.58428   333.96705              -137.557     91.637    4096
       2389 19.90833333333   71.75052   334.48987              -137.572     90.828    4096
       2390 19.91666666667   71.91607   335.01999              -137.581     91.494    4096
       2391 19.92500000000   72.08090   335.55758              -137.537     91.494    4096
       2392 19.93333333333   72.24500   336.10281              -137.526     90.419    4096
       2393 19.94166666667   72.40833   336.65589              -137.526     90.304    4096
       2394 19.95000000000   72.57086   337.21699              -137.529     91.646    4096
       2395 19.95833333333   72.73257   337.78631              -137.530     90.980    4096
       2396 19.96666666667   72.89343   338.36404              -137.520     89.895    4096
       2397 19.97500000000   73.05339   338.95039              -137.491     90.980    4096
       2398 19.98333333333   73.21244   339.54557              -137.517     89.752    4096
       2399 19.99166666667   73.37054   340.14977              -137.486     95.330    4096
       2400 20.00000000000   73.52767   340.76324              -137.478     89.334    4096
       2401 20.00833333333   73.68373   341.38613              -137.471     91.123    4096
       2402 20.01666666667   73.83875   342.01871              -137.484     92.865    4096
       2403 20.02500000000   73.99268   342.66118              -137.477     91.389    4096
       2404 20.03333333333   74.14547   343.31378              -137.480     91.123    4096
       2405 20.04166666667   74.29708   343.97672              -137.464     95.587    4096
       2406 20.05000000000   74.44746   344.65024              -137.463  -2345.422    4096
       2407 20.05833333333   74.59659   345.33457              -137.468     89.790    4096
       2408 20.06666666667   74.74440   346.02993              -137.461     91.942    4096
       2409 20.07500000000   74.89086   346.73656              -137.470     92.874    4096
       2410 20.08333333333   75.03591   347.45470              -137.463     88.629    4096
       2411 20.09166666667   75.17951   348.18457              -137.453     89.895    4096
       2412 20.10000000000   75.32161   348.92641              -137.473     90.304    4096
       2413 20.10833333333   75.46215   349.68045              -137.475     93.436    4096
       2414 20.11666666667   75.60108   350.44692              -137.477     89.895    4096
       2415 20.12500000000   75.73835   351.22604              -137.484     92.731    4096
       2416 20.13333333333   75.87389   352.01804              -137.491     94.131    4096
       2417 20.14166666667   76.00765   352.82313              -137.484     91.799    4096
       2418 20.15000000000   76.13957   353.64153              -137.483     92.056    4096
       2419 20.15833333333   76.26959   354.47343              -137.469     92.208    4096
       2420 20.16666666667   76.39765   355.31904              -137.475     89.905    4096
       2421 20.17500000000   76.52367   356.17854              -137.469  -2344.603    4096
       2422 20.18333333333   76.64759   357.05211              -137.458     89.752    4096
       2423 20.19166666667   76.76935   357.93992              -137.458     93.169    4096
       2424 20.20000000000   76.88888   358.84210              -137.440     88.525    4096
       2425 20.20833333333   77.00610   359.75881              -137.464     94.664    4096
       2426 20.21666666667   77.12094     0.69016              -137.449     92.056    4096
       2427 20.22500000000   77.23333     1.63624              -137.443     92.208    4096
       2428 20.23333333333   77.34320     2.59714              -137.423     93.731    4096
       2429 20.24166666667   77.45046     3.57292              -137.420     89.343    4096
       2430 20.25000000000   77.55505     4.56360              -137.418     94.359    4096
       2431 20.25833333333   77.65689     5.56920              -137.412     92.198    4096
       2432 20.26666666667   77.75589     6.58970              -137.401     91.685    4096
       2433 20.27500000000   77.85198     7.62505              -137.401     90.561    4096
       2434 20.28333333333   77.94508     8.67515              -137.409     93.845    4096
       2435 20.29166666667   78.03510     9.73991              -137.416     90.980    4096
       2436 20.30000000000   78.12198    10.81916              -137.399     91.799    4096
       2437 20.30833333333   78.20563    11.91272              -137.419     90.419    4096
       2438 20.31666666667   78.28597    13.02037              -137.429     89.229    4096
       2439 20.32500000000   78.36292    14.14183              -137.411     92.198    4096
       2440 20.33333333333   78.43641    15.27681              -137.391     90.561    4096
       2441 20.34166666667   78.50636    16.42494              -137.406     91.913    4096
       2442 20.35000000000   78.57269    17.58584              -137.416     92.874    4096
       2443 20.35833333333   78.63534    18.75907              -137.409     91.085    4096
       2444 20.36666666667   78.69422    19.94415              -137.419     92.351    4096
       2445 20.37500000000   78.74928    21.14056              -137.417     89.743    4096
       2446 20.38333333333   78.80044    22.34772              -137.419     92.874    4096
       2447 20.39166666667   78.84764    23.56504              -137.409     89.752    4096
       2448 20.40000000000   78.89082    24.79185              -137.413     88.410    4096
       2449 20.40833333333   78.92993    26.02746              -137.416     93.131    4096
       2450 20.41666666667   78.96490    27.27115              -137.426  -2344.194    4096
       2451 20.42500000000   78.99570    28.52215              -137.425     89.191    4096
       2452 20.43333333333   79.02228    29.77966              -137.412     90.714    4096
       2453 20.44166666667   79.04458    31.04285              -137.433     91.789    4096
       2454 20.45000000000   79.06259    32.31086              -137.441     91.389    4096
       2455 20.45833333333   79.07627    33.58281              -137.440     90.571    4096
       2456 20.46666666667   79.08559    34.85780              -137.427     91.903    4096
       2457 20.47500000000   79.09053    36.13492              -137.430     90.714    4096
       2458 20.48333333333   79.09107    37.41325              -137.412  -2345.717    4096
       2459 20.49166666667   79.08721    38.69184              -137.393     89.905    4096
       2460 20.50000000000   79.07894    39.96976              -137.404     89.381    4096
       2461 20.50833333333   79.06627    41.24609              -137.392     92.874    4096
       2462 20.51666666667   79.04919    42.51989              -137.381     90.714    4096
       2463 20.52500000000   79.02771    43.79024              -137.395  -2345.574    4096
       2464 20.53333333333   79.00186    45.05626              -137.378     92.208    4096
       2465 20.54166666667   78.97166    46.31707              -137.385     92.056    4096
       2466 20.55000000000   78.93713    47.57179              -137.358     91.646    4096
       2467 20.55833333333   78.89830    48.81962              -137.343     91.532    4096
       2468 20.56666666667   78.85521    50.05974             18903.615  -2345.051    4096
       2469 20.57500000000   78.80790    51.29140              -137.335     90.828    4096
       2470 20.58333333333   78.75641    52.51386              -137.322     92.455    4096
       2471 20.59166666667   78.70080    53.72644              -137.328     91.237    4096
       2472 20.60000000000   78.64111    54.92848              -137.290     95.320    4096
       2473 20.60833333333   78.57741    56.11938              -137.279     90.685    4096
       2474 20.61666666667   78.50974    57.29857              -137.266     92.988    4096
       2475 20.62500000000   78.43817    58.46553              -137.256     91.275    4096
       2476 20.63333333333   78.36276    59.61978              -137.253     92.056    4096
       2477 20.64166666667   78.28358    60.76088              -137.232     90.980    4096
       2478 20.65000000000   78.20070    61.88845              -137.217     90.980    4096
       2479 20.65833333333   78.11419    63.00213              -137.210     88.525    4096
       2480 20.66666666667   78.02412    64.10163              -137.222     93.540    4096
       2481 20.67500000000   77.93055    65.18666              -137.187     90.162    4096
       2482 20.68333333333   77.83357    66.25702              -137.190     92.465    4096
       2483 20.69166666667   77.73325    67.31251              -137.177  -2346.393    4096
       2484 20.70000000000   77.62966    68.35299              -137.206     91.799    4096
       2485 20.70833333333   77.52287    69.37834              -137.180     94.245    4096
       2486 20.71666666667   77.41297    70.38848              -137.178     91.389    4096
       2487 20.72500000000   77.30002    71.38336              -137.170     92.760    4096
       2488 20.73333333333   77.18409    72.36296              -137.182     92.912    4096
       2489 20.74166666667   77.06527    73.32730              -137.145     90.266    4096
       2490 20.75000000000   76.94362    74.27640              -137.154     93.017    4096
       2491 20.75833333333   76.81922    75.21032              -137.104     93.540    4096
       2492 20.76666666667   76.69214    76.12915              -137.081     92.874    4096
       2493 20.77500000000   76.56244    77.03298              -137.091     95.216    4096
       2494 20.78333333333   76.43020    77.92194              -137.059     92.579    4096
       2495 20.79166666667   76.29548    78.79616              -137.044     90.571    4096
       2496 20.80000000000   76.15835    79.65579              -137.028     95.178    4096
       2497 20.80833333333   76.01888    80.50100              -137.013     92.056    4096
       2498 20.81666666667   75.87713    81.33196              -136.987     93.131    4096
       2499 20.82500000000   75.73316    82.14887              -137.001     90.828    4096
       2500 20.83333333333   75.58703    82.95191              -136.986     92.198    4096
       2501 20.84166666667   75.43881    83.74130              -136.973     92.351    4096
       2502 20.85000000000   75.28855    84.51725              -136.958     93.836    4096
       2503 20.85833333333   75.13631    85.27996              -136.931     92.198    4096
       2504 20.86666666667   74.98214    86.02968              -136.942     91.799    4096
       2505 20.87500000000   74.82610    86.76662              -136.913     95.473    4096
       2506 20.88333333333   74.66824    87.49100              -136.907     91.799    4096
       2507 20.89166666667   74.50861    88.20307              -136.901  -2345.422    4096
       2508 20.90000000000   74.34727    88.90305              -136.857     93.284    4096
       2509 20.90833333333   74.18425    89.59118              -136.858     93.017    4096
       2510 20.91666666667   74.01961    90.26770              -136.842     90.828    4096
       2511 20.92500000000   73.85340    90.93282             18904.110  -2343.414    4096
       2512 20.93333333333   73.68565    91.58679              -136.813     95.473    4096
       2513 20.94166666667   73.51641    92.22984              -136.811     93.169    4096
       2514 20.95000000000   73.34572    92.86219              -136.766     97.633    4096
       2515 20.95833333333   73.17363    93.48407              -136.766     91.132    4096
       2516 20.96666666667   73.00016    94.09571              -136.768     94.511    4096
       2517 20.97500000000   72.82537    94.69732              -136.743     92.608    4096
       2518 20.98333333333   72.64928    95.28913              -136.745     91.685    4096
       2519 20.99166666667   72.47194    95.87134              -136.712     92.465    4096
       2520 21.00000000000   72.29337    96.44418              -136.697     92.208    4096
       2521 21.00833333333   72.11361    97.00785              -136.675     91.799    4096
       2522 21.01666666667   71.93269    97.56256             18904.246     91.389    4096
       2523 21.02500000000   71.75065    98.10850              -136.652     92.198    4096
       2524 21.03333333333   71.56751    98.64587              -136.635     91.494    4096
       2525 21.04166666667   71.38331    99.17488              -136.643     96.548    4096
       2526 21.05000000000   71.19807    99.69569              -136.613     94.511    4096
       2527 21.05833333333   71.01182   100.20851              -136.595     89.600    4096
       2528 21.06666666667   70.82459   100.71351              -136.575     90.980    4096
       2529 21.07500000000   70.63641   101.21088              -136.578     93.950    4096
       2530 21.08333333333   70.44729   101.70077              -136.567     94.102    4096
       2531 21.09166666667   70.25727   102.18337              -136.551     93.388    4096
       2532 21.10000000000   70.06636   102.65884              -136.552     93.579    4096
       2533 21.10833333333   69.87460   103.12735              -136.526     93.284    4096
       2534 21.11666666667   69.68200   103.58904              -136.474     94.131    4096
       2535 21.12500000000   69.48858   104.04408              -136.485     91.237    4096
       2536 21.13333333333   69.29437   104.49261              -136.459     92.874    4096
       2537 21.14166666667   69.09939   104.93478              -136.409     94.245    4096
       2538 21.15000000000   68.90365   105.37074              -136.410     90.980    4096
       2539 21.15833333333   68.70717   105.80062              -136.411     93.426    4096
       2540 21.16666666667   68.50998   106.22457              -136.351     90.009    4096
       2541 21.17500000000   68.31210   106.64270              -136.344     95.025    4096
       2542 21.18333333333   68.11353   107.05516              -136.299     92.198    4096
       2543 21.19166666667   67.91429   107.46207              -136.262     93.579    4096
       2544 21.20000000000   67.71441   107.86355              -136.263     90.828    4096
       2545 21.20833333333   67.51390   108.25972              -136.252     90.866    4096
       2546 21.21666666667   67.31277   108.65070              -136.234     94.654    4096
       2547 21.22500000000   67.11104   109.03660              -136.190     93.169    4096
       2548 21.23333333333   66.90873   109.41753              -136.183     92.465    4096
       2549 21.24166666667   66.70584   109.79360              -136.121     92.722    4096
       2550 21.25000000000   66.50240   110.16491              -136.134     89.857    4096
       2551 21.25833333333   66.29841   110.53157              -136.147     95.063    4096
       2552 21.26666666667   66.09389   110.89368              -136.096     91.942    4096
       2553 21.27500000000   65.88886   111.25133              -136.068     92.722    4096
       2554 21.28333333333   65.68331   111.60461              -136.048     92.351    4096
       2555 21.29166666667   65.47728   111.95363              -136.039     93.027    4096
       2556 21.30000000000   65.27076   112.29846              -136.028     95.473    4096
       2557 21.30833333333   65.06377   112.63920              -135.982     91.685    4096
       2558 21.31666666667   64.85632   112.97593              -136.007     94.511    4096
       2559 21.32500000000   64.64842   113.30873              -135.963     91.951    4096
       2560 21.33333333333   64.44008   113.63769              -135.942     93.988    4096
       2561 21.34166666667   64.23132   113.96287              -135.904     90.676    4096
       2562 21.35000000000   64.02213   114.28437              -135.888     93.027    4096
       2563 21.35833333333   63.81254   114.60225              -135.897     93.169    4096
       2564 21.36666666667   63.60255   114.91658              -135.858     96.815    4096
       2565 21.37500000000   63.39217   115.22743              -135.817     88.667    4096
       2566 21.38333333333   63.18142   115.53488              -135.787     95.320    4096
       2567 21.39166666667   62.97028   115.83900              -135.776     89.905    4096
       2568 21.40000000000   62.75879   116.13983              -135.770     95.587    4096
       2569 21.40833333333   62.54694   116.43746              -135.741     93.579    4096
       2570 21.41666666667   62.33475   116.73194              -135.727     94.806    4096
       2571 21.42500000000   62.12222   117.02333              -135.697     92.865    4096
       2572 21.43333333333   61.90935   117.31169              -135.679     89.086    4096
       2573 21.44166666667   61.69617   117.59707             18905.288     90.980    4096
       2574 21.45000000000   61.48267   117.87954              -135.619     90.866    4096
       2575 21.45833333333   61.26886   118.15915              -135.597     96.710    4096
       2576 21.46666666667   61.05475   118.43595              -135.587     90.571    4096
       2577 21.47500000000   60.84035   118.70999              -135.534     97.776    4096
       2578 21.48333333333   60.62566   118.98133              -135.506     91.380    4096
       2579 21.49166666667   60.41069   119.25001              -135.483     91.389    4096
       2580 21.50000000000   60.19544   119.51607              -135.448     95.730    4096
       2581 21.50833333333   59.97993   119.77958              -135.395     93.426    4096
       2582 21.51666666667   59.76416   120.04056              -135.399     97.110    4096
       2583 21.52500000000   59.54813   120.29908              -135.336     94.245    4096
       2584 21.53333333333   59.33186   120.55516              -135.312     92.874    4096
       2585 21.54166666667   59.11534   120.80886              -135.289     93.988    4096
       2586 21.55000000000   58.89858   121.06020              -135.269     93.284    4096
       2587 21.55833333333   58.68159   121.30925              -135.255     90.152    4096
       2588 21.56666666667   58.46438   121.55602              -135.230     95.882    4096
       2589 21.57500000000   58.24694   121.80057              -135.194     93.436    4096
       2590 21.58333333333   58.02929   122.04293              -135.180  -2346.536    4096
       2591 21.59166666667   57.81143   122.28313              -135.127     91.494    4096
       2592 21.60000000000   57.59336   122.52121              -135.126     93.579    4096
       2593 21.60833333333   57.37510   122.75721              -135.077     96.443    4096
       2594 21.61666666667   57.15664   122.99116              -135.044     94.140    4096
       2595 21.62500000000   56.93799   123.22309              -135.011     93.284    4096
       2596 21.63333333333   56.71915   123.45303              -134.950     93.426    4096
       2597 21.64166666667   56.50013   123.68102              -134.922     96.253    4096
       2598 21.65000000000   56.28093   123.90709              -134.884     91.646    4096
       2599 21.65833333333   56.06157   124.13127              -134.827     94.768    4096
       2600 21.66666666667   55.84203   124.35358              -134.797     96.291    4096
       2601 21.67500000000   55.62234   124.57407              -134.741     93.017    4096
       2602 21.68333333333   55.40248   124.79274              -134.730     93.312    4096
       2603 21.69166666667   55.18247   125.00964              -134.691     91.903    4096
       2604 21.70000000000   54.96231   125.22478              -134.666     95.730    4096
       2605 21.70833333333   54.74200   125.43820              -134.636     96.853    4096
       2606 21.71666666667   54.52155   125.64992              -134.595     94.921    4096
       2607 21.72500000000   54.30096   125.85996              -134.561     95.063    4096
       2608 21.73333333333   54.08024   126.06836              -134.554     96.291    4096
       2609 21.74166666667   53.85938   126.27512              -134.513  -2340.511    4096
       2610 21.75000000000   53.63840   126.48029              -134.465     88.372    4096
       2611 21.75833333333   53.41729   126.68387              -134.490     97.519    4096
       2612 21.76666666667   53.19607   126.88590              -134.455     94.511    4096
       2613 21.77500000000   52.97473   127.08639              -134.404     91.789    4096
       2614 21.78333333333   52.75327   127.28536              -134.393     90.971    4096
       2615 21.79166666667   52.53171   127.48285              -134.380     91.389    4096
       2616 21.80000000000   52.31004   127.67885              -134.324     94.511    4096
       2617 21.80833333333   52.08826   127.87341              -134.307     90.162    4096
       2618 21.81666666667   51.86639   128.06653              -134.285     99.299    4096
       2619 21.82500000000   51.64442   128.25824              -134.257     92.722    4096
       2620 21.83333333333   51.42236   128.44855              -134.229     91.646    4096
       2621 21.84166666667   51.20021   128.63748              -134.218     93.579    4096
       2622 21.85000000000   50.97797   128.82506              -134.192     95.178    4096
       2623 21.85833333333   50.75565   129.01129              -134.156     96.700    4096
       2624 21.86666666667   50.53324   129.19620              -134.128     97.224    4096
       2625 21.87500000000   50.31076   129.37980              -134.076     96.815    4096
       2626 21.88333333333   50.08821   129.56211              -134.102     90.971    4096
       2627 21.89166666667   49.86558   129.74314              -134.021     93.683    4096
       2628 21.90000000000   49.64289   129.92291              -133.993     96.291    4096
       2629 21.90833333333   49.42013   130.10144              -133.984     93.284    4096
       2630 21.91666666667   49.19730   130.27874              -133.930     95.996    4096
       2631 21.92500000000   48.97442   130.45483              -133.923     95.178    4096
       2632 21.93333333333   48.75147   130.62972              -133.888     88.382    4096
       2633 21.94166666667   48.52848   130.80342              -133.892  -2342.148    4096
       2634 21.95000000000   48.30543   130.97595              -133.836     98.747    4096
       2635 21.95833333333   48.08233   131.14732              -133.830     97.671    4096
       2636 21.96666666667   47.85918   131.31755              -133.803  -2343.414    4096
       2637 21.97500000000   47.63599   131.48664              -133.760     96.558    4096
       2638 21.98333333333   47.41276   131.65462              -133.726     93.426    4096
       2639 21.99166666667   47.18948   131.82149              -133.690    100.793    4096
       2640 22.00000000000   46.96616   131.98723              -133.653     90.009    4096
       2641 22.00833333333   46.74283   132.15196              -133.609     95.739    4096
       2642 22.01666666667   46.51945   132.31559              -133.602     96.148    4096
       2643 22.02500000000   46.29604   132.47815              -133.557     92.465    4096
       2644 22.03333333333   46.07261   132.63967              -133.487     95.358    4096
       2645 22.04166666667   45.84915   132.80016              -133.501     95.587    4096
       2646 22.05000000000   45.62567   132.95962              -133.429     89.857    4096
       2647 22.05833333333   45.40216   133.11806              -133.415     96.957    4096
       2648 22.06666666667   45.17864   133.27550              -133.392     94.768    4096
       2649 22.07500000000   44.95511   133.43195              -133.323     91.532    4096
       2650 22.08333333333   44.73156   133.58742              -133.283     97.214    4096
       2651 22.09166666667   44.50799   133.74191              -133.231     96.034    4096
       2652 22.10000000000   44.28442   133.89543              -133.204     91.646    4096
       2653 22.10833333333   44.06084   134.04800              -133.165     96.558    4096
       2654 22.11666666667   43.83726   134.19963              -133.147     92.760    4096
       2655 22.12500000000   43.61367   134.35032              -133.070     96.405    4096
       2656 22.13333333333   43.39008   134.50009              -133.038     93.284    4096
       2657 22.14166666667   43.16649   134.64893              -132.974     93.731    4096
       2658 22.15000000000   42.94290   134.79687              -132.986     95.206    4096
       2659 22.15833333333   42.71932   134.94391              -132.937     94.654    4096
       2660 22.16666666667   42.49575   135.09005              -132.908  -2342.148    4096
       2661 22.17500000000   42.27219   135.23531              -132.865     98.490    4096
       2662 22.18333333333   42.04863   135.37969              -132.778     89.191    4096
       2663 22.19166666667   41.82509   135.52320              -132.778     93.959    4096
       2664 22.20000000000   41.60156   135.66585              -132.716     92.208    4096
       2665 22.20833333333   41.37805   135.80765              -132.716     93.540    4096
       2666 22.21666666667   41.15456   135.94860              -132.692    100.079    4096
       2667 22.22500000000   40.93109   136.08872              -132.627     99.565    4096
       2668 22.23333333333   40.70764   136.22800              -132.561     92.770    4096
       2669 22.24166666667   40.48422   136.36646              -132.541     92.865    4096
       2670 22.25000000000   40.26082   136.50409              -132.500     88.001    4096
       2671 22.25833333333   40.03745   136.64092              -132.524    100.641    4096
       2672 22.26666666667   39.81410   136.77694             18908.494     88.115    4096
       2673 22.27500000000   39.59079   136.91217              -132.396     99.013    4096
       2674 22.28333333333   39.36751   137.04660              -132.320     91.389    4096
       2675 22.29166666667   39.14427   137.18025              -132.281     96.443    4096
       2676 22.30000000000   38.92106   137.31312              -132.242     94.254    4096
       2677 22.30833333333   38.69789   137.44521              -132.207  -2342.852    4096
       2678 22.31666666667   38.47476   137.57654              -132.244    101.764    4096
       2679 22.32500000000   38.25167   137.70711              -132.126     91.942    4096
       2680 22.33333333333   38.02862   137.83692              -132.127     97.376    4096
       2681 22.34166666667   37.80562   137.96598              -132.102     90.818    4096
       2682 22.35000000000   37.58266   138.09429              -132.088     92.208    4096
       2683 22.35833333333   37.35975   138.22187              -132.012     93.540    4096
       2684 22.36666666667   37.13689   138.34871              -131.985     92.465    4096
       2685 22.37500000000   36.91409   138.47482              -131.934     97.376    4096
       2686 22.38333333333   36.69133   138.60021              -131.857     94.511    4096
       2687 22.39166666667   36.46863   138.72488              -131.895     98.080    4096
       2688 22.40000000000   36.24598   138.84883              -131.821     95.473    4096
       2689 22.40833333333   36.02339   138.97208              -131.767    102.573    4096
       2690 22.41666666667   35.80085   139.09462              -131.709     86.888    4096
       2691 22.42500000000   35.57838   139.21647              -131.715     98.080    4096
       2692 22.43333333333   35.35597   139.33762              -131.630     93.540    4096
       2693 22.44166666667   35.13362   139.45807              -131.562    101.316    4096
       2694 22.45000000000   34.91134   139.57784              -131.570     90.419    4096
       2695 22.45833333333   34.68912   139.69693             18909.419     96.586    4096
       2696 22.46666666667   34.46697   139.81535              -131.433     99.156    4096
       2697 22.47500000000   34.24488   139.93308              -131.372     96.177    4096
       2698 22.48333333333   34.02287   140.05015              -131.328  -2339.435    4096
       2699 22.49166666667   33.80093   140.16656              -131.259     83.623    4096
       2700 22.50000000000   33.57906   140.28230              -131.291     93.540    4096
       2701 22.50833333333   33.35726   140.39739              -131.219     96.148    4096
       2702 22.51666666667   33.13554   140.51182              -131.206     98.604    4096
       2703 22.52500000000   32.91390   140.62560              -131.121    100.241    4096
       2704 22.53333333333   32.69234   140.73874              -131.102     88.924    4096
       2705 22.54166666667   32.47085   140.85123              -131.098     94.359    4096
       2706 22.55000000000   32.24945   140.96308              -131.046     88.410    4096
       2707 22.55833333333   32.02812   141.07430              -131.058     96.034    4096
       2708 22.56666666667   31.80688   141.18489              -130.995    108.303    4096
       2709 22.57500000000   31.58573   141.29485              -130.957     94.502    4096
       2710 22.58333333333   31.36466   141.40418              -130.978     92.465    4096
       2711 22.59166666667   31.14367   141.51289              -130.925    102.944    4096
       2712 22.60000000000   30.92278   141.62098              -130.864     94.806    4096
       2713 22.60833333333   30.70197   141.72846              -130.898    100.945    4096
       2714 22.61666666667   30.48126   141.83532              -130.848     99.974    4096
       2715 22.62500000000   30.26064   141.94157              -130.831     99.156    4096
       2716 22.63333333333   30.04011   142.04722              -130.803     93.683    4096
       2717 22.64166666667   29.81967   142.15226              -130.733     99.004    4096
       2718 22.65000000000   29.59933   142.25670              -130.698     94.664    4096
       2719 22.65833333333   29.37909   142.36055              -130.609    102.278    4096
       2720 22.66666666667   29.15895   142.46379              -130.602     93.693    4096
       2721 22.67500000000   28.93890   142.56645              -130.607  -2336.980    4096
       2722 22.68333333333   28.71895   142.66851              -130.613     99.974    4096
       2723 22.69166666667   28.49911   142.76999              -130.533     86.621    4096
       2724 22.70000000000   28.27937   142.87088              -130.477    105.542    4096
       2725 22.70833333333   28.05973   142.97119              -130.437    104.058    4096
       2726 22.71666666667   27.84020   143.07092              -130.459     90.714    4096
       2727 22.72500000000   27.62077   143.17007              -130.418     92.198    4096
       2728 22.73333333333   27.40145   143.26864              -130.411     90.866    4096
       2729 22.74166666667   27.18223   143.36664              -130.379    101.726    4096
       2730 22.75000000000   26.96313   143.46407              -130.362     98.899    4096
       2731 22.75833333333   26.74414   143.56094              -130.330     93.322    4096
       2732 22.76666666667   26.52525   143.65723              -130.250     94.245    4096
       2733 22.77500000000   26.30648   143.75297              -130.267     89.895    4096
       2734 22.78333333333   26.08783   143.84813              -130.209     92.360    4096
       2735 22.79166666667   25.86928   143.94274              -130.250     93.426    4096
       2736 22.80000000000   25.65086   144.03680              -130.116    105.961    4096
       2737 22.80833333333   25.43255   144.13029              -130.107    106.218    4096
       2738 22.81666666667   25.21435   144.22323              -130.095     84.994    4096
       2739 22.82500000000   24.99628   144.31562              -130.060     92.198    4096
       2740 22.83333333333   24.77832   144.40746              -130.017     90.419    4096
       2741 22.84166666667   24.56049   144.49875              -129.939     87.849    4096
       2742 22.85000000000   24.34277   144.58949              -129.930    110.863    4096
       2743 22.85833333333   24.12518   144.67969              -129.834    102.430    4096
       2744 22.86666666667   23.90772   144.76935              -129.824  -2334.372    4096
       2745 22.87500000000   23.69037   144.85846              -129.754     86.631    4096
       2746 22.88333333333   23.47315   144.94703              -129.744    102.944    4096
       2747 22.89166666667   23.25606   145.03507              -129.610    102.021    4096
       2748 22.90000000000   23.03910   145.12256              -129.624    102.278    4096
       2749 22.90833333333   22.82226   145.20953              -129.645     87.335    4096
       2750 22.91666666667   22.60556   145.29595              -129.575    106.780    4096
       2751 22.92500000000   22.38898   145.38185              -129.565     94.654    4096
       2752 22.93333333333   22.17253   145.46722              -129.479     91.380    4096
       2753 22.94166666667   21.95622   145.55205              -129.582     91.389    4096
       2754 22.95000000000   21.74004   145.63636              -129.489     85.546    4096
       2755 22.95833333333   21.52399   145.72014              -129.315    108.674    4096
       2756 22.96666666667   21.30808   145.80340              -129.270     91.266    4096
       2757 22.97500000000   21.09230   145.88613              -129.229     87.183    4096
       2758 22.98333333333   20.87666   145.96834              -129.486     79.521    4096
       2759 22.99166666667   20.66115   146.05003              -129.409    102.021    4096
       2761 23.00833333333   20.23056   146.21184               -52.548     79.825    4099
       2762 23.01666666667   20.01548   146.29197               -52.527    121.504    4096
       2763 23.02500000000   19.80053   146.37158               -52.714    110.311    4096
       2764 23.03333333333   19.58573   146.45068               -52.705    126.776    4096
       2765 23.04166666667   19.37106   146.52926               -52.589     97.376    4096
       2766 23.05000000000   19.15655   146.60733               -52.798     75.285    4096
       2767 23.05833333333   18.94217   146.68488               -52.515     87.402    4096
       2768 23.06666666667   18.72794   146.76193                 0.000      0.000    5232
       2772 23.10000000000   17.87249   147.06500               -34.756     34.578    4097
       2773 23.10833333333   17.65900   147.13950               -51.001     73.134    4096
       2774 23.11666666667   17.44566   147.21349               -50.948  -2303.192    4096
       2775 23.12500000000   17.23247   147.28698                 0.000      0.000    5232
       2776 23.13333333333   17.01943   147.35996                 0.000      0.000    5232
       2777 23.14166666667   16.80654   147.43244                -2.108     78.036    4096
       2778 23.15000000000   16.59380   147.50441                -2.219    134.286    4096
       2779 23.15833333333   16.38122   147.57588                -2.144    120.533    4096
       2780 23.16666666667   16.16880   147.64685                -2.103     77.731    4096
       2781 23.17500000000   15.95653   147.71732                -1.837     91.637    4096
       2782 23.18333333333   15.74441   147.78728              -116.032     91.542    4098
       2783 23.19166666667   15.53245   147.85675              -115.860     51.082    4096
       2784 23.20000000000   15.32065   147.92572              -115.934     89.743    4096
       2785 23.20833333333   15.10901   147.99418              -116.019     67.671    4096
       2786 23.21666666667   14.89753   148.06215              -115.891     61.865    4096
       2787 23.22500000000   14.68621   148.12962              -115.937     71.345    4096
       2788 23.23333333333   14.47505   148.19660              -115.766     83.204    4096
       2789 23.24166666667   14.26405   148.26308                 0.000      0.000    5232
       2790 23.25000000000   14.05321   148.32906              -118.142    137.265    4096
       2791 23.25833333333   13.84254   148.39454              -118.165     63.874    4096
       2792 23.26666666667   13.63202   148.45953              -118.006     92.313    4096
       2793 23.27500000000   13.42168   148.52402              -118.054    106.884    4096
       2794 23.28333333333   13.21150   148.58802                 0.000      0.000    5233
       2795 23.29166666667   13.00148   148.65153               -26.300      0.000    4128
       2796 23.30000000000   12.79163   148.71454                 0.000      0.000    5233
       2797 23.30833333333   12.58195   148.77705                 0.000      0.000    5232
       2798 23.31666666667   12.37244   148.83908                 0.000      0.000    5232
       2799 23.32500000000   12.16309   148.90060                 0.000      0.000    5232
       2800 23.33333333333   11.95392   148.96164                 0.000      0.000    5232
       2801 23.34166666667   11.74491   149.02218                -3.078      0.000    4129
       2802 23.35000000000   11.53608   149.08224                -2.933     65.244    4096
       2804 23.36666666667   11.11893   149.20086                 0.000      0.000    5233
       2805 23.37500000000   10.91061   149.25943            -14772.059     87.335    4096
       2806 23.38333333333   10.70247   149.31752                64.905     95.882    4096
       2807 23.39166666667   10.49450   149.37511                65.028    141.358    4096
       2808 23.40000000000   10.28671   149.43221                64.770    145.289    4096
       2810 23.41666666667    9.87165   149.54493                -9.549     17.180    4099
       2811 23.42500000000    9.66438   149.60055                 0.000      0.000    5233
       2813 23.44166666667    9.25039   149.71033                 0.000      0.000    5233
       2814 23.45000000000    9.04366   149.76448                 0.000      0.000    5232
       2815 23.45833333333    8.83711   149.81813               -73.164    100.270    4097
       2816 23.46666666667    8.63075   149.87130               -73.331     77.627    4096
       2817 23.47500000000    8.42456   149.92397               -73.250  -2348.544    4096
       2818 23.48333333333    8.21856   149.97616               -73.204    103.391    4096
       2819 23.49166666667    8.01273   150.02785               -73.417     94.397    4096
       2820 23.50000000000    7.80710   150.07905               -73.498    106.370    4096
       2821 23.50833333333    7.60164   150.12975               -73.583    107.189    4096
       2822 23.51666666667    7.39637   150.17997               -73.694    109.759    4096
       2823 23.52500000000    7.19129   150.22969               -73.880  -2331.402    4096
       2824 23.53333333333    6.98639   150.27892               -73.865    104.476    4096
       2825 23.54166666667    6.78168   150.32766               -73.973    103.620    4096
       2826 23.55000000000    6.57715   150.37590               -74.166     89.905    4096
       2827 23.55833333333    6.37282   150.42365               -74.185     89.895    4096
       2828 23.56666666667    6.16867   150.47091               -74.426    105.285    4096
       2829 23.57500000000    5.96471   150.51767               -74.566     84.727    4096
       2830 23.58333333333    5.76095   150.56394               -74.772    103.801    4096
       2831 23.59166666667    5.55737   150.60972               -74.835    113.433    4096
       2832 23.60000000000    5.35398   150.65500               -75.010     83.242    4096
       2833 23.60833333333    5.15079   150.69978               -75.292  -2294.635    4096
       2834 23.61666666667    4.94779   150.74407               -75.197    120.238    4096
       2835 23.62500000000    4.74498   150.78787               -84.711    129.641    4098
       2837 23.64166666667    4.33995   150.87397                 0.000      0.000    5233
       2838 23.65000000000    4.13773   150.91627                 0.000      0.000    5232
