# Created on 2022-09-13 07:34:36 
# Sources: obs\AAV40321.22O, nav\AAV40321.22N
# Satellite: G06
# Interval: 30.0
# Sampling interval: 0.0 (not used).
# Site: AAV4
# Position (L, B, H): 74.6178382249, 43.0232991769, 585.248198851
# Position (X, Y, Z): 1238908.5437, 4503304.8915, 4329793.7299
# datetime format: %Y-%m-%dT%H:%M:%S
# Columns: tsn, hour, el, az, tec.l1l2, tec.p1p2, validity
# (I11,1X,F14.11,1X,F10.5,1X,F11.5,1X,F21.3,1X,F10.3,1X,I7)
       1368 11.40000000000   12.71698   178.09130              -128.631    133.734    4096
       1369 11.40833333333   12.93134   178.05046              -128.925    130.308    4096
       1370 11.41666666667   13.14605   178.00982              -129.271    131.012    4096
       1371 11.42500000000   13.36110   177.96939              -129.592    144.365    4096
       1372 11.43333333333   13.57649   177.92914              -130.031    149.533    4096
       1373 11.44166666667   13.79222   177.88910              -130.436    150.904    4096
       1374 11.45000000000   14.00830   177.84924              -130.666    134.990    4096
       1375 11.45833333333   14.22471   177.80957              -130.961    133.068    4096
       1376 11.46666666667   14.44146   177.77008             18909.641  -2304.857    4096
       1377 11.47500000000   14.65855   177.73077              -131.569    134.962    4096
       1378 11.48333333333   14.87598   177.69164              -131.867    132.249    4096
       1379 11.49166666667   15.09374   177.65269              -132.100    134.143    4096
       1380 11.50000000000   15.31183   177.61391              -132.349  -2301.184    4096
       1381 11.50833333333   15.53026   177.57529              -132.608    131.316    4096
       1382 11.51666666667   15.74902   177.53684              -132.753    140.168    4096
       1383 11.52500000000   15.96812   177.49854              -132.962    139.606    4096
       1384 11.53333333333   16.18754   177.46041              -133.286    137.008    4096
       1385 11.54166666667   16.40730   177.42243              -133.379    131.792    4096
       1386 11.55000000000   16.62738   177.38460              -133.588  -2300.622    4096
       1387 11.55833333333   16.84779   177.34691              -133.784    136.999    4096
       1388 11.56666666667   17.06853   177.30937              -133.924    137.674    4096
       1389 11.57500000000   17.28960   177.27197              -134.043    128.309    4096
       1390 11.58333333333   17.51098   177.23470              -134.136    130.612    4096
       1391 11.59166666667   17.73270   177.19757              -134.389    141.243    4096
       1392 11.60000000000   17.95473   177.16056              -134.548    127.224    4096
       1393 11.60833333333   18.17709   177.12368              -134.656    130.355    4096
       1394 11.61666666667   18.39977   177.08692              -134.814    132.135    4096
       1395 11.62500000000   18.62277   177.05028              -135.022    129.936    4096
       1396 11.63333333333   18.84608   177.01376              -135.105    133.172    4096
       1397 11.64166666667   19.06972   176.97734              -135.319    137.969    4096
       1398 11.65000000000   19.29367   176.94103              -135.494    134.809    4096
       1399 11.65833333333   19.51794   176.90482              -135.621    131.726    4096
       1400 11.66666666667   19.74252   176.86871              -135.703    136.037    4096
       1401 11.67500000000   19.96741   176.83269              -135.833    138.788    4096
       1402 11.68333333333   20.19262   176.79676              -135.937    125.967    4096
       1403 11.69166666667   20.41814   176.76092              -135.947    133.886    4096
       1404 11.70000000000   20.64397   176.72517              -136.106    135.809    4096
       1405 11.70833333333   20.87011   176.68949              -136.092    128.566    4096
       1406 11.71666666667   21.09655   176.65388              -136.128    136.342    4096
       1407 11.72500000000   21.32330   176.61835              -136.084    125.967    4096
       1408 11.73333333333   21.55036   176.58288              -136.017    133.068    4096
       1409 11.74166666667   21.77773   176.54747              -136.018    134.143    4096
       1410 11.75000000000   22.00539   176.51212              -136.085    134.695    4096
       1411 11.75833333333   22.23336   176.47682              -136.190    125.444    4096
       1412 11.76666666667   22.46163   176.44157              -136.366    136.037    4096
       1413 11.77500000000   22.69020   176.40636              -136.710    134.039    4096
       1414 11.78333333333   22.91907   176.37119              -136.978    121.913    4096
       1415 11.79166666667   23.14824   176.33606              -137.321    133.991    4096
       1416 11.80000000000   23.37770   176.30096              -137.669    127.338    4096
       1417 11.80833333333   23.60746   176.26588              -138.132    137.817    4096
       1418 11.81666666667   23.83751   176.23082              -138.539    134.962    4096
       1419 11.82500000000   24.06786   176.19578              -138.908    130.308    4096
       1420 11.83333333333   24.29849   176.16075              -139.253    129.232    4096
       1421 11.84166666667   24.52942   176.12573              -139.515    121.199    4096
       1422 11.85000000000   24.76064   176.09071              -139.825    131.840    4096
       1423 11.85833333333   24.99214   176.05568              -140.120    118.896    4096
       1424 11.86666666667   25.22393   176.02065              -140.324    123.655    4096
       1425 11.87500000000   25.45601   175.98560              -140.512    134.591    4096
       1426 11.88333333333   25.68837   175.95054              -140.713    126.263    4096
       1427 11.89166666667   25.92101   175.91545              -140.769    130.869    4096
       1428 11.90000000000   26.15393   175.88033              -140.920    136.599    4096
       1429 11.90833333333   26.38713   175.84517              -141.119    133.058    4096
       1430 11.91666666667   26.62062   175.80998              -141.280  -2314.527    4096
       1431 11.92500000000   26.85437   175.77474              -141.377    124.321    4096
       1432 11.93333333333   27.08841   175.73945              -141.577  -2310.587    4096
       1433 11.94166666667   27.32272   175.70411              -141.703    120.381    4096
       1434 11.95000000000   27.55730   175.66870              -141.940    137.303    4096
       1435 11.95833333333   27.79215   175.63322              -142.086    115.479    4096
       1436 11.96666666667   28.02727   175.59767              -142.209    134.181    4096
       1437 11.97500000000   28.26267   175.56204              -142.353    124.216    4096
       1438 11.98333333333   28.49832   175.52632              -142.518    123.512    4096
       1439 11.99166666667   28.73425   175.49052              -142.561    122.427    4096
       1440 12.00000000000   28.97044   175.45461              -142.660    130.612    4096
       1441 12.00833333333   29.20689   175.41860              -142.650    115.479    4096
       1442 12.01666666667   29.44360   175.38248              -142.801    143.280    4096
       1443 12.02500000000   29.68057   175.34624              -142.855    103.249    4096
       1444 12.03333333333   29.91780   175.30988              -142.837  -2291.666    4096
       1445 12.04166666667   30.15528   175.27339              -142.933    118.087    4096
       1446 12.05000000000   30.39302   175.23676              -142.942    123.398    4096
       1447 12.05833333333   30.63101   175.19999             18897.891  -2311.396    4096
       1448 12.06666666667   30.86926   175.16307              -143.158    120.390    4096
       1449 12.07500000000   31.10775   175.12599              -143.179    132.620    4096
       1450 12.08333333333   31.34649   175.08875              -143.352    125.292    4096
       1451 12.09166666667   31.58548   175.05133              -143.286    124.778    4096
       1452 12.10000000000   31.82471   175.01374              -143.475    125.587    4096
       1453 12.10833333333   32.06418   174.97596              -143.464    126.263    4096
       1454 12.11666666667   32.30390   174.93799              -143.681    128.157    4096
       1455 12.12500000000   32.54385   174.89981              -143.788    121.351    4096
       1456 12.13333333333   32.78404   174.86143              -143.976    121.608    4096
       1457 12.14166666667   33.02447   174.82283              -144.187    123.655    4096
       1458 12.15000000000   33.26513   174.78400              -144.341    124.616    4096
       1459 12.15833333333   33.50602   174.74495              -144.479    121.875    4096
       1460 12.16666666667   33.74714   174.70565              -144.537    114.546    4096
       1461 12.17500000000   33.98849   174.66610              -144.686    122.836    4096
       1462 12.18333333333   34.23006   174.62629              -144.807    130.203    4096
       1463 12.19166666667   34.47186   174.58622              -144.961    132.392    4096
       1464 12.20000000000   34.71388   174.54587              -145.057    118.905    4096
       1465 12.20833333333   34.95612   174.50524              -145.118  -2318.725    4096
       1466 12.21666666667   35.19858   174.46431              -145.230    130.203    4096
       1467 12.22500000000   35.44125   174.42308              -145.299    121.199    4096
       1468 12.23333333333   35.68414   174.38154              -145.347    116.849    4096
       1469 12.24166666667   35.92724   174.33968              -145.391    120.533    4096
       1470 12.25000000000   36.17054   174.29749              -145.517    123.093    4096
       1471 12.25833333333   36.41406   174.25496              -145.535    125.967    4096
       1472 12.26666666667   36.65778   174.21207              -145.617    120.533    4096
       1473 12.27500000000   36.90170   174.16883              -145.623    130.498    4096
       1474 12.28333333333   37.14582   174.12521              -145.667  -2316.164    4096
       1475 12.29166666667   37.39014   174.08121              -145.699    121.351    4096
       1476 12.30000000000   37.63465   174.03682              -145.692    116.592    4096
       1477 12.30833333333   37.87936   173.99203              -145.726    119.010    4096
       1478 12.31666666667   38.12425   173.94682              -145.771    124.511    4096
       1479 12.32500000000   38.36934   173.90118              -145.808    122.579    4096
       1480 12.33333333333   38.61461   173.85511              -145.851    124.216    4096
       1481 12.34166666667   38.86007   173.80859              -145.899    123.141    4096
       1482 12.35000000000   39.10570   173.76161              -145.942    123.807    4096
       1483 12.35833333333   39.35151   173.71415              -146.014  -2319.953    4096
       1484 12.36666666667   39.59750   173.66621              -146.042    119.048    4096
       1485 12.37500000000   39.84366   173.61777              -146.125    123.921    4096
       1486 12.38333333333   40.08999   173.56883              -146.139    110.311    4096
       1487 12.39166666667   40.33649   173.51935              -146.258    115.212    4096
       1488 12.40000000000   40.58315   173.46934              -146.271    118.077    4096
       1489 12.40833333333   40.82997   173.41878              -146.441    118.896    4096
       1490 12.41666666667   41.07695   173.36766              -146.491    119.610    4096
       1491 12.42500000000   41.32409   173.31595              -146.618    123.398    4096
       1492 12.43333333333   41.57138   173.26366              -146.682    116.697    4096
       1493 12.44166666667   41.81881   173.21076              -146.760    126.929    4096
       1494 12.45000000000   42.06640   173.15723              -146.857    115.060    4096
       1495 12.45833333333   42.31413   173.10307              -146.873    124.473    4096
       1496 12.46666666667   42.56200   173.04825              -146.915    113.737    4096
       1497 12.47500000000   42.81000   172.99276              -146.968    126.110    4096
       1498 12.48333333333   43.05814   172.93659             18893.900    126.110    4096
       1499 12.49166666667   43.30641   172.87972              -147.051    120.533    4096
       1500 12.50000000000   43.55481   172.82213              -147.148    127.595    4096
       1501 12.50833333333   43.80333   172.76380              -147.213    127.338    4096
       1502 12.51666666667   44.05197   172.70473              -147.225    111.681    4096
       1503 12.52500000000   44.30073   172.64488              -147.289    123.950    4096
       1504 12.53333333333   44.54960   172.58424              -147.306    124.359    4096
       1505 12.54166666667   44.79858   172.52279              -147.363    115.365    4096
       1506 12.55000000000   45.04766   172.46052              -147.389    122.018    4096
       1507 12.55833333333   45.29685   172.39740              -147.495    124.064    4096
       1508 12.56666666667   45.54614   172.33342              -147.539    117.002    4096
       1509 12.57500000000   45.79552   172.26855              -147.616    120.124    4096
       1510 12.58333333333   46.04499   172.20277              -147.702    125.035    4096
       1511 12.59166666667   46.29455   172.13607              -147.757    117.678    4096
       1512 12.60000000000   46.54418   172.06842              -147.837    115.888    4096
       1513 12.60833333333   46.79390   171.99980              -147.930    123.540    4096
       1514 12.61666666667   47.04369   171.93018              -147.990    120.676    4096
       1515 12.62500000000   47.29355   171.85954              -148.096    119.191    4096
       1516 12.63333333333   47.54348   171.78787              -148.176    126.367    4096
       1517 12.64166666667   47.79347   171.71513              -148.286    121.351    4096
       1518 12.65000000000   48.04351   171.64131              -148.411    122.950    4096
       1519 12.65833333333   48.29360   171.56637              -148.508    120.238    4096
       1520 12.66666666667   48.54374   171.49029              -148.613    124.730    4096
       1521 12.67500000000   48.79393   171.41304              -148.687    116.183    4096
       1522 12.68333333333   49.04415   171.33461              -148.753    112.100    4096
       1523 12.69166666667   49.29440   171.25495              -148.852    124.473    4096
       1524 12.70000000000   49.54468   171.17404              -148.921    123.360    4096
       1525 12.70833333333   49.79498   171.09186              -149.021    123.769    4096
       1526 12.71666666667   50.04530   171.00837               -42.131    124.330    4098
       1527 12.72500000000   50.29563   170.92355               -37.577    111.796    4096
       1528 12.73333333333   50.54597   170.83735                 0.000      0.000    5200
       1529 12.74166666667   50.79630   170.74976               -42.370    125.292    4096
       1530 12.75000000000   51.04664   170.66074               -42.451    122.722    4098
       1531 12.75833333333   51.29696   170.57025               -44.841    124.064    4096
       1532 12.76666666667   51.54726   170.47827               -37.919    113.061    4096
       1533 12.77500000000   51.79754   170.38475               -35.698    118.344    4098
       1534 12.78333333333   52.04779   170.28967               -40.385    125.967    4098
       1535 12.79166666667   52.29801   170.19297               -38.171    119.410    4098
       1536 12.80000000000   52.54818   170.09464                 0.000      0.000    5200
       1537 12.80833333333   52.79831   169.99463                 0.000      0.000    5200
       1538 12.81666666667   53.04838   169.89290                 0.000      0.000    5232
       1539 12.82500000000   53.29839   169.78941                 0.000      0.000    5200
       1540 12.83333333333   53.54833   169.68411               -40.878    117.411    4096
       1541 12.84166666667   53.79820   169.57698               -33.949    119.457    4098
       1542 12.85000000000   54.04798   169.46796                 0.000      0.000    5200
       1543 12.85833333333   54.29768   169.35700                 0.000      0.000    5200
       1544 12.86666666667   54.54727   169.24407                 0.000      0.000    5200
       1545 12.87500000000   54.79676   169.12912                 0.000      0.000    5200
       1546 12.88333333333   55.04614   169.01210               -34.301    117.268    4096
       1547 12.89166666667   55.29539   168.89296                 0.000      0.000    5232
       1548 12.90000000000   55.54452   168.77165               -39.073    119.305    4096
       1549 12.90833333333   55.79350   168.64811               -34.452    119.162    4098
       1550 12.91666666667   56.04234   168.52231                 0.000      0.000    5200
       1551 12.92500000000   56.29103   168.39417                 0.000      0.000    5200
       1552 12.93333333333   56.53955   168.26365                 0.000      0.000    5200
       1553 12.94166666667   56.78789   168.13068               -30.027    118.743    4096
       1554 12.95000000000   57.03606   167.99522               -41.724    118.334    4098
       1555 12.95833333333   57.28403   167.85719                 0.000      0.000    5200
       1556 12.96666666667   57.53179   167.71654                 0.000      0.000    5200
       1557 12.97500000000   57.77935   167.57320               -32.547    115.888    4096
       1558 12.98333333333   58.02668   167.42711                 0.000      0.000    5200
       1559 12.99166666667   58.27377   167.27819                 0.000      0.000    5200
       1560 13.00000000000   58.52062   167.12639                 0.000      0.000    5200
       1561 13.00833333333   58.76721   166.97163               -37.411    120.381    4096
       1562 13.01666666667   59.01354   166.81384                 0.000      0.000    5232
       1563 13.02500000000   59.25958   166.65293                 0.000      0.000    5232
       1564 13.03333333333   59.50534   166.48884                 0.000      0.000    5200
       1565 13.04166666667   59.75078   166.32149                 0.000      0.000    5200
       1566 13.05000000000   59.99591   166.15080               -33.018    116.297    4096
       1567 13.05833333333   60.24071   165.97667                 0.000      0.000    5200
       1568 13.06666666667   60.48517   165.79903               -33.087    118.087    4096
       1569 13.07500000000   60.72927   165.61778                 0.000      0.000    5200
       1570 13.08333333333   60.97299   165.43285                 0.000      0.000    5200
       1571 13.09166666667   61.21633   165.24412               -30.916    121.313    4096
       1572 13.10000000000   61.45927   165.05151               -26.320    107.712    4098
       1573 13.10833333333   61.70179   164.85492                 0.000      0.000    5200
       1574 13.11666666667   61.94387   164.65425                 0.000      0.000    5200
       1575 13.12500000000   62.18551   164.44939                 0.000      0.000    5200
       1576 13.13333333333   62.42668   164.24023                 0.000      0.000    5200
       1577 13.14166666667   62.66736   164.02667                 0.000      0.000    5200
       1578 13.15000000000   62.90755   163.80859               -31.265    117.002    4096
       1579 13.15833333333   63.14721   163.58588               -26.670    116.183    4096
       1580 13.16666666667   63.38634   163.35841               -33.685    118.896    4096
       1581 13.17500000000   63.62490   163.12606                 0.000      0.000    5200
       1582 13.18333333333   63.86289   162.88871                 0.000      0.000    5232
       1583 13.19166666667   64.10028   162.64622                 0.000      0.000    5200
       1584 13.20000000000   64.33704   162.39847                 0.000      0.000    5200
       1585 13.20833333333   64.57317   162.14531               -31.603    117.678    4096
       1586 13.21666666667   64.80862   161.88659                 0.000      0.000    5200
       1587 13.22500000000   65.04339   161.62219                 0.000      0.000    5200
       1588 13.23333333333   65.27745   161.35194                 0.000      0.000    5232
       1589 13.24166666667   65.51077   161.07570               -27.117    118.344    4096
       1590 13.25000000000   65.74333   160.79329                 0.000      0.000    5200
       1591 13.25833333333   65.97509   160.50458                 0.000      0.000    5200
       1592 13.26666666667   66.20604   160.20937                 0.000      0.000    5200
       1593 13.27500000000   66.43614   159.90751                 0.000      0.000    5200
       1594 13.28333333333   66.66537   159.59883                 0.000      0.000    5200
       1595 13.29166666667   66.89369   159.28312               -29.689    119.305    4096
       1596 13.30000000000   67.12108   158.96023                 0.000      0.000    5200
       1597 13.30833333333   67.34750   158.62994                 0.000      0.000    5200
       1598 13.31666666667   67.57291   158.29208                 0.000      0.000    5232
       1599 13.32500000000   67.79730   157.94643                 0.000      0.000    5200
       1600 13.33333333333   68.02061   157.59280                 0.000      0.000    5200
       1601 13.34166666667   68.24281   157.23097                 0.000      0.000    5200
       1602 13.35000000000   68.46387   156.86073               -25.401    114.137    4096
       1603 13.35833333333   68.68374   156.48186                 0.000      0.000    5200
       1604 13.36666666667   68.90239   156.09414                 0.000      0.000    5200
       1605 13.37500000000   69.11977   155.69734                 0.000      0.000    5200
       1606 13.38333333333   69.33584   155.29122                 0.000      0.000    5200
       1607 13.39166666667   69.55056   154.87554                 0.000      0.000    5200
       1608 13.40000000000   69.76387   154.45006                 0.000      0.000    5200
       1609 13.40833333333   69.97574   154.01454                 0.000      0.000    5200
       1610 13.41666666667   70.18611   153.56871                 0.000      0.000    5200
       1611 13.42500000000   70.39493   153.11232                 0.000      0.000    5200
       1612 13.43333333333   70.60215   152.64512                 0.000      0.000    5200
       1613 13.44166666667   70.80772   152.16683               -23.545    115.774    4096
       1614 13.45000000000   71.01157   151.67719               -25.875    115.631    4096
       1615 13.45833333333   71.21365   151.17593                 0.000      0.000    5200
       1616 13.46666666667   71.41390   150.66277                 0.000      0.000    5200
       1617 13.47500000000   71.61226   150.13744                 0.000      0.000    5200
       1618 13.48333333333   71.80867   149.59966                 0.000      0.000    5200
       1619 13.49166666667   72.00305   149.04916               -23.766    117.268    4096
       1620 13.50000000000   72.19535   148.48565                 0.000      0.000    5200
       1621 13.50833333333   72.38548   147.90887                 0.000      0.000    5200
       1622 13.51666666667   72.57339   147.31852               -21.539    115.327    4096
       1623 13.52500000000   72.75899   146.71435               -21.586    115.070    4098
       1624 13.53333333333   72.94221   146.09608               -23.936    112.614    4096
       1625 13.54166666667   73.12297   145.46344                 0.000      0.000    5200
       1626 13.55000000000   73.30119   144.81618                 0.000      0.000    5200
       1627 13.55833333333   73.47678   144.15405                 0.000      0.000    5200
       1628 13.56666666667   73.64966   143.47680                 0.000      0.000    5200
       1629 13.57500000000   73.81975   142.78419                 0.000      0.000    5200
       1630 13.58333333333   73.98696   142.07601                 0.000      0.000    5200
       1631 13.59166666667   74.15119   141.35206                 0.000      0.000    5200
       1632 13.60000000000   74.31235   140.61213                 0.000      0.000    5200
       1633 13.60833333333   74.47034   139.85607                 0.000      0.000    5200
       1634 13.61666666667   74.62507   139.08370               -19.656    115.212    4096
       1635 13.62500000000   74.77645   138.29491               -22.029    115.108    4096
       1636 13.63333333333   74.92436   137.48958               -22.055    117.516    4096
       1637 13.64166666667   75.06871   136.66764                 0.000      0.000    5232
       1638 13.65000000000   75.20939   135.82904                 0.000      0.000    5232
       1639 13.65833333333   75.34630   134.97375                 0.000      0.000    5232
       1640 13.66666666667   75.47934   134.10181                 0.000      0.000    5200
       1641 13.67500000000   75.60840   133.21324                 0.000      0.000    5232
       1642 13.68333333333   75.73337   132.30817                 0.000      0.000    5200
       1643 13.69166666667   75.85415   131.38670                 0.000      0.000    5200
       1644 13.70000000000   75.97063   130.44904                 0.000      0.000    5200
       1645 13.70833333333   76.08271   129.49539                 0.000      0.000    5200
       1646 13.71666666667   76.19028   128.52605                 0.000      0.000    5200
       1647 13.72500000000   76.29324   127.54133               -20.081    113.728    4096
       1648 13.73333333333   76.39149   126.54161                 0.000      0.000    5200
       1649 13.74166666667   76.48493   125.52732                 0.000      0.000    5232
       1650 13.75000000000   76.57346   124.49895               -20.194    113.280    4096
       1651 13.75833333333   76.65700   123.45704                 0.000      0.000    5232
       1652 13.76666666667   76.73544   122.40218                 0.000      0.000    5200
       1653 13.77500000000   76.80870   121.33503                 0.000      0.000    5200
       1654 13.78333333333   76.87670   120.25630               -15.695    112.766    4096
       1655 13.79166666667   76.93937   119.16673                 0.000      0.000    5200
       1656 13.80000000000   76.99662   118.06714                 0.000      0.000    5200
       1657 13.80833333333   77.04840   116.95838                 0.000      0.000    5232
       1658 13.81666666667   77.09465   115.84137                 0.000      0.000    5200
       1659 13.82500000000   77.13531   114.71704                 0.000      0.000    5200
       1660 13.83333333333   77.17033   113.58637                 0.000      0.000    5200
       1661 13.84166666667   77.19967   112.45040                 0.000      0.000    5200
       1662 13.85000000000   77.22331   111.31016                 0.000      0.000    5200
       1663 13.85833333333   77.24121   110.16672                 0.000      0.000    5200
       1664 13.86666666667   77.25336   109.02117                 0.000      0.000    5200
       1665 13.87500000000   77.25975   107.87462                 0.000      0.000    5200
       1666 13.88333333333   77.26037   106.72818                 0.000      0.000    5232
       1667 13.89166666667   77.25524   105.58295                 0.000      0.000    5200
       1668 13.90000000000   77.24437   104.44004               -16.143    110.977    4096
       1669 13.90833333333   77.22778   103.30054                 0.000      0.000    5200
       1670 13.91666666667   77.20551   102.16552                 0.000      0.000    5232
       1671 13.92500000000   77.17758   101.03605               -13.928    113.204    4096
       1672 13.93333333333   77.14404    99.91314                 0.000      0.000    5200
       1673 13.94166666667   77.10496    98.79778                 0.000      0.000    5200
       1674 13.95000000000   77.06038    97.69094               -14.013    115.774    4096
       1675 13.95833333333   77.01037    96.59352                 0.000      0.000    5200
       1676 13.96666666667   76.95500    95.50639                 0.000      0.000    5200
       1677 13.97500000000   76.89436    94.43037                 0.000      0.000    5200
       1678 13.98333333333   76.82851    93.36623                 0.000      0.000    5200
       1679 13.99166666667   76.75755    92.31470                 0.000      0.000    5200
       1680 14.00000000000   76.68158    91.27641                 0.000      0.000    5200
       1681 14.00833333333   76.60068    90.25202                 0.000      0.000    5200
       1682 14.01666666667   76.51495    89.24204               -16.572    115.222    4096
       1683 14.02500000000   76.42449    88.24698                 0.000      0.000    5200
       1684 14.03333333333   76.32942    87.26728                 0.000      0.000    5200
       1685 14.04166666667   76.22983    86.30334                 0.000      0.000    5200
       1686 14.05000000000   76.12583    85.35549                 0.000      0.000    5200
       1687 14.05833333333   76.01752    84.42402                 0.000      0.000    5200
       1688 14.06666666667   75.90503    83.50916                 0.000      0.000    5232
       1689 14.07500000000   75.78846    82.61111                 0.000      0.000    5200
       1690 14.08333333333   75.66792    81.73001               -14.504    112.652    4096
       1691 14.09166666667   75.54351    80.86597                 0.000      0.000    5232
       1692 14.10000000000   75.41535    80.01903                 0.000      0.000    5200
       1693 14.10833333333   75.28355    79.18924                 0.000      0.000    5200
       1694 14.11666666667   75.14822    78.37657               -14.621    113.985    4096
       1695 14.12500000000   75.00945    77.58099                 0.000      0.000    5232
       1696 14.13333333333   74.86736    76.80243                 0.000      0.000    5200
       1697 14.14166666667   74.72205    76.04077                 0.000      0.000    5200
       1698 14.15000000000   74.57361    75.29590                 0.000      0.000    5200
       1699 14.15833333333   74.42216    74.56767                 0.000      0.000    5200
       1700 14.16666666667   74.26779    73.85591                 0.000      0.000    5200
       1701 14.17500000000   74.11059    73.16044                 0.000      0.000    5200
       1702 14.18333333333   73.95066    72.48104                 0.000      0.000    5200
       1703 14.19166666667   73.78809    71.81750                 0.000      0.000    5200
       1704 14.20000000000   73.62296    71.16959                 0.000      0.000    5200
       1705 14.20833333333   73.45538    70.53707                 0.000      0.000    5232
       1706 14.21666666667   73.28541    69.91969                 0.000      0.000    5200
       1707 14.22500000000   73.11315    69.31719                 0.000      0.000    5200
       1708 14.23333333333   72.93867    68.72931                 0.000      0.000    5200
       1709 14.24166666667   72.76206    68.15579                 0.000      0.000    5200
       1710 14.25000000000   72.58338    67.59633                 0.000      0.000    5200
       1711 14.25833333333   72.40271    67.05069                -8.145    111.539    4096
       1712 14.26666666667   72.22013    66.51856                 0.000      0.000    5200
       1713 14.27500000000   72.03570    65.99969                 0.000      0.000    5232
       1714 14.28333333333   71.84948    65.49378                 0.000      0.000    5200
       1715 14.29166666667   71.66155    65.00057                -8.209    108.788    4096
       1716 14.30000000000   71.47197    64.51977                 0.000      0.000    5200
       1717 14.30833333333   71.28079    64.05112                 0.000      0.000    5200
       1718 14.31666666667   71.08809    63.59434                 0.000      0.000    5232
       1719 14.32500000000   70.89390    63.14916                 0.000      0.000    5200
       1720 14.33333333333   70.69829    62.71533                 0.000      0.000    5200
       1721 14.34166666667   70.50132    62.29256                 0.000      0.000    5200
       1722 14.35000000000   70.30303    61.88062                 0.000      0.000    5200
       1723 14.35833333333   70.10347    61.47925               -10.696    112.766    4096
       1724 14.36666666667   69.90269    61.08819                 0.000      0.000    5200
       1725 14.37500000000   69.70074    60.70720                 0.000      0.000    5200
       1726 14.38333333333   69.49766    60.33604                 0.000      0.000    5200
       1727 14.39166666667   69.29350    59.97449                 0.000      0.000    5200
       1728 14.40000000000   69.08830    59.62229                 0.000      0.000    5232
       1729 14.40833333333   68.88209    59.27924                 0.000      0.000    5200
       1730 14.41666666667   68.67493    58.94511                 0.000      0.000    5200
       1731 14.42500000000   68.46683    58.61968                 0.000      0.000    5200
       1732 14.43333333333   68.25786    58.30275                -8.565    111.386    4096
       1733 14.44166666667   68.04803    57.99410                 0.000      0.000    5200
       1734 14.45000000000   67.83738    57.69355                 0.000      0.000    5200
       1735 14.45833333333   67.62595    57.40088                 0.000      0.000    5200
       1736 14.46666666667   67.41376    57.11592            -14843.421    111.529    4096
       1737 14.47500000000   67.20085    56.83847                 0.000      0.000    5200
       1738 14.48333333333   66.98725    56.56835                 0.000      0.000    5200
       1739 14.49166666667   66.77299    56.30540                 0.000      0.000    5200
       1740 14.50000000000   66.55809    56.04943                 0.000      0.000    5232
       1741 14.50833333333   66.34259    55.80027                 0.000      0.000    5200
       1742 14.51666666667   66.12650    55.55777                 0.000      0.000    5200
       1743 14.52500000000   65.90986    55.32177                 0.000      0.000    5200
       1744 14.53333333333   65.69268    55.09211                 0.000      0.000    5200
       1745 14.54166666667   65.47500    54.86864                 0.000      0.000    5232
       1746 14.55000000000   65.25682    54.65121                 0.000      0.000    5200
       1747 14.55833333333   65.03819    54.43968                 0.000      0.000    5200
       1748 14.56666666667   64.81911    54.23392                 0.000      0.000    5200
       1749 14.57500000000   64.59961    54.03379                 0.000      0.000    5200
       1750 14.58333333333   64.37972    53.83916                 0.000      0.000    5200
       1751 14.59166666667   64.15943    53.64990                 0.000      0.000    5200
       1752 14.60000000000   63.93879    53.46588                 0.000      0.000    5200
       1753 14.60833333333   63.71780    53.28700                 0.000      0.000    5200
       1754 14.61666666667   63.49649    53.11312                 0.000      0.000    5200
       1755 14.62500000000   63.27486    52.94413                 0.000      0.000    5232
       1756 14.63333333333   63.05294    52.77993               -11.234    111.796    4096
       1757 14.64166666667   62.83075    52.62041             19032.012  -2322.713    4098
       1758 14.65000000000   62.60829    52.46546                 0.000      0.000    5200
       1759 14.65833333333   62.38559    52.31499                 0.000      0.000    5200
       1760 14.66666666667   62.16266    52.16888                 0.000      0.000    5232
       1761 14.67500000000   61.93951    52.02705                 0.000      0.000    5200
       1762 14.68333333333   61.71615    51.88939                -6.580    110.720    4096
       1763 14.69166666667   61.49261    51.75583                -6.616    108.674    4096
       1764 14.70000000000   61.26889    51.62627                -8.931    113.061    4098
       1765 14.70833333333   61.04500    51.50063                -8.913    111.976    4096
       1766 14.71666666667   60.82096    51.37882                -6.603    113.433    4096
       1767 14.72500000000   60.59678    51.26076                -8.950    112.757    4098
       1768 14.73333333333   60.37248    51.14636                 0.000      0.000    5200
       1769 14.74166666667   60.14805    51.03557                 0.000      0.000    5232
       1770 14.75000000000   59.92353    50.92828                -6.669    108.407    4096
       1771 14.75833333333   59.69890    50.82445                 0.000      0.000    5200
       1772 14.76666666667   59.47419    50.72399                 0.000      0.000    5200
       1773 14.77500000000   59.24940    50.62683                 0.000      0.000    5200
       1774 14.78333333333   59.02455    50.53291                 0.000      0.000    5200
       1775 14.79166666667   58.79964    50.44216                -9.014    112.091    4096
       1776 14.80000000000   58.57469    50.35452                 0.000      0.000    5200
       1777 14.80833333333   58.34969    50.26992                 0.000      0.000    5232
       1778 14.81666666667   58.12467    50.18831                 0.000      0.000    5200
       1779 14.82500000000   57.89963    50.10963                -6.715    113.585    4096
       1780 14.83333333333   57.67457    50.03381                 0.000      0.000    5232
       1781 14.84166666667   57.44951    49.96081                 0.000      0.000    5200
       1782 14.85000000000   57.22445    49.89056                 0.000      0.000    5232
       1783 14.85833333333   56.99941    49.82302                -6.745    110.568    4096
       1784 14.86666666667   56.77438    49.75813                -6.710    110.454    4096
       1785 14.87500000000   56.54937    49.69584                 0.000      0.000    5232
       1786 14.88333333333   56.32440    49.63611                 0.000      0.000    5200
       1787 14.89166666667   56.09947    49.57888                 0.000      0.000    5200
       1788 14.90000000000   55.87458    49.52411                -6.704    108.816    4096
       1789 14.90833333333   55.64975    49.47176                 0.000      0.000    5200
       1790 14.91666666667   55.42497    49.42177                -9.008    111.691    4096
       1791 14.92500000000   55.20026    49.37411                 0.000      0.000    5200
       1792 14.93333333333   54.97562    49.32873                -6.676    110.044    4096
       1793 14.94166666667   54.75106    49.28560                -9.014    112.766    4098
       1794 14.95000000000   54.52658    49.24467                -8.998    115.631    4096
       1795 14.95833333333   54.30218    49.20590                -6.662    110.568    4098
       1796 14.96666666667   54.07788    49.16926                -4.366    104.029    4096
       1797 14.97500000000   53.85368    49.13470                -4.374    107.998    4098
       1798 14.98333333333   53.62958    49.10220                -6.675    114.403    4096
       1799 14.99166666667   53.40559    49.07171                 0.000      0.000    5232
       1800 15.00000000000   53.18171    49.04320                 0.000      0.000    5200
       1801 15.00833333333   52.95795    49.01664                -4.371    108.674    4096
       1802 15.01666666667   52.73431    48.99200                -4.394    112.243    4098
       1803 15.02500000000   52.51080    48.96924                -9.002    113.318    4098
       1804 15.03333333333   52.28742    48.94833                 0.000      0.000    5200
       1805 15.04166666667   52.06417    48.92924                 0.000      0.000    5232
       1806 15.05000000000   51.84107    48.91194                 0.000      0.000    5200
       1807 15.05833333333   51.61811    48.89640                -6.709    107.341    4096
       1808 15.06666666667   51.39530    48.88259                -9.048    109.340    4096
       1809 15.07500000000   51.17264    48.87049                -9.028    114.394    4098
       1810 15.08333333333   50.95013    48.86006                -6.658    110.720    4096
       1811 15.09166666667   50.72779    48.85129                -2.038    108.150    4096
       1812 15.10000000000   50.50560    48.84414                 0.000      0.000    5200
       1813 15.10833333333   50.28358    48.83858                -6.761  -2323.779    4096
       1814 15.11666666667   50.06174    48.83461                 0.000      0.000    5200
       1815 15.12500000000   49.84006    48.83218                 0.000      0.000    5200
       1816 15.13333333333   49.61856    48.83128                -9.006    105.105    4096
       1817 15.14166666667   49.39725    48.83188                -2.095    108.931    4096
       1818 15.15000000000   49.17611    48.83395                 0.000      0.000    5200
       1819 15.15833333333   48.95516    48.83749                 0.000      0.000    5200
       1820 15.16666666667   48.73440    48.84246                 0.000      0.000    5200
       1821 15.17500000000   48.51383    48.84885                -4.354    104.886    4096
       1822 15.18333333333   48.29345    48.85663                -4.376    107.189    4096
       1823 15.19166666667   48.07327    48.86578                -4.379    110.197    4096
       1824 15.20000000000   47.85329    48.87629                -9.030    111.948    4098
       1825 15.20833333333   47.63351    48.88813               -11.317    112.100    4096
       1826 15.21666666667   47.41394    48.90128                -6.698    113.166    4096
       1827 15.22500000000   47.19457    48.91573                -6.679    111.796    4096
       1828 15.23333333333   46.97541    48.93146                -6.702    107.998    4096
       1829 15.24166666667   46.75647    48.94845               -11.382    111.129    4098
       1830 15.25000000000   46.53774    48.96667                 0.000      0.000    5200
       1831 15.25833333333   46.31922    48.98613            -14848.432    115.622    4096
       1832 15.26666666667   46.10093    49.00679            -14848.391    111.424    4096
       1833 15.27500000000   45.88285    49.02864               -11.330    102.125    4096
       1834 15.28333333333   45.66500    49.05167               -11.413    104.467    4096
       1835 15.29166666667   45.44737    49.07585               -11.420    116.592    4096
       1836 15.30000000000   45.22997    49.10118               -11.322    118.601    4096
       1837 15.30833333333   45.01280    49.12764               -11.255    112.652    4096
       1838 15.31666666667   44.79585    49.15521               -11.282    106.922    4096
       1839 15.32500000000   44.57914    49.18388               -11.366    103.658    4096
       1840 15.33333333333   44.36267    49.21364               -11.347    110.197    4096
       1841 15.34166666667   44.14643    49.24446               -11.289    114.403    4096
       1842 15.35000000000   43.93043    49.27635                 0.000      0.000    5200
       1843 15.35833333333   43.71466    49.30927               -11.265    111.282    4096
       1844 15.36666666667   43.49914    49.34323               -11.288    112.243    4096
       1845 15.37500000000   43.28386    49.37820               -11.272    112.357    4096
       1846 15.38333333333   43.06883    49.41418               -11.305    112.386    4096
       1847 15.39166666667   42.85404    49.45115               -11.294    111.948    4096
       1848 15.40000000000   42.63949    49.48910               -11.284    114.137    4098
       1849 15.40833333333   42.42520    49.52802               -13.566    115.108    4096
       1850 15.41666666667   42.21115    49.56790               -13.528    115.888    4096
       1851 15.42500000000   41.99735    49.60872               -13.500    110.158    4096
       1852 15.43333333333   41.78381    49.65047               -13.556    106.513    4096
       1853 15.44166666667   41.57052    49.69314               -13.580    110.863    4096
       1854 15.45000000000   41.35748    49.73673               -13.556    114.698    4096
       1855 15.45833333333   41.14470    49.78121               -13.511    117.106    4096
       1856 15.46666666667   40.93218    49.82659               -13.447    110.568    4096
       1857 15.47500000000   40.71992    49.87284               -13.483  -2326.796    4096
       1858 15.48333333333   40.50791    49.91997               -13.480    110.054    4096
       1859 15.49166666667   40.29616    49.96795               -13.494    110.977    4096
       1860 15.50000000000   40.08468    50.01678               -13.489    112.766    4096
       1861 15.50833333333   39.87346    50.06646               -13.463    112.100    4096
       1862 15.51666666667   39.66250    50.11696               -13.453    111.834    4096
       1863 15.52500000000   39.45180    50.16829               -13.398    110.454    4096
       1864 15.53333333333   39.24137    50.22043               -13.380    109.492    4096
       1865 15.54166666667   39.03120    50.27337               -13.385    110.720    4096
       1866 15.55000000000   38.82130    50.32710               -13.387    111.282    4096
       1867 15.55833333333   38.61167    50.38163               -13.361    113.471    4096
       1868 15.56666666667   38.40231    50.43692               -13.308    110.168    4096
       1869 15.57500000000   38.19321    50.49299               -13.288    112.471    4096
       1870 15.58333333333   37.98439    50.54982               -13.237    109.492    4096
       1871 15.59166666667   37.77583    50.60740               -13.239    109.902    4096
       1872 15.60000000000   37.56755    50.66573               -13.250    110.044    4096
       1873 15.60833333333   37.35954    50.72480               -13.201    109.492    4096
       1874 15.61666666667   37.15180    50.78459               -13.212    110.720    4096
       1875 15.62500000000   36.94433    50.84511               -13.187    111.796    4096
       1876 15.63333333333   36.73714    50.90634               -13.144    110.454    4096
       1877 15.64166666667   36.53022    50.96828               -13.122    115.212    4096
       1878 15.65000000000   36.32358    51.03091               -13.072    110.044    4096
       1879 15.65833333333   36.11721    51.09424               -13.058    110.301    4096
       1880 15.66666666667   35.91111    51.15826               -13.074    112.243    4096
       1881 15.67500000000   35.70529    51.22296               -13.097    114.394    4096
       1882 15.68333333333   35.49975    51.28833               -13.080    114.251    4096
       1883 15.69166666667   35.29449    51.35436               -13.043    112.205    4096
       1884 15.70000000000   35.08950    51.42106               -13.027    114.955    4096
       1885 15.70833333333   34.88479    51.48841               -12.993    110.977    4096
       1886 15.71666666667   34.68036    51.55640               -12.938    110.577    4096
       1887 15.72500000000   34.47621    51.62504               -12.958    110.606    4096
       1888 15.73333333333   34.27233    51.69431               -12.970  -2325.825    4096
       1889 15.74166666667   34.06874    51.76421               -12.961    115.888    4096
       1890 15.75000000000   33.86542    51.83473               -12.887    113.061    4096
       1891 15.75833333333   33.66239    51.90587               -12.859    113.061    4096
       1892 15.76666666667   33.45963    51.97762               -12.855    112.062    4096
       1893 15.77500000000   33.25715    52.04997               -12.815    114.251    4096
       1894 15.78333333333   33.05496    52.12293               -12.812    114.546    4096
       1895 15.79166666667   32.85304    52.19648               -12.778    115.631    4096
       1896 15.80000000000   32.65141    52.27062               -12.759    112.652    4096
       1897 15.80833333333   32.45006    52.34534               -12.748    113.585    4096
       1898 15.81666666667   32.24898    52.42064               -12.681    114.803    4096
       1899 15.82500000000   32.04819    52.49651               -12.638    114.508    4096
       1900 15.83333333333   31.84768    52.57296               -12.637    112.766    4096
       1901 15.84166666667   31.64746    52.64996               -12.658    112.766    4096
       1902 15.85000000000   31.44751    52.72753               -12.610    116.450    4096
       1903 15.85833333333   31.24784    52.80565            -14849.685    115.879    4096
       1904 15.86666666667   31.04846    52.88431               -12.516    115.745    4096
       1905 15.87500000000   30.84936    52.96352               -12.446    119.419    4096
       1906 15.88333333333   30.65054    53.04327               -12.467    117.525    4096
       1907 15.89166666667   30.45200    53.12356               -12.422  -2320.095    4096
       1908 15.90000000000   30.25375    53.20437               -12.411    115.888    4096
       1909 15.90833333333   30.05577    53.28572               -12.363    118.639    4096
       1910 15.91666666667   29.85808    53.36758               -12.356    115.736    4096
       1911 15.92500000000   29.66067    53.44996               -12.322  -2318.458    4096
       1912 15.93333333333   29.46354    53.53285               -12.227    117.116    4096
       1913 15.94166666667   29.26670    53.61625               -12.194    114.917    4096
       1914 15.95000000000   29.07013    53.70015               -12.117    111.986    4096
       1915 15.95833333333   28.87385    53.78456               -12.124    113.176    4096
       1916 15.96666666667   28.67784    53.86946               -12.097    113.728    4096
       1917 15.97500000000   28.48212    53.95485               -12.082    113.471    4096
       1918 15.98333333333   28.28668    54.04073               -12.043    115.374    4096
       1919 15.99166666667   28.09153    54.12710               -11.993    118.382    4096
       1920 16.00000000000   27.89667    54.21390               -11.915    113.985    4096
       1921 16.00833333333   27.70205    54.30127               -11.911    112.348    4096
       1922 16.01666666667   27.50773    54.38906               -11.870    116.297    4096
       1923 16.02500000000   27.31370    54.47733               -11.807    113.994    4096
       1924 16.03333333333   27.11994    54.56606               -11.748    115.631    4096
       1925 16.04166666667   26.92647    54.65525               -11.674    111.234    4096
       1926 16.05000000000   26.73327    54.74490               -11.654    110.311    4096
       1927 16.05833333333   26.54035    54.83501               -11.655    111.272    4096
       1928 16.06666666667   26.34772    54.92556               -11.631    109.902    4096
       1929 16.07500000000   26.15536    55.01657               -11.542    115.212    4096
       1930 16.08333333333   25.96328    55.10802               -11.521    113.318    4096
       1931 16.09166666667   25.77148    55.19991               -11.486    117.820    4096
       1932 16.10000000000   25.57996    55.29223               -11.415    118.753    4096
       1933 16.10833333333   25.38871    55.38500               -11.370    116.183    4096
       1934 16.11666666667   25.19775    55.47819               -11.345    110.606    4096
       1935 16.12500000000   25.00706    55.57181               -11.303    117.259    4096
       1936 16.13333333333   24.81665    55.66586               -11.241    112.614    4096
       1937 16.14166666667   24.62651    55.76033               -11.234    118.753    4096
       1938 16.15000000000   24.43666    55.85521               -11.211    114.851    4096
       1939 16.15833333333   24.24708    55.95052               -11.087    116.183    4096
       1940 16.16666666667   24.05777    56.04623               -11.087    115.212    4096
       1941 16.17500000000   23.86874    56.14236               -11.013    112.757    4096
       1942 16.18333333333   23.67998    56.23889               -11.022    110.454    4096
       1943 16.19166666667   23.49150    56.33583               -11.009    109.083    4096
       1944 16.20000000000   23.30330    56.43316               -11.010    106.627    4096
       1945 16.20833333333   23.11537    56.53090               -10.992    106.627    4096
       1946 16.21666666667   22.92771    56.62903               -10.993    111.948    4096
       1947 16.22500000000   22.74032    56.72755               -10.943    114.556    4096
       1948 16.23333333333   22.55321    56.82646               -10.932    112.757    4096
       1949 16.24166666667   22.36637    56.92576               -10.925    111.282    4096
       1950 16.25000000000   22.17980    57.02544               -10.904    117.516    4096
       1951 16.25833333333   21.99351    57.12551               -10.864    115.070    4096
       1952 16.26666666667   21.80748    57.22595               -10.911    117.668    4096
       1953 16.27500000000   21.62173    57.32677               -10.847    117.963    4096
       1954 16.28333333333   21.43625    57.42797               -10.815    114.394    4096
       1955 16.29166666667   21.25103    57.52953               -10.790    111.834    4096
       1956 16.30000000000   21.06609    57.63147               -10.779    114.394    4096
       1957 16.30833333333   20.88141    57.73377               -10.785    107.037    4096
       1958 16.31666666667   20.69701    57.83643               -10.761    116.031    4096
       1959 16.32500000000   20.51287    57.93946               -10.784    113.023    4096
       1960 16.33333333333   20.32899    58.04284               -10.781    116.031    4096
       1961 16.34166666667   20.14539    58.14658               -10.919    115.327    4096
       1962 16.35000000000   19.96205    58.25067               -10.876    114.660    4096
       1963 16.35833333333   19.77898    58.35512               -10.880    109.492    4096
       1964 16.36666666667   19.59617    58.45991               -10.894  -2324.597    4096
       1965 16.37500000000   19.41363    58.56505            -14847.990    116.707    4096
       1966 16.38333333333   19.23135    58.67054               -10.907  -2324.340    4096
       1967 16.39166666667   19.04934    58.77637               -10.726    114.813    4096
       1968 16.40000000000   18.86759    58.88254               -10.668    114.803    4096
       1969 16.40833333333   18.68610    58.98904               -10.605    120.495    4096
       1970 16.41666666667   18.50487    59.09588               -10.542    116.031    4096
       1971 16.42500000000   18.32391    59.20306               -10.520  -2329.099    4096
       1972 16.43333333333   18.14320    59.31056               -10.460    119.572    4096
       1973 16.44166666667   17.96276    59.41840               -10.468    110.758    4096
       1974 16.45000000000   17.78258    59.52656               -10.394    117.668    4096
       1975 16.45833333333   17.60266    59.63505               -10.393    116.183    4096
       1976 16.46666666667   17.42299    59.74386               -10.391    113.575    4096
       1977 16.47500000000   17.24358    59.85299               -10.405    120.381    4096
       1978 16.48333333333   17.06444    59.96243               -10.321  -2330.184    4096
       1979 16.49166666667   16.88554    60.07220               -10.306    114.698    4096
       1980 16.50000000000   16.70691    60.18228               -10.306    118.629    4096
       1981 16.50833333333   16.52853    60.29267               -10.270    120.542    4096
       1982 16.51666666667   16.35041    60.40337               -10.295    111.015    4096
       1983 16.52500000000   16.17254    60.51438               -10.280    114.803    4096
       1984 16.53333333333   15.99492    60.62570               -10.341    115.222    4096
       1985 16.54166666667   15.81756    60.73732               -10.316    113.433    4096
       1986 16.55000000000   15.64045    60.84924               -10.255    116.849    4096
       1987 16.55833333333   15.46359    60.96147               -10.157    124.073    4096
       1988 16.56666666667   15.28699    61.07399               -10.111    114.841    4096
       1989 16.57500000000   15.11063    61.18681               -10.056    113.585    4096
       1990 16.58333333333   14.93453    61.29992                -9.846    117.002    4096
       1991 16.59166666667   14.75867    61.41333                -9.813    118.344    4096
       1992 16.60000000000   14.58306    61.52703                -9.692  -2322.142    4096
       1993 16.60833333333   14.40771    61.64101                -9.573    115.060    4096
       1994 16.61666666667   14.23260    61.75529                -9.431    110.158    4096
       1995 16.62500000000   14.05773    61.86985                -9.384    117.002    4096
       1996 16.63333333333   13.88311    61.98469                -9.268    122.018    4096
       1997 16.64166666667   13.70874    62.09982                -9.213    113.061    4096
       1998 16.65000000000   13.53461    62.21523                -9.177    117.002    4096
       1999 16.65833333333   13.36073    62.33091                -9.086    113.471    4096
       2000 16.66666666667   13.18709    62.44688                -9.060    117.411    4096
       2001 16.67500000000   13.01370    62.56311                -8.971    118.487    4096
       2002 16.68333333333   12.84054    62.67962                -8.919    113.176    4096
       2003 16.69166666667   12.66763    62.79641                -8.889    110.720    4096
       2004 16.70000000000   12.49496    62.91346                -8.793    113.176    4096
       2005 16.70833333333   12.32252    63.03078                -8.740    116.440    4096
       2006 16.71666666667   12.15033    63.14836                -8.731    115.212    4096
       2007 16.72500000000   11.97838    63.26622                -8.646    116.040    4096
       2008 16.73333333333   11.80666    63.38433                -8.593    119.981    4096
       2009 16.74166666667   11.63518    63.50271                -8.590    115.479    4096
       2010 16.75000000000   11.46394    63.62134                -8.530    119.419    4096
       2011 16.75833333333   11.29293    63.74024                -8.462    115.879    4096
       2012 16.76666666667   11.12216    63.85939                -8.415    112.348    4096
       2013 16.77500000000   10.95162    63.97879                -8.371    119.562    4096
       2014 16.78333333333   10.78132    64.09845                -8.319    118.743    4096
       2015 16.79166666667   10.61125    64.21836                -8.227    114.251    4096
       2016 16.80000000000   10.44141    64.33852                -8.188    117.973    4096
       2017 16.80833333333   10.27180    64.45893                -8.050    111.015    4096
       2018 16.81666666667   10.10242    64.57959                -8.033    113.575    4096
       2019 16.82500000000    9.93328    64.70049                -7.936    121.618    4096
       2020 16.83333333333    9.76436    64.82163             19033.005  -2318.611    4096
       2021 16.84166666667    9.59567    64.94302                -7.906    113.985    4096
       2022 16.85000000000    9.42721    65.06465                -7.779    119.305    4096
       2023 16.85833333333    9.25897    65.18652                -7.682    115.479    4096
       2024 16.86666666667    9.09097    65.30863                -7.619    115.926    4096
       2025 16.87500000000    8.92318    65.43097                -7.615    118.344    4096
       2026 16.88333333333    8.75562    65.55354                -7.467    113.471    4096
       2027 16.89166666667    8.58829    65.67635                -7.476    107.855    4096
       2028 16.90000000000    8.42118    65.79940                -7.285    113.985    4096
       2029 16.90833333333    8.25429    65.92267                -7.310    118.487    4096
       2030 16.91666666667    8.08762    66.04617                -7.121    111.282    4096
       2031 16.92500000000    7.92118    66.16990                -7.114    108.931    4096
       2032 16.93333333333    7.75495    66.29385                -7.086     97.519    4096
       2033 16.94166666667    7.58894    66.41803                -6.930    105.400    4096
       2034 16.95000000000    7.42315    66.54243                -6.792    104.724    4096
       2035 16.95833333333    7.25758    66.66706                -6.915    111.244    4096
       2036 16.96666666667    7.09223    66.79190                -6.647    100.755    4096
       2037 16.97500000000    6.92709    66.91696                -6.739     85.251    4096
       2038 16.98333333333    6.76217    67.04224                -6.589    118.230    4096
       2039 16.99166666667    6.59746    67.16773                -6.566     84.327    4096
       2040 17.00000000000    6.43297    67.29344                -6.346    124.740    4096
       2043 17.02500000000    5.94076    67.67184                 0.000      0.000    5233
