# Created on 2022-09-14 14:18:06 
# Sources: obs\AAV40321.22O, nav\AAV40321.22N
# Satellite: G12
# Interval: 30.0
# Sampling interval: 0.0 (not used).
# Site: AAV4
# Position (L, B, H): 74.61783822493432, 43.02329917686259, 585.248198849149
# Position (X, Y, Z): 1238908.5437, 4503304.8915, 4329793.7299
# datetime format: %Y-%m-%dT%H:%M:%S
# Columns: tsn, hour, el, az, tec.l1l2, tec.p1p2, validity
# (I11,1X,F14.11,1X,F10.5,1X,F11.5,1X,F21.3,1X,F10.3,1X,I7)
       1515 12.62500000000    8.23821   296.66448               -88.145    106.104    4096
       1516 12.63333333333    8.41424   296.77663               -88.506    108.264    4096
       1517 12.64166666667    8.59051   296.88849               -88.708  -2337.541    4096
       1518 12.65000000000    8.76702   297.00006               -88.887    109.597    4096
       1519 12.65833333333    8.94378   297.11134               -89.116    108.969    4096
       1520 12.66666666667    9.12079   297.22232               -89.365    119.714    4096
       1521 12.67500000000    9.29804   297.33302               -89.624     97.110    4096
       1522 12.68333333333    9.47554   297.44341               -89.703     90.152    4096
       1523 12.69166666667    9.65329   297.55351               -89.862     96.405    4096
       1524 12.70000000000    9.83129   297.66331               -90.004    113.176    4096
       1525 12.70833333333   10.00953   297.77281               -90.182    117.820    4096
       1526 12.71666666667   10.18803   297.88200             18950.619  -2335.229    4096
       1527 12.72500000000   10.36678   297.99089               -90.441     87.706    4096
       1528 12.73333333333   10.54577   298.09948               -90.517     94.654    4096
       1529 12.74166666667   10.72502   298.20775               -90.651    108.674    4096
       1530 12.75000000000   10.90452   298.31571               -90.782    103.096    4096
       1531 12.75833333333   11.08427   298.42336               -90.909     97.519    4096
       1532 12.76666666667   11.26427   298.53069               -91.026    108.379    4096
       1533 12.77500000000   11.44453   298.63771               -91.300    102.944    4096
       1534 12.78333333333   11.62504   298.74441               -91.360    104.876    4096
       1535 12.79166666667   11.80581   298.85079               -91.483    100.650    4096
       1536 12.80000000000   11.98683   298.95684               -91.627    104.581    4096
       1537 12.80833333333   12.16810   299.06257               -91.846    108.264    4096
       1538 12.81666666667   12.34963   299.16797               -91.961    101.088    4096
       1539 12.82500000000   12.53142   299.27305               -92.229    108.417    4096
       1540 12.83333333333   12.71346   299.37779               -92.509     99.413    4096
       1541 12.84166666667   12.89576   299.48220               -92.650     91.389    4096
       1542 12.85000000000   13.07832   299.58627               -92.954    107.037    4096
       1543 12.85833333333   13.26113   299.69001               -93.123     97.119    4096
       1544 12.86666666667   13.44420   299.79340               -93.320     99.822    4096
       1545 12.87500000000   13.62753   299.89646               -93.530     90.828    4096
       1546 12.88333333333   13.81112   299.99917               -93.745    105.400    4096
       1547 12.89166666667   13.99497   300.10154               -93.917     96.700    4096
       1548 12.90000000000   14.17908   300.20355               -93.984     88.115    4096
       1549 12.90833333333   14.36345   300.30522               -94.094     95.073    4096
       1550 12.91666666667   14.54808   300.40653               -94.264     95.473    4096
       1551 12.92500000000   14.73297   300.50749               -94.512    100.346    4096
       1552 12.93333333333   14.91812   300.60809               -94.563  -2335.904    4096
       1553 12.94166666667   15.10354   300.70833               -94.718     99.718    4096
       1554 12.95000000000   15.28921   300.80821               -94.863     96.558    4096
       1555 12.95833333333   15.47515   300.90772               -94.987  -2335.904    4096
       1556 12.96666666667   15.66135   301.00687               -95.085     98.337    4096
       1557 12.97500000000   15.84782   301.10565               -95.242     95.996    4096
       1558 12.98333333333   16.03454   301.20405               -95.322     92.351    4096
       1559 12.99166666667   16.22154   301.30209               -95.442    101.564    4096
       1560 13.00000000000   16.40879   301.39974               -95.601    107.998    4096
       1561 13.00833333333   16.59631   301.49702               -95.699     87.554    4096
       1562 13.01666666667   16.78410   301.59391               -95.794     93.284    4096
       1563 13.02500000000   16.97215   301.69042               -95.964     97.224    4096
       1564 13.03333333333   17.16047   301.78655               -96.052    103.249    4096
       1565 13.04166666667   17.34905   301.88228               -96.236     96.853    4096
       1566 13.05000000000   17.53790   301.97763               -96.356     88.934    4096
       1567 13.05833333333   17.72701   302.07257               -96.436     94.949    4096
       1568 13.06666666667   17.91639   302.16712               -96.572     97.110    4096
       1569 13.07500000000   18.10604   302.26128               -96.727    102.944    4096
       1570 13.08333333333   18.29596   302.35502               -96.895     96.139    4096
       1571 13.09166666667   18.48614   302.44837               -97.009     92.351    4096
       1572 13.10000000000   18.67659   302.54130               -97.164     90.009    4096
       1573 13.10833333333   18.86731   302.63382               -97.340    100.793    4096
       1574 13.11666666667   19.05829   302.72593               -97.456  -2336.837    4096
       1575 13.12500000000   19.24955   302.81763               -97.591     93.579    4096
       1576 13.13333333333   19.44107   302.90890               -97.755     95.739    4096
       1577 13.14166666667   19.63286   302.99975               -97.882     98.337    4096
       1578 13.15000000000   19.82493   303.09018               -98.039     88.115    4096
       1579 13.15833333333   20.01726   303.18017               -98.079    100.945    4096
       1580 13.16666666667   20.20986   303.26974               -98.231     96.405    4096
       1581 13.17500000000   20.40272   303.35887               -98.362     99.004    4096
       1582 13.18333333333   20.59586   303.44756               -98.443     94.502    4096
       1583 13.19166666667   20.78927   303.53581               -98.580     99.565    4096
       1584 13.20000000000   20.98295   303.62362               -98.655     91.237    4096
       1585 13.20833333333   21.17690   303.71098               -98.757     93.284    4096
       1586 13.21666666667   21.37112   303.79789               -98.914    101.316    4096
       1587 13.22500000000   21.56561   303.88435               -98.935     89.752    4096
       1588 13.23333333333   21.76037   303.97035             18941.877  -2348.839    4096
       1589 13.24166666667   21.95540   304.05589               -99.119     98.337    4096
       1590 13.25000000000   22.15070   304.14096               -99.203     89.600    4096
       1591 13.25833333333   22.34627   304.22557               -99.302     94.369    4096
       1592 13.26666666667   22.54211   304.30971               -99.392     92.503    4096
       1593 13.27500000000   22.73822   304.39337               -99.500     93.540    4096
       1594 13.28333333333   22.93461   304.47656               -99.617     95.358    4096
       1595 13.29166666667   23.13126   304.55926               -99.759     97.405    4096
       1596 13.30000000000   23.32819   304.64148               -99.857     90.971    4096
       1597 13.30833333333   23.52538   304.72321               -99.974     93.017    4096
       1598 13.31666666667   23.72285   304.80445              -100.104     86.735    4096
       1599 13.32500000000   23.92059   304.88519              -100.159     99.565    4096
       1600 13.33333333333   24.11859   304.96544              -100.371     94.921    4096
       1601 13.34166666667   24.31687   305.04518              -100.463  -2348.725    4096
       1602 13.35000000000   24.51542   305.12441              -100.578     94.911    4096
       1603 13.35833333333   24.71424   305.20313              -100.699     93.131    4096
       1604 13.36666666667   24.91333   305.28133              -100.797     88.001    4096
       1605 13.37500000000   25.11270   305.35902              -100.862     85.403    4096
       1606 13.38333333333   25.31233   305.43618              -100.996     96.967    4096
       1607 13.39166666667   25.51223   305.51281              -101.119     90.828    4096
       1608 13.40000000000   25.71240   305.58891              -101.269     97.072    4096
       1609 13.40833333333   25.91284   305.66447              -101.295     86.773    4096
       1610 13.41666666667   26.11355   305.73950              -101.386     89.486    4096
       1611 13.42500000000   26.31453   305.81397              -101.482     95.882    4096
       1612 13.43333333333   26.51578   305.88790              -101.639     99.270    4096
       1613 13.44166666667   26.71730   305.96128              -101.736     84.994    4096
       1614 13.45000000000   26.91909   306.03409              -101.724     88.677    4096
       1615 13.45833333333   27.12115   306.10634              -101.833     95.891    4096
       1616 13.46666666667   27.32347   306.17803              -101.949     93.579    4096
       1617 13.47500000000   27.52606   306.24914              -102.075     97.262    4096
       1618 13.48333333333   27.72892   306.31968              -102.127     89.077    4096
       1619 13.49166666667   27.93205   306.38963              -102.161  -2341.367    4096
       1620 13.50000000000   28.13545   306.45899              -102.300     93.274    4096
       1621 13.50833333333   28.33911   306.52776              -102.394     89.191    4096
       1622 13.51666666667   28.54304   306.59594              -102.508     94.654    4096
       1623 13.52500000000   28.74724   306.66351              -102.597     86.888    4096
       1624 13.53333333333   28.95170   306.73047              -102.651     88.820    4096
       1625 13.54166666667   29.15642   306.79683              -102.800     94.921    4096
       1626 13.55000000000   29.36142   306.86256              -102.906     88.525    4096
       1627 13.55833333333   29.56667   306.92767              -102.991  -2344.042    4096
       1628 13.56666666667   29.77219   306.99215              -103.017     95.063    4096
       1629 13.57500000000   29.97798   307.05599              -103.115     89.486    4096
       1630 13.58333333333   30.18402   307.11920              -103.193     86.745    4096
       1631 13.59166666667   30.39033   307.18175              -103.239     89.600    4096
       1632 13.60000000000   30.59690   307.24366              -103.287     89.895    4096
       1633 13.60833333333   30.80374   307.30490              -103.360     87.040    4096
       1634 13.61666666667   31.01083   307.36549              -103.427     84.175    4096
       1635 13.62500000000   31.21818   307.42540              -103.517     90.714    4096
       1636 13.63333333333   31.42580   307.48463              -103.573     92.722    4096
       1637 13.64166666667   31.63367   307.54318              -103.638     83.728    4096
       1638 13.65000000000   31.84180   307.60105              -103.699     89.752    4096
       1639 13.65833333333   32.05019   307.65821              -103.783     83.356    4096
       1640 13.66666666667   32.25884   307.71468              -103.825     90.971    4096
       1641 13.67500000000   32.46774   307.77043              -103.892     89.495    4096
       1642 13.68333333333   32.67690   307.82547              -103.997     87.449    4096
       1643 13.69166666667   32.88631   307.87979              -104.077     90.723    4096
       1644 13.70000000000   33.09598   307.93337              -104.200     86.069    4096
       1645 13.70833333333   33.30590   307.98622              -104.226     94.254    4096
       1646 13.71666666667   33.51607   308.03833              -104.351     88.258    4096
       1647 13.72500000000   33.72649   308.08968              -104.385     86.735    4096
       1648 13.73333333333   33.93717   308.14028              -104.434     93.731    4096
       1649 13.74166666667   34.14809   308.19010              -104.556     92.874    4096
       1650 13.75000000000   34.35926   308.23916              -104.605     83.061    4096
       1651 13.75833333333   34.57068   308.28743              -104.647     85.098    4096
       1652 13.76666666667   34.78235   308.33491             18936.209  -2345.041    4096
       1653 13.77500000000   34.99426   308.38159              -104.856     92.608    4096
       1654 13.78333333333   35.20642   308.42747              -104.917     84.175    4096
       1655 13.79166666667   35.41882   308.47253              -104.898     87.858    4096
       1656 13.80000000000   35.63146   308.51677              -105.001     94.254    4096
       1657 13.80833333333   35.84434   308.56018              -105.056     83.356    4096
       1658 13.81666666667   36.05747   308.60275              -105.064     83.499    4096
       1659 13.82500000000   36.27083   308.64446              -105.106     89.334    4096
       1660 13.83333333333   36.48443   308.68532              -105.199     87.183    4096
       1661 13.84166666667   36.69826   308.72531              -105.196     89.600    4096
       1662 13.85000000000   36.91233   308.76443              -105.213     90.152    4096
       1663 13.85833333333   37.12664   308.80265              -105.290     91.942    4096
       1664 13.86666666667   37.34118   308.83998              -105.381     87.440    4096
       1665 13.87500000000   37.55594   308.87641              -105.429     88.667    4096
       1666 13.88333333333   37.77094   308.91192              -105.492     81.605    4096
       1667 13.89166666667   37.98617   308.94650              -105.563     89.343    4096
       1668 13.90000000000   38.20162   308.98014              -105.661     88.115    4096
       1669 13.90833333333   38.41729   309.01284              -105.706     88.667    4096
       1670 13.91666666667   38.63319   309.04458              -105.776     88.001    4096
       1671 13.92500000000   38.84931   309.07535              -105.823     83.356    4096
       1672 13.93333333333   39.06565   309.10514              -105.898     87.402    4096
       1673 13.94166666667   39.28221   309.13394              -105.975     88.525    4096
       1674 13.95000000000   39.49899   309.16174              -105.986     82.947    4096
       1675 13.95833333333   39.71597   309.18852              -106.076     87.145    4096
       1676 13.96666666667   39.93318   309.21428              -106.152     88.382    4096
       1677 13.97500000000   40.15059   309.23899              -106.198     82.129    4096
       1678 13.98333333333   40.36821   309.26266              -106.199     87.297    4096
       1679 13.99166666667   40.58604   309.28526              -106.243     87.411    4096
       1680 14.00000000000   40.80407   309.30679              -106.276     84.841    4096
       1681 14.00833333333   41.02231   309.32722              -106.325     84.737    4096
       1682 14.01666666667   41.24075   309.34656              -106.364     90.971    4096
       1683 14.02500000000   41.45938   309.36477              -106.418     87.287    4096
       1684 14.03333333333   41.67821   309.38186              -106.424     82.833    4096
       1685 14.04166666667   41.89724   309.39780              -106.439     86.888    4096
       1686 14.05000000000   42.11646   309.41259              -106.529     87.154    4096
       1687 14.05833333333   42.33586   309.42620             18934.391  -2351.180    4096
       1688 14.06666666667   42.55546   309.43862              -106.544     86.583    4096
       1689 14.07500000000   42.77524   309.44984              -106.591     84.584    4096
       1690 14.08333333333   42.99520   309.45985              -106.628     87.440    4096
       1691 14.09166666667   43.21533   309.46862              -106.642     82.281    4096
       1692 14.10000000000   43.43565   309.47613              -106.664     86.069    4096
       1693 14.10833333333   43.65614   309.48238              -106.712     85.812    4096
       1694 14.11666666667   43.87680   309.48735               -16.083     87.554    4098
       1695 14.12500000000   44.09763   309.49102               -16.146     92.056    4098
       1696 14.13333333333   44.31862   309.49337               -16.160     80.197    4096
       1697 14.14166666667   44.53978   309.49439               -13.863     85.251    4098
       1698 14.15000000000   44.76109   309.49405               -13.911     90.980    4098
       1699 14.15833333333   44.98257   309.49234               -11.624     83.356    4096
       1700 14.16666666667   45.20419   309.48924                 0.000      0.000    5200
       1701 14.17500000000   45.42596   309.48473               -11.698     80.749    4096
       1702 14.18333333333   45.64789   309.47880               -14.026     91.532    4098
       1703 14.19166666667   45.86995   309.47141               -14.072     79.264    4096
       1704 14.20000000000   46.09215   309.46256                -7.122     84.137    4096
       1705 14.20833333333   46.31449   309.45222               -11.814     83.870    4098
       1706 14.21666666667   46.53696   309.44036                -9.518  -2350.590    4096
       1707 14.22500000000   46.75956   309.42698               -11.841     86.183    4096
       1708 14.23333333333   46.98228   309.41204               -11.892     87.440    4096
       1709 14.24166666667   47.20513   309.39553                -7.293     84.318    4098
       1710 14.25000000000   47.42809   309.37741                 0.000      0.000    5200
       1711 14.25833333333   47.65116   309.35768               -14.336     87.297    4096
       1712 14.26666666667   47.87435   309.33629                -5.077     78.855    4096
       1713 14.27500000000   48.09763   309.31324                 0.000      0.000    5200
       1714 14.28333333333   48.32102   309.28849                -9.772     87.706    4096
       1715 14.29166666667   48.54450   309.26202               -12.114     84.318    4096
       1716 14.30000000000   48.76807   309.23381               -12.171     87.858    4098
       1717 14.30833333333   48.99173   309.20382                -7.547     86.336    4096
       1718 14.31666666667   49.21547   309.17203                -9.857     87.297    4096
       1719 14.32500000000   49.43929   309.13841               -12.231     86.469    4096
       1720 14.33333333333   49.66318   309.10294                 0.000      0.000    5200
       1721 14.34166666667   49.88713   309.06558                 0.000      0.000    5200
       1722 14.35000000000   50.11115   309.02631                 0.000      0.000    5200
       1723 14.35833333333   50.33522   308.98510               -10.063     89.343    4096
       1724 14.36666666667   50.55934   308.94191                 0.000      0.000    5200
       1725 14.37500000000   50.78350   308.89672               -10.115     86.364    4096
       1726 14.38333333333   51.00771   308.84949                -3.169     79.407    4098
       1727 14.39166666667   51.23195   308.80019                 0.000      0.000    5200
       1728 14.40000000000   51.45621   308.74878                 0.000      0.000    5200
       1729 14.40833333333   51.68049   308.69524               -10.212     86.478    4096
       1730 14.41666666667   51.90479   308.63952                 0.000      0.000    5200
       1731 14.42500000000   52.12910   308.58159                 0.000      0.000    5232
       1732 14.43333333333   52.35341   308.52142                 0.000      0.000    5232
       1733 14.44166666667   52.57771   308.45897                 0.000      0.000    5200
       1734 14.45000000000   52.80200   308.39420               -10.368     88.115    4096
       1735 14.45833333333   53.02627   308.32707                -8.060  -2354.416    4096
       1736 14.46666666667   53.25052   308.25753                -5.720     85.955    4096
       1737 14.47500000000   53.47473   308.18556                -5.785     83.461    4098
       1738 14.48333333333   53.69890   308.11111                 0.000      0.000    5200
       1739 14.49166666667   53.92301   308.03413                -5.834     87.335    4096
       1740 14.50000000000   54.14707   307.95458                -5.862     81.710    4098
       1741 14.50833333333   54.37107   307.87242                 0.000      0.000    5200
       1742 14.51666666667   54.59499   307.78761               -10.546     83.918    4096
       1743 14.52500000000   54.81883   307.70008                -3.583     83.204    4098
       1744 14.53333333333   55.04257   307.60981                -5.909     83.204    4096
       1745 14.54166666667   55.26622   307.51673                 0.000      0.000    5232
       1746 14.55000000000   55.48975   307.42081                 0.000      0.000    5200
       1747 14.55833333333   55.71317   307.32198                -6.009     86.773    4096
       1748 14.56666666667   55.93645   307.22019                 0.000      0.000    5200
       1749 14.57500000000   56.15960   307.11540                 0.000      0.000    5232
       1750 14.58333333333   56.38259   307.00755                -6.042     84.432    4096
       1751 14.59166666667   56.60543   306.89658                -6.041     84.851    4098
       1752 14.60000000000   56.82809   306.78243                -6.047     85.251    4096
       1753 14.60833333333   57.05058   306.66504                -6.063     83.756    4096
       1754 14.61666666667   57.27287   306.54436                 0.000      0.000    5232
       1755 14.62500000000   57.49495   306.42033                 0.000      0.000    5200
       1756 14.63333333333   57.71682   306.29288                 0.000      0.000    5232
       1757 14.64166666667   57.93846   306.16194                -8.489     83.652    4096
       1758 14.65000000000   58.15986   306.02746                 0.000      0.000    5200
       1759 14.65833333333   58.38100   305.88936                -6.221  -2354.017    4096
       1760 14.66666666667   58.60187   305.74758                -6.210     84.575    4098
       1761 14.67500000000   58.82247   305.60204                -6.209     83.766    4098
       1762 14.68333333333   59.04276   305.45268                 0.000      0.000    5200
       1763 14.69166666667   59.26275   305.29941                 0.000      0.000    5200
       1764 14.70000000000   59.48242   305.14217                 0.000      0.000    5200
       1765 14.70833333333   59.70174   304.98088                -6.277     81.015    4096
       1766 14.71666666667   59.92071   304.81545                 0.000      0.000    5232
       1767 14.72500000000   60.13931   304.64581                 0.000      0.000    5200
       1768 14.73333333333   60.35752   304.47188                -6.381     84.289    4096
       1769 14.74166666667   60.57532   304.29357                 0.000      0.000    5200
       1770 14.75000000000   60.79271   304.11079                -6.431     80.796    4096
       1771 14.75833333333   61.00966   303.92346                -6.469     86.745    4098
       1772 14.76666666667   61.22614   303.73148                 0.000      0.000    5200
       1773 14.77500000000   61.44216   303.53477                 0.000      0.000    5200
       1774 14.78333333333   61.65768   303.33323                 0.000      0.000    5232
       1775 14.79166666667   61.87268   303.12676                -8.818     86.478    4096
       1776 14.80000000000   62.08715   302.91527                -6.506     84.955    4098
       1777 14.80833333333   62.30106   302.69865                 0.000      0.000    5200
       1778 14.81666666667   62.51439   302.47680                 0.000      0.000    5200
       1779 14.82500000000   62.72713   302.24962                 0.000      0.000    5200
       1780 14.83333333333   62.93924   302.01700                 0.000      0.000    5200
       1781 14.84166666667   63.15071   301.77883                 0.000      0.000    5200
       1782 14.85000000000   63.36150   301.53500                 0.000      0.000    5200
       1783 14.85833333333   63.57161   301.28539                 0.000      0.000    5200
       1784 14.86666666667   63.78099   301.02989                 0.000      0.000    5200
       1785 14.87500000000   63.98963   300.76839                 0.000      0.000    5200
       1786 14.88333333333   64.19750   300.50075                 0.000      0.000    5200
       1787 14.89166666667   64.40456   300.22686                 0.000      0.000    5200
       1788 14.90000000000   64.61080   299.94659                 0.000      0.000    5200
       1789 14.90833333333   64.81618   299.65982                 0.000      0.000    5200
       1790 14.91666666667   65.02068   299.36641                 0.000      0.000    5200
       1791 14.92500000000   65.22425   299.06624                 0.000      0.000    5200
       1792 14.93333333333   65.42688   298.75916                -4.204     84.841    4096
       1793 14.94166666667   65.62852   298.44505                -4.191     82.795    4098
       1794 14.95000000000   65.82915   298.12376                -6.538     85.964    4096
       1795 14.95833333333   66.02873   297.79516                -1.887     82.947    4096
       1796 14.96666666667   66.22723   297.45910                 0.000      0.000    5232
       1797 14.97500000000   66.42460   297.11544                 0.000      0.000    5200
       1798 14.98333333333   66.62082   296.76404                 0.000      0.000    5200
       1799 14.99166666667   66.81583   296.40474                 0.000      0.000    5232
       1800 15.00000000000   67.00961   296.03740                 0.000      0.000    5200
       1801 15.00833333333   67.20212   295.66187                 0.000      0.000    5200
       1802 15.01666666667   67.39330   295.27799                 0.000      0.000    5200
       1803 15.02500000000   67.58313   294.88562                 0.000      0.000    5200
       1804 15.03333333333   67.77155   294.48460                 0.000      0.000    5200
       1805 15.04166666667   67.95852   294.07477                 0.000      0.000    5200
       1806 15.05000000000   68.14399   293.65599                 0.000      0.000    5200
       1807 15.05833333333   68.32792   293.22811                 0.000      0.000    5200
       1808 15.06666666667   68.51026   292.79095                 0.000      0.000    5200
       1809 15.07500000000   68.69096   292.34438                 0.000      0.000    5200
       1810 15.08333333333   68.86996   291.88824                 0.000      0.000    5200
       1811 15.09166666667   69.04722   291.42238                 0.000      0.000    5200
       1812 15.10000000000   69.22268   290.94664                 0.000      0.000    5200
       1813 15.10833333333   69.39628   290.46089                -6.424     83.204    4096
       1814 15.11666666667   69.56798   289.96498                -1.787     82.386    4096
       1815 15.12500000000   69.73771   289.45875                 0.000      0.000    5232
       1816 15.13333333333   69.90541   288.94209                 0.000      0.000    5200
       1817 15.14166666667   70.07102   288.41485                 0.000      0.000    5200
       1818 15.15000000000   70.23449   287.87689                -6.421  -2353.484    4096
       1819 15.15833333333   70.39575   287.32811                 0.000      0.000    5200
       1820 15.16666666667   70.55473   286.76837                 0.000      0.000    5200
       1821 15.17500000000   70.71138   286.19757                -1.806     82.833    4096
       1822 15.18333333333   70.86562   285.61561                 0.000      0.000    5200
       1823 15.19166666667   71.01739   285.02238                -4.123     80.901    4096
       1824 15.20000000000   71.16662   284.41780                 0.000      0.000    5200
       1825 15.20833333333   71.31324   283.80179                -4.124     84.175    4096
       1826 15.21666666667   71.45717   283.17429                 0.000      0.000    5200
       1827 15.22500000000   71.59836   282.53524                -4.116     81.158    4096
       1828 15.23333333333   71.73672   281.88460                 0.000      0.000    5200
       1829 15.24166666667   71.87219   281.22234                 0.000      0.000    5200
       1830 15.25000000000   72.00468   280.54844                -6.403     84.280    4096
       1831 15.25833333333   72.13413   279.86291                 0.000      0.000    5200
       1832 15.26666666667   72.26046   279.16576                 0.000      0.000    5200
       1833 15.27500000000   72.38359   278.45703                 0.000      0.000    5200
       1834 15.28333333333   72.50345   277.73677                 0.000      0.000    5200
       1835 15.29166666667   72.61997   277.00505                 0.000      0.000    5200
       1836 15.30000000000   72.73306   276.26196                 0.000      0.000    5200
       1837 15.30833333333   72.84266   275.50762                 0.000      0.000    5200
       1838 15.31666666667   72.94868   274.74215                 0.000      0.000    5200
       1839 15.32500000000   73.05105   273.96573                 0.000      0.000    5200
       1840 15.33333333333   73.14970   273.17851                 0.000      0.000    5200
       1841 15.34166666667   73.24456   272.38071                 0.000      0.000    5200
       1842 15.35000000000   73.33555   271.57256                -6.194     83.613    4096
       1843 15.35833333333   73.42260   270.75431                 0.000      0.000    5232
       1844 15.36666666667   73.50564   269.92623                 0.000      0.000    5200
       1845 15.37500000000   73.58461   269.08862                 0.000      0.000    5200
       1846 15.38333333333   73.65944   268.24182                 0.000      0.000    5232
       1847 15.39166666667   73.73006   267.38618                 0.000      0.000    5200
       1848 15.40000000000   73.79641   266.52206                 0.000      0.000    5200
       1849 15.40833333333   73.85843   265.64989                -1.486     81.044    4096
       1850 15.41666666667   73.91608   264.77007                 0.000      0.000    5200
       1851 15.42500000000   73.96928   263.88306                 0.000      0.000    5200
       1852 15.43333333333   74.01800   262.98933                -3.779     80.749    4096
       1853 15.44166666667   74.06219   262.08937                 0.000      0.000    5200
       1854 15.45000000000   74.10180   261.18369                 0.000      0.000    5200
       1855 15.45833333333   74.13679   260.27283                -8.373     84.137    4096
       1856 15.46666666667   74.16712   259.35732                 0.000      0.000    5200
       1857 15.47500000000   74.19277   258.43774                 0.000      0.000    5200
       1858 15.48333333333   74.21370   257.51467                -3.693     83.613    4096
       1859 15.49166666667   74.22990   256.58868                -5.995     84.432    4096
       1860 15.50000000000   74.24134   255.66038                 0.000      0.000    5200
       1861 15.50833333333   74.24800   254.73037                 0.000      0.000    5200
       1862 15.51666666667   74.24989   253.79926                 0.000      0.000    5200
       1863 15.52500000000   74.24698   252.86768                -3.641     83.461    4096
       1864 15.53333333333   74.23928   251.93623                 0.000      0.000    5232
       1865 15.54166666667   74.22679   251.00553                 0.000      0.000    5200
       1866 15.55000000000   74.20952   250.07618                 0.000      0.000    5200
       1867 15.55833333333   74.18748   249.14880                -5.922     83.728    4096
       1868 15.56666666667   74.16069   248.22398                -5.913     81.567    4096
       1869 15.57500000000   74.12916   247.30231                -3.563     83.652    4096
       1870 15.58333333333   74.09293   246.38435                -5.902     82.947    4096
       1871 15.59166666667   74.05202   245.47068                -8.182     84.841    4096
       1872 15.60000000000   74.00647   244.56183                -5.843     83.061    4098
       1873 15.60833333333   73.95630   243.65834                -8.149     83.318    4098
       1874 15.61666666667   73.90157   242.76071                -5.814     84.289    4098
       1875 15.62500000000   73.84232   241.86943                 0.000      0.000    5200
       1876 15.63333333333   73.77859   240.98496                 0.000      0.000    5200
       1877 15.64166666667   73.71043   240.10776                -8.060     82.833    4096
       1878 15.65000000000   73.63790   239.23825                 0.000      0.000    5200
       1879 15.65833333333   73.56106   238.37681                -8.043     84.841    4096
       1880 15.66666666667   73.47996   237.52382                 0.000      0.000    5200
       1881 15.67500000000   73.39466   236.67964               -10.344     84.432    4096
       1882 15.68333333333   73.30523   235.84458                 0.000      0.000    5200
       1883 15.69166666667   73.21173   235.01894                 0.000      0.000    5200
       1884 15.70000000000   73.11423   234.20300                 0.000      0.000    5200
       1885 15.70833333333   73.01280   233.39700                -7.842     83.909    4096
       1886 15.71666666667   72.90750   232.60116               -10.125     81.605    4098
       1887 15.72500000000   72.79842   231.81569                -5.438     82.947    4096
       1888 15.73333333333   72.68561   231.04076            -14847.163     85.251    4098
       1889 15.74166666667   72.56916   230.27652                 0.000      0.000    5200
       1890 15.75000000000   72.44912   229.52310                 0.000      0.000    5200
       1891 15.75833333333   72.32559   228.78061                 0.000      0.000    5232
       1892 15.76666666667   72.19863   228.04914                 0.000      0.000    5232
       1893 15.77500000000   72.06831   227.32876                 0.000      0.000    5200
       1894 15.78333333333   71.93471   226.61951                 0.000      0.000    5232
       1895 15.79166666667   71.79790   225.92143                -9.889     85.660    4096
       1896 15.80000000000   71.65796   225.23453                 0.000      0.000    5232
       1897 15.80833333333   71.51495   224.55881                 0.000      0.000    5200
       1898 15.81666666667   71.36896   223.89425                 0.000      0.000    5200
       1899 15.82500000000   71.22004   223.24082                -9.771     82.795    4096
       1900 15.83333333333   71.06827   222.59848                -9.733     84.023    4098
       1901 15.84166666667   70.91373   221.96717                -9.701     85.146    4096
       1902 15.85000000000   70.75647   221.34681            -14844.430     82.538    4096
       1903 15.85833333333   70.59657   220.73734                -7.361     81.872    4098
       1904 15.86666666667   70.43409   220.13866               -11.975     84.584    4098
       1905 15.87500000000   70.26911   219.55067                -9.655     85.917    4098
       1906 15.88333333333   70.10168   218.97327                 0.000      0.000    5200
       1907 15.89166666667   69.93187   218.40635                 0.000      0.000    5200
       1908 15.90000000000   69.75974   217.84978                -9.533     81.053    4096
       1909 15.90833333333   69.58535   217.30345                 0.000      0.000    5200
       1910 15.91666666667   69.40877   216.76721                 0.000      0.000    5232
       1911 15.92500000000   69.23005   216.24094               -14.089     88.258    4096
       1912 15.93333333333   69.04925   215.72450                 0.000      0.000    5232
       1913 15.94166666667   68.86643   215.21773                 0.000      0.000    5200
       1914 15.95000000000   68.68163   214.72051               -14.013     86.478    4096
       1915 15.95833333333   68.49493   214.23267                 0.000      0.000    5200
       1916 15.96666666667   68.30636   213.75407               -13.956     88.372    4096
       1917 15.97500000000   68.11598   213.28456                 0.000      0.000    5232
       1918 15.98333333333   67.92385   212.82399                 0.000      0.000    5200
       1919 15.99166666667   67.73000   212.37219               -11.561     81.862    4096
       1920 16.00000000000   67.53451   211.92902                 0.000      0.000    5232
       1921 16.00833333333   67.33738   211.49433                 0.000      0.000    5200
       1922 16.01666666667   67.13869   211.06796               -11.488     82.947    4096
       1923 16.02500000000   66.93847   210.64975               -11.477     87.706    4096
       1924 16.03333333333   66.73678   210.23955               -13.751     85.698    4096
       1925 16.04166666667   66.53365   209.83721                 0.000      0.000    5200
       1926 16.05000000000   66.32912   209.44258                 0.000      0.000    5200
       1927 16.05833333333   66.12323   209.05551                 0.000      0.000    5200
       1928 16.06666666667   65.91603   208.67585                 0.000      0.000    5200
       1929 16.07500000000   65.70754   208.30345                 0.000      0.000    5200
       1930 16.08333333333   65.49782   207.93817                 0.000      0.000    5200
       1931 16.09166666667   65.28689   207.57986                 0.000      0.000    5200
       1932 16.10000000000   65.07479   207.22839                 0.000      0.000    5200
       1933 16.10833333333   64.86155   206.88361               -13.485     86.069    4096
       1934 16.11666666667   64.64721   206.54538               -13.423     86.212    4098
       1935 16.12500000000   64.43180   206.21358                 0.000      0.000    5200
       1936 16.13333333333   64.21536   205.88805                 0.000      0.000    5200
       1937 16.14166666667   63.99790   205.56868               -11.005     84.318    4096
       1938 16.15000000000   63.77947   205.25534                 0.000      0.000    5200
       1939 16.15833333333   63.56009   204.94789               -17.908     89.381    4096
       1940 16.16666666667   63.33979   204.64621                 0.000      0.000    5200
       1941 16.17500000000   63.11860   204.35019               -13.185     84.851    4096
       1942 16.18333333333   62.89654   204.05969                 0.000      0.000    5232
       1943 16.19166666667   62.67365   203.77460                 0.000      0.000    5200
       1944 16.20000000000   62.44994   203.49481               -15.418     86.183    4096
       1945 16.20833333333   62.22545   203.22020               -15.419     87.706    4096
       1946 16.21666666667   62.00019   202.95066               -15.355     84.127    4096
       1947 16.22500000000   61.77419   202.68608               -17.682     86.174    4096
       1948 16.23333333333   61.54748   202.42635               -12.992     81.986    4098
       1949 16.24166666667   61.32007   202.17138               -15.265     86.221    4098
       1950 16.25000000000   61.09199   201.92105                 0.000      0.000    5200
       1951 16.25833333333   60.86326   201.67527                 0.000      0.000    5232
       1952 16.26666666667   60.63390   201.43394               -12.881     84.689    4096
       1953 16.27500000000   60.40392   201.19696                 0.000      0.000    5200
       1954 16.28333333333   60.17336   200.96423               -17.484     86.107    4096
       1955 16.29166666667   59.94223   200.73568               -12.791     84.175    4096
       1956 16.30000000000   59.71055   200.51120                 0.000      0.000    5200
       1957 16.30833333333   59.47833   200.29071               -15.035     83.100    4096
       1958 16.31666666667   59.24559   200.07412               -17.319     87.963    4096
       1959 16.32500000000   59.01236   199.86134               -17.294     78.598    4098
       1960 16.33333333333   58.77865   199.65231               -17.275     88.268    4096
       1961 16.34166666667   58.54447   199.44692                 0.000      0.000    5200
       1962 16.35000000000   58.30984   199.24512                 0.000      0.000    5200
       1963 16.35833333333   58.07477   199.04681               -14.843     83.756    4096
       1964 16.36666666667   57.83929   198.85193                 0.000      0.000    5200
       1965 16.37500000000   57.60341   198.66040               -17.086     86.888    4096
       1966 16.38333333333   57.36714   198.47214               -14.743     81.196    4096
       1967 16.39166666667   57.13049   198.28710                 0.000      0.000    5200
       1968 16.40000000000   56.89349   198.10519               -19.305     87.849    4096
       1969 16.40833333333   56.65613   197.92635               -16.976     86.336    4096
       1970 16.41666666667   56.41845   197.75053                 0.000      0.000    5200
       1971 16.42500000000   56.18044   197.57764                 0.000      0.000    5200
       1972 16.43333333333   55.94213   197.40763               -16.898     86.212    4096
       1973 16.44166666667   55.70352   197.24045               -16.847     85.803    4098
       1974 16.45000000000   55.46463   197.07602                 0.000      0.000    5200
       1975 16.45833333333   55.22547   196.91429               -21.450     83.728    4096
       1976 16.46666666667   54.98605   196.75520                 0.000      0.000    5200
       1977 16.47500000000   54.74637   196.59870                 0.000      0.000    5200
       1978 16.48333333333   54.50647   196.44473               -16.694     84.841    4096
       1979 16.49166666667   54.26633   196.29324                 0.000      0.000    5232
       1980 16.50000000000   54.02598   196.14417                 0.000      0.000    5200
       1981 16.50833333333   53.78542   195.99749               -18.896     87.449    4096
       1982 16.51666666667   53.54467   195.85312               -21.170     88.115    4096
       1983 16.52500000000   53.30373   195.71103               -21.125  -2351.037    4096
       1984 16.53333333333   53.06262   195.57117               -18.744     89.638    4098
       1985 16.54166666667   52.82134   195.43349               -18.682     86.631    4096
       1986 16.55000000000   52.57990   195.29795               -20.953     89.457    4098
       1987 16.55833333333   52.33832   195.16450               -20.920     86.326    4096
       1988 16.56666666667   52.09659   195.03310               -20.889     92.722    4096
       1989 16.57500000000   51.85474   194.90370               -20.798     85.251    4096
       1990 16.58333333333   51.61276   194.77626               -25.426     90.276    4098
       1991 16.59166666667   51.37067   194.65075               -25.390  -2350.590    4096
       1992 16.60000000000   51.12847   194.52712               -25.312     92.465    4096
       1993 16.60833333333   50.88618   194.40533               -25.281     90.152    4096
       1994 16.61666666667   50.64379   194.28535               -25.220     86.221    4096
       1995 16.62500000000   50.40132   194.16714               -25.216     91.228    4096
       1996 16.63333333333   50.15878   194.05065               -25.146     95.844    4096
       1997 16.64166666667   49.91617   193.93586               -25.104     88.258    4096
       1998 16.65000000000   49.67351   193.82273               -25.075     91.085    4096
       1999 16.65833333333   49.43078   193.71123               -24.991     91.237    4096
       2000 16.66666666667   49.18802   193.60132               -24.962     88.410    4096
       2001 16.67500000000   48.94521   193.49297               -24.921     90.047    4096
       2002 16.68333333333   48.70237   193.38614               -24.930     88.011    4096
       2003 16.69166666667   48.45950   193.28081               -24.869     94.254    4096
       2004 16.70000000000   48.21662   193.17695               -24.816     91.532    4096
       2005 16.70833333333   47.97372   193.07452               -24.795     87.963    4096
       2006 16.71666666667   47.73082   192.97350               -24.767     89.752    4096
       2007 16.72500000000   47.48791   192.87385               -24.693     87.449    4096
       2008 16.73333333333   47.24501   192.77555               -24.662     94.654    4096
       2009 16.74166666667   47.00212   192.67857               -24.638     86.735    4096
       2010 16.75000000000   46.75924   192.58288               -24.630     86.364    4096
       2011 16.75833333333   46.51639   192.48846               -24.545     91.380    4096
       2012 16.76666666667   46.27357   192.39527               -24.505     90.009    4096
       2013 16.77500000000   46.03078   192.30331               -24.477     89.077    4096
       2014 16.78333333333   45.78802   192.21253               -24.440     92.056    4096
       2015 16.79166666667   45.54532   192.12292               -24.374     91.646    4096
       2016 16.80000000000   45.30266   192.03445               -24.340     90.152    4096
       2017 16.80833333333   45.06005   191.94709               -24.336     90.571    4096
       2018 16.81666666667   44.81750   191.86083               -24.263     92.351    4096
       2019 16.82500000000   44.57502   191.77564               -24.209     91.646    4096
       2020 16.83333333333   44.33260   191.69150               -24.186     91.380    4096
       2021 16.84166666667   44.09026   191.60839               -24.118     93.274    4096
       2022 16.85000000000   43.84800   191.52628               -24.064     94.254    4096
       2023 16.85833333333   43.60582   191.44516               -24.040     90.866    4096
       2024 16.86666666667   43.36372   191.36501               -23.963     89.343    4096
       2025 16.87500000000   43.12172   191.28580               -23.953     88.667    4096
       2026 16.88333333333   42.87981   191.20751               -23.874     96.405    4096
       2027 16.89166666667   42.63800   191.13013               -23.806     87.592    4096
       2028 16.90000000000   42.39630   191.05364               -23.787     88.782    4096
       2029 16.90833333333   42.15470   190.97801               -23.767     92.351    4096
       2030 16.91666666667   41.91322   190.90324               -23.665     90.971    4096
       2031 16.92500000000   41.67185   190.82929               -23.699  -2351.961    4096
       2032 16.93333333333   41.43060   190.75616               -23.620     93.579    4096
       2033 16.94166666667   41.18948   190.68383               -23.552     85.098    4096
       2034 16.95000000000   40.94848   190.61228               -23.499     92.608    4096
       2035 16.95833333333   40.70762   190.54149               -23.476     91.123    4096
       2036 16.96666666667   40.46689   190.47145               -23.412     88.268    4096
       2037 16.97500000000   40.22629   190.40213               -23.355     89.752    4096
       2038 16.98333333333   39.98584   190.33354               -23.299     97.490    4096
       2039 16.99166666667   39.74554   190.26564               -23.210     93.169    4096
       2040 17.00000000000   39.50539   190.19843               -23.207     93.169    4096
       2041 17.00833333333   39.26538   190.13189               -23.175     91.942    4096
       2042 17.01666666667   39.02554   190.06600               -23.123     85.546    4096
       2043 17.02500000000   38.78585   190.00075               -23.094     86.621    4096
       2044 17.03333333333   38.54632   189.93613               -23.114     85.812    4096
       2045 17.04166666667   38.30696   189.87213               -23.066     92.094    4096
       2046 17.05000000000   38.06777   189.80872               -22.994     87.145    4096
       2047 17.05833333333   37.82875   189.74590               -22.954     92.056    4096
       2048 17.06666666667   37.58991   189.68365               -22.910     84.946    4096
       2049 17.07500000000   37.35124   189.62195               -22.835     91.504    4096
       2050 17.08333333333   37.11275   189.56081               -22.775     83.509    4096
       2051 17.09166666667   36.87445   189.50020               -22.693     88.820    4096
       2052 17.10000000000   36.63633   189.44011               -22.688     84.994    4096
       2053 17.10833333333   36.39840   189.38053               -22.606     90.162    4096
       2054 17.11666666667   36.16066   189.32145               -22.587     87.040    4096
       2055 17.12500000000   35.92312   189.26286               -22.550     88.001    4096
       2056 17.13333333333   35.68578   189.20474               -22.504     94.664    4096
       2057 17.14166666667   35.44863   189.14709               -22.389     92.770    4096
       2058 17.15000000000   35.21169   189.08988               -22.383     95.625    4096
       2059 17.15833333333   34.97495   189.03312               -22.368     86.212    4096
       2060 17.16666666667   34.73842   188.97679               -22.337     90.152    4096
       2061 17.17500000000   34.50211   188.92088               -22.326     91.646    4096
       2062 17.18333333333   34.26600   188.86537               -22.332     80.634    4096
       2063 17.19166666667   34.03011   188.81027               -22.282     77.922    4096
       2064 17.20000000000   33.79443   188.75556               -22.247     91.942    4096
       2065 17.20833333333   33.55898   188.70123               -22.191     86.631    4096
       2066 17.21666666667   33.32375   188.64726               -22.237     83.061    4096
       2067 17.22500000000   33.08874   188.59366               -22.184     97.119    4096
       2068 17.23333333333   32.85396   188.54040               -22.161     90.856    4096
       2069 17.24166666667   32.61941   188.48749               -22.150     96.291    4096
       2070 17.25000000000   32.38508   188.43491            -14859.182     90.162    4096
       2071 17.25833333333   32.15100   188.38265               -22.094     85.098    4096
       2072 17.26666666667   31.91714   188.33070               -22.006     90.009    4096
       2073 17.27500000000   31.68353   188.27906               -21.997     94.664    4096
       2074 17.28333333333   31.45015   188.22772               -21.978     86.745    4096
       2075 17.29166666667   31.21702   188.17667               -22.013     96.301    4096
       2076 17.30000000000   30.98413   188.12589               -21.952  -2336.057    4096
       2077 17.30833333333   30.75149   188.07539               -21.963     75.990    4096
       2078 17.31666666667   30.51909   188.02515               -21.985     84.841    4096
       2079 17.32500000000   30.28694   187.97516               -22.000     83.356    4096
       2080 17.33333333333   30.05505   187.92542               -21.953     92.617    4096
       2081 17.34166666667   29.82340   187.87592               -21.981     92.608    4096
       2082 17.35000000000   29.59202   187.82665               -21.941     93.027    4096
       2083 17.35833333333   29.36089   187.77761               -21.936    105.143    4096
       2084 17.36666666667   29.13002   187.72878               -21.850     89.039    4096
       2085 17.37500000000   28.89941   187.68017               -21.923     83.318    4096
       2086 17.38333333333   28.66906   187.63175               -21.958     95.178    4096
       2087 17.39166666667   28.43897   187.58353               -21.870     88.934    4096
       2088 17.40000000000   28.20916   187.53550               -21.834     94.806    4096
       2089 17.40833333333   27.97961   187.48764               -21.721    104.581    4096
       2090 17.41666666667   27.75033   187.43996               -21.726     93.169    4096
       2091 17.42500000000   27.52132   187.39245               -21.821     88.934    4096
       2092 17.43333333333   27.29258   187.34510               -21.888     88.001    4096
       2093 17.44166666667   27.06412   187.29790               -21.905     94.654    4096
       2094 17.45000000000   26.83593   187.25085               -21.957     99.565    4096
       2095 17.45833333333   26.60803   187.20394               -21.950     99.708    4096
       2096 17.46666666667   26.38040   187.15717               -21.893     88.153    4096
       2097 17.47500000000   26.15305   187.11052               -21.934     95.996    4096
       2098 17.48333333333   25.92598   187.06399               -21.984     94.911    4096
       2099 17.49166666667   25.69920   187.01758               -22.060     88.115    4096
       2100 17.50000000000   25.47270   186.97128               -22.129     88.258    4096
       2101 17.50833333333   25.24649   186.92509               -22.254     81.015    4096
       2102 17.51666666667   25.02057   186.87899               -22.233    101.564    4096
       2103 17.52500000000   24.79494   186.83298               -22.184     86.221    4096
       2104 17.53333333333   24.56960   186.78706               -22.163     91.799    4096
       2105 17.54166666667   24.34455   186.74122               -22.097     91.942    4096
       2106 17.55000000000   24.11979   186.69546               -22.164     82.795    4096
       2107 17.55833333333   23.89533   186.64976               -22.266     93.988    4096
       2108 17.56666666667   23.67117   186.60413               -22.209     97.671    4096
       2109 17.57500000000   23.44730   186.55856               -22.191     89.867    4096
       2110 17.58333333333   23.22374   186.51304               -22.060     88.372    4096
       2111 17.59166666667   23.00047   186.46756               -22.131     89.600    4096
       2112 17.60000000000   22.77751   186.42213               -22.180     85.517    4096
       2113 17.60833333333   22.55485   186.37674               -22.054     95.330    4096
       2114 17.61666666667   22.33249   186.33138               -22.024     86.478    4096
       2115 17.62500000000   22.11044   186.28605               -22.087     87.287    4096
       2116 17.63333333333   21.88870   186.24074               -22.047     91.942    4096
       2117 17.64166666667   21.66727   186.19545               -22.122    101.316    4096
       2118 17.65000000000   21.44614   186.15016               -22.078     89.486    4096
       2119 17.65833333333   21.22533   186.10489               -22.093     89.086    4096
       2120 17.66666666667   21.00483   186.05962               -22.146     89.743    4096
       2121 17.67500000000   20.78464   186.01435               -22.062     99.004    4096
       2122 17.68333333333   20.56477   185.96907               -22.161     84.432    4096
       2123 17.69166666667   20.34521   185.92378               -22.138     86.221    4096
       2124 17.70000000000   20.12597   185.87847               -22.119    100.793    4096
       2125 17.70833333333   19.90705   185.83314               -22.075     95.882    4096
       2126 17.71666666667   19.68844   185.78779               -22.065     95.063    4096
       2127 17.72500000000   19.47016   185.74241               -22.021     92.208    4096
       2128 17.73333333333   19.25220   185.69700               -21.896     91.237    4096
       2129 17.74166666667   19.03456   185.65154               -21.933     98.071    4096
       2130 17.75000000000   18.81724   185.60605               -21.848     91.123    4096
       2131 17.75833333333   18.60025   185.56050               -21.921     93.950    4096
       2132 17.76666666667   18.38358   185.51491               -21.878  -2353.084    4096
       2133 17.77500000000   18.16724   185.46926               -21.996     99.974    4096
       2134 17.78333333333   17.95123   185.42355               -21.973     89.229    4096
       2135 17.79166666667   17.73555   185.37778               -22.074    105.409    4096
       2136 17.80000000000   17.52020   185.33194               -21.982     90.828    4096
       2137 17.80833333333   17.30518   185.28603               -21.984     91.789    4096
       2138 17.81666666667   17.09049   185.24004               -21.993     93.950    4096
       2139 17.82500000000   16.87613   185.19397               -22.003    105.847    4096
       2140 17.83333333333   16.66211   185.14782               -21.966     87.449    4096
       2141 17.84166666667   16.44843   185.10158               -22.037     94.245    4096
       2142 17.85000000000   16.23508   185.05525               -22.015     87.154    4096
       2143 17.85833333333   16.02207   185.00883               -22.007    101.088    4096
       2144 17.86666666667   15.80939   184.96231               -21.995     99.270    4096
       2145 17.87500000000   15.59706   184.91568               -21.996     84.994    4096
       2146 17.88333333333   15.38506   184.86895               -22.141  -2342.443    4096
       2147 17.89166666667   15.17341   184.82210               -22.222     92.760    4096
       2148 17.90000000000   14.96210   184.77515               -22.251     95.473    4096
       2149 17.90833333333   14.75113   184.72807               -22.173     93.836    4096
       2150 17.91666666667   14.54051   184.68087               -22.283    101.050    4096
       2151 17.92500000000   14.33023   184.63355               -22.171    103.506    4096
       2152 17.93333333333   14.12030   184.58610               -22.159  -2347.725    4096
       2153 17.94166666667   13.91071   184.53852               -22.241     93.169    4096
       2154 17.95000000000   13.70148   184.49081               -22.210     93.284    4096
       2155 17.95833333333   13.49259   184.44295               -22.280     98.452    4096
       2156 17.96666666667   13.28405   184.39495               -22.209    100.488    4096
       2157 17.97500000000   13.07586   184.34681               -22.273     96.558    4096
       2158 17.98333333333   12.86803   184.29852               -22.340     98.042    4096
       2159 17.99166666667   12.66055   184.25007               -22.220     97.110    4096
       2160 18.00000000000   12.45342   184.20144               -22.183  -2348.020    4096
       2161 18.00833333333   12.24664   184.15271               -22.241     75.885    4096
       2162 18.01666666667   12.04022   184.10379               -22.022     82.233    4096
       2163 18.02500000000   11.83416   184.05470               -22.054     73.125    4096
       2164 18.03333333333   11.62845   184.00544               -22.237     80.082    4096
       2165 18.04166666667   11.42311   183.95601               -22.090    101.459    4096
       2166 18.05000000000   11.21812   183.90640               -21.876     92.351    4096
       2167 18.05833333333   11.01349   183.85662               -21.840     81.824    4096
       2168 18.06666666667   10.80923   183.80665               -21.842     77.627    4096
       2169 18.07500000000   10.60532   183.75650               -21.777     86.364    4096
       2170 18.08333333333   10.40178   183.70616               -21.680     93.693    4096
       2171 18.09166666667   10.19860   183.65563               -21.655     90.047    4096
       2172 18.10000000000    9.99578   183.60491               -21.703     95.073    4096
       2173 18.10833333333    9.79334   183.55398               -21.684     86.735    4096
       2174 18.11666666667    9.59125   183.50286               -21.718     90.266    4096
       2175 18.12500000000    9.38954   183.45153               -21.670     89.334    4096
       2176 18.13333333333    9.18819   183.40000               -21.614     92.198    4096
       2177 18.14166666667    8.98721   183.34826               -21.743     90.304    4096
       2178 18.15000000000    8.78661   183.29630               -21.817     94.245    4096
       2179 18.15833333333    8.58637   183.24413               -21.724     83.870    4096
       2180 18.16666666667    8.38650   183.19174               -21.866     88.639    4096
       2181 18.17500000000    8.18701   183.13913               -21.940     98.337    4096
       2182 18.18333333333    7.98789   183.08630               -21.939     85.926    4096
       2183 18.19166666667    7.78915   183.03323               -22.110     79.150    4096
       2184 18.20000000000    7.59078   182.97994               -22.144     80.901    4096
       2185 18.20833333333    7.39278   182.92642               -22.309     82.681    4096
       2186 18.21666666667    7.19516   182.87266               -22.375     90.009    4096
       2187 18.22500000000    6.99793   182.81866               -22.428     92.351    4096
       2188 18.23333333333    6.80107   182.76442               -22.465    103.096    4096
