# Created on 2022-09-14 14:18:06 
# Sources: obs\AAV40321.22O, nav\AAV40321.22G
# Satellite: R10 (k = -7.0)
# Interval: 30.0
# Sampling interval: 0.0 (not used).
# Site: AAV4
# Position (L, B, H): 74.61783822493432, 43.02329917686259, 585.248198849149
# Position (X, Y, Z): 1238908.5437, 4503304.8915, 4329793.7299
# datetime format: %Y-%m-%dT%H:%M:%S
# Columns: tsn, hour, el, az, tec.l1l2, tec.p1p2, validity
# (I11,1X,F14.11,1X,F10.5,1X,F11.5,1X,F21.3,1X,F10.3,1X,I7)
       1547 12.89166666667    0.05702   323.86420               -72.359      0.000      32
       1548 12.90000000000    0.27026   323.93023               -72.359      0.000      32
       1549 12.90833333333    0.48379   323.99562               -72.359      0.000      32
       1550 12.91666666667    0.69761   324.06039               -72.359      0.000      32
       1551 12.92500000000    0.91173   324.12451               -72.359      0.000      32
       1552 12.93333333333    1.12613   324.18801               -72.359      0.000      32
       1553 12.94166666667    1.34084   324.25086               -72.359      0.000      32
       1554 12.95000000000    1.55583   324.31309               -72.359      0.000      32
       1555 12.95833333333    1.77112   324.37467               -72.359      0.000      32
       1556 12.96666666667    1.98671   324.43562               -72.359      0.000      32
       1557 12.97500000000    2.20259   324.49593               -72.359      0.000      32
       1558 12.98333333333    2.41877   324.55561               -72.359      0.000      32
       1559 12.99166666667    2.63524   324.61464               -72.359      0.000      32
       1560 13.00000000000    2.85202   324.67304             -4451.808      0.000      32
       1561 13.00833333333    3.06311   324.71128             -3536.349      0.000      32
       1562 13.01666666667    3.28059   324.76779             -2643.606      0.000      32
       1563 13.02500000000    3.49833   324.82352             -1766.330      0.000      32
       1564 13.03333333333    3.71633   324.87848              -899.450      0.000      32
       1565 13.04166666667    3.93458   324.93267               -36.029      0.000      32
       1566 13.05000000000    4.15309   324.98608               823.449      0.000      32
       1567 13.05833333333    4.37185   325.03871              1687.932      0.000      32
       1568 13.06666666667    4.59086   325.09056              2563.241      0.000      32
       1569 13.07500000000    4.81013   325.14163              3450.536      0.000      32
       1570 13.08333333333    5.02965   325.19191              4358.829      0.000      32
       1571 13.09166666667    5.24942   325.24141              5289.975      0.000      32
       1572 13.10000000000    5.46944   325.29012              6248.723      0.000      32
       1573 13.10833333333    5.68971   325.33803              7244.428      0.000      32
       1574 13.11666666667    5.91023   325.38516              8280.583      0.000      32
       1575 13.12500000000    6.13100   325.43148              9361.031      0.000      32
       1576 13.13333333333    6.35202   325.47701             10490.751      0.000      32
       1577 13.14166666667    6.57329   325.52174             -7493.936      0.000      32
       1578 13.15000000000    6.79481   325.56567             -6249.009      0.000      32
       1579 13.15833333333    7.01658   325.60879             -4936.455      0.000      32
       1580 13.16666666667    7.23859   325.65110             -3552.870      0.000      32
       1581 13.17500000000    7.46086   325.69260             -2092.127      0.000      32
       1582 13.18333333333    7.68337   325.73329              -550.535      0.000      32
       1583 13.19166666667    7.90613   325.77316              1079.977      0.000      32
       1584 13.20000000000    8.12913   325.81221              2802.522      0.000      32
       1585 13.20833333333    8.35239   325.85043              4624.472      0.000      32
       1586 13.21666666667    8.57589   325.88784              6548.749      0.000      32
       1587 13.22500000000    8.79964   325.92441              8583.837      0.000      32
       1588 13.23333333333    9.02363   325.96015             10733.869      0.000      32
       1589 13.24166666667    9.24787   325.99505             -6164.387      0.000      32
       1590 13.25000000000    9.47236   326.02912             -3766.639      0.000      32
       1591 13.25833333333    9.69710   326.06234             -1237.187      0.000      32
       1592 13.26666666667    9.92208   326.09472              1430.210      0.000      32
       1593 13.27500000000   10.14731   326.12625              4241.313      0.000      32
       1594 13.28333333333   10.37278   326.15693              7201.207      0.000      32
       1595 13.29166666667   10.59851   326.18675             10316.817      0.000      32
       1596 13.30000000000   10.82448   326.21571             -5575.497      0.000      32
       1597 13.30833333333   11.05069   326.24380             -2132.650      0.000      32
       1598 13.31666666667   11.27716   326.27102              1481.535      0.000      32
       1599 13.32500000000   11.50387   326.29738              5275.383      0.000      32
       1600 13.33333333333   11.73083   326.32285              9252.702      0.000      32
       1601 13.34166666667   11.95803   326.34745             -5748.885      0.000      32
       1602 13.35000000000   12.18549   326.37116             -1385.126      0.000      32
       1603 13.35833333333   12.41319   326.39398              3180.730      0.000      32
       1604 13.36666666667   12.64114   326.41591              7955.197      0.000      32
       1605 13.37500000000   12.86934   326.43693             -6226.379      0.000      32
       1606 13.38333333333   13.09778   326.45705             -1018.372      0.000      32
       1607 13.39166666667   13.32648   326.47627              4415.334      0.000      32
       1608 13.40000000000   13.55542   326.49457             10081.435      0.000      32
       1609 13.40833333333   13.78461   326.51195             -3182.642      0.000      32
       1610 13.41666666667   14.01405   326.52841              2967.011      0.000      32
       1611 13.42500000000   14.24374   326.54394              9366.837      0.000      32
       1612 13.43333333333   14.47368   326.55853             -3146.559      0.000      32
       1613 13.44166666667   14.70387   326.57219              3772.550      0.000      32
       1614 13.45000000000   14.93431   326.58490             -8207.977      0.000      32
       1615 13.45833333333   15.16500   326.59666              -743.684      0.000      32
       1616 13.46666666667   15.39594   326.60746              7001.633      0.000      32
       1617 13.47500000000   15.62713   326.61730             -4133.822      0.000      32
       1618 13.48333333333   15.85857   326.62617              4194.671      0.000      32
       1619 13.49166666667   16.09027   326.63407             -6344.546      0.000      32
       1620 13.50000000000   16.32221   326.64098              2591.954      0.000      32
       1621 13.50833333333   16.53730   326.63805             -7328.075      0.000      32
       1622 13.51666666667   16.76963   326.64240              2240.684      0.000      32
       1623 13.52500000000   17.00210   326.64570             12134.858      0.000      32
       1624 13.53333333333   17.23470   326.64792              3193.551      0.000      32
       1625 13.54166666667   17.46743   326.64907             -5407.925      0.000      32
       1626 13.55000000000   17.70029   326.64914              5505.328      0.000      32
       1627 13.55833333333   17.93328   326.64812             -2399.654      0.000      32
       1628 13.56666666667   18.16639   326.64601              9224.809      0.000      32
       1629 13.57500000000   18.39963   326.64279              2043.827      0.000      32
       1630 13.58333333333   18.63299   326.63846             -4765.070      0.000      32
       1631 13.59166666667   18.86647   326.63301              7974.496      0.000      32
       1632 13.60000000000   19.10006   326.62643              1929.214      0.000      32
       1633 13.60833333333   19.33378   326.61872             -3724.016      0.000      32
       1634 13.61666666667   19.56762   326.60986             10189.550      0.000      32
       1635 13.62500000000   19.80157   326.59984              5339.069      0.000      32
       1636 13.63333333333   20.03563   326.58866               899.615      0.000      32
       1637 13.64166666667   20.26981   326.57632             -3121.409      0.000      32
       1638 13.65000000000   20.50409   326.56279             12452.002      0.000      32
       1639 13.65833333333   20.73849   326.54807              9287.317      0.000      32
       1640 13.66666666667   20.97299   326.53215              6561.377      0.000      32
       1641 13.67500000000   21.20759   326.51502              4280.467      0.000      32
       1642 13.68333333333   21.44231   326.49668              2451.193      0.000      32
       1643 13.69166666667   21.67712   326.47710              1080.850      0.000      32
       1644 13.70000000000   21.91203   326.45629               175.921      0.000      32
       1645 13.70833333333   22.14704   326.43423              -256.821      0.000      32
       1646 13.71666666667   22.38214   326.41091              -208.981      0.000      32
       1647 13.72500000000   22.61734   326.38632               324.125      0.000      32
       1648 13.73333333333   22.85264   326.36045              1350.994      0.000      32
       1649 13.74166666667   23.08802   326.33329              2877.939      0.000      32
       1650 13.75000000000   23.32349   326.30482              4910.430      0.000      32
       1651 13.75833333333   23.55904   326.27504              7457.049      0.000      32
       1652 13.76666666667   23.79468   326.24394             10524.335      0.000      32
       1653 13.77500000000   24.03041   326.21150             -5049.580      0.000      32
       1654 13.78333333333   24.26621   326.17771              -920.142      0.000      32
       1655 13.79166666667   24.50208   326.14256              3751.020      0.000      32
       1656 13.80000000000   24.73804   326.10604              8970.228      0.000      32
       1657 13.80833333333   24.97406   326.06813             -4423.580      0.000      32
       1658 13.81666666667   25.21015   326.02882              1914.994      0.000      32
       1659 13.82500000000   25.44631   325.98810              8822.774      0.000      32
       1660 13.83333333333   25.68254   325.94596             -2862.303      0.000      32
       1661 13.84166666667   25.91882   325.90238              5206.591      0.000      32
       1662 13.85000000000   26.15517   325.85735             -5303.945      0.000      32
       1663 13.85833333333   26.39157   325.81086              3952.923      0.000      32
       1664 13.86666666667   26.62802   325.76288             -5355.127      0.000      32
       1665 13.87500000000   26.86452   325.71341              5117.829      0.000      32
       1666 13.88333333333   27.10107   325.66244             -2958.351      0.000      32
       1667 13.89166666667   27.33766   325.60994              8759.475      0.000      32
       1668 13.90000000000   27.57430   325.55591              1942.066      0.000      32
       1669 13.90833333333   27.81097   325.50032             -4234.809      0.000      32
       1670 13.91666666667   28.04767   325.44317              9405.361      0.000      32
       1671 13.92500000000   28.28440   325.38443              4530.335      0.000      32
       1672 13.93333333333   28.52116   325.32410               316.897      0.000      32
       1673 13.94166666667   28.75794   325.26214             -3227.341      0.000      32
       1674 13.95000000000   28.99473   325.19856             -6095.463      0.000      32
       1675 13.95833333333   29.23154   325.13333             10889.855      0.000      32
       1676 13.96666666667   29.46837   325.06643              9396.179      0.000      32
       1677 13.97500000000   29.70519   324.99786              8599.739      0.000      32
       1678 13.98333333333   29.94202   324.92758              8508.254      0.000      32
       1679 13.99166666667   30.17885   324.85558              9128.402      0.000      32
       1680 14.00000000000   30.41566   324.78185             10467.479      0.000      32
       1681 14.00833333333   30.63037   324.71338             -6635.442      0.000      32
       1682 14.01666666667   30.86682   324.63571             -3836.083      0.000      32
       1683 14.02500000000   31.10310   324.55629              -295.954      0.000      32
       1684 14.03333333333   31.33919   324.47511              3991.700      0.000      32
       1685 14.04166666667   31.57511   324.39215              9034.582      0.000      32
       1686 14.05000000000   31.81083   324.30740             -4329.698      0.000      32
       1687 14.05833333333   32.04635   324.22083              2245.192      0.000      32
       1688 14.06666666667   32.28167   324.13243              9596.691      0.000      32
       1689 14.07500000000   32.51678   324.04218             -1437.398      0.000      32
       1690 14.08333333333   32.75168   323.95005              7488.555      0.000      32
       1691 14.09166666667   32.98634   323.85602             -1956.117      0.000      32
       1692 14.10000000000   33.22078   323.76008              8572.888      0.000      32
       1693 14.10833333333   33.45499   323.66221               745.631      0.000      32
       1694 14.11666666667   33.68894   323.56238             -6262.071      0.000      32
       1695 14.12500000000   33.92265   323.46058              6726.883      0.000      32
       1696 14.13333333333   34.15610   323.35677              1380.222      0.000      32
       1697 14.14166666667   34.38928   323.25095             -3125.555      0.000      32
       1698 14.15000000000   34.62218   323.14308             -6783.197      0.000      32
       1699 14.15833333333   34.85480   323.03315              9584.284      0.000      32
       1700 14.16666666667   35.08713   322.92114              7645.176      0.000      32
       1701 14.17500000000   35.31916   322.80701              6575.847      0.000      32
       1702 14.18333333333   35.55089   322.69075              6383.601      0.000      32
       1703 14.19166666667   35.78229   322.57233              7075.796      0.000      32
       1704 14.20000000000   36.01337   322.45174              8658.797      0.000      32
       1705 14.20833333333   36.24412   322.32894             11140.089      0.000      32
       1706 14.21666666667   36.47452   322.20391             -4642.920      0.000      32
       1707 14.22500000000   36.70457   322.07662              -344.361      0.000      32
       1708 14.23333333333   36.93425   321.94706              4873.885      0.000      32
       1709 14.24166666667   37.16357   321.81520             11019.131      0.000      32
       1710 14.25000000000   37.39249   321.68100             -1071.826      0.000      32
       1711 14.25833333333   37.62103   321.54445              6947.492      0.000      32
       1712 14.26666666667   37.84916   321.40552             -3255.475      0.000      32
       1713 14.27500000000   38.07687   321.26418              6665.150      0.000      32
       1714 14.28333333333   38.30416   321.12041             -1620.805      0.000      32
       1715 14.29166666667   38.53101   320.97417             10230.607      0.000      32
       1716 14.30000000000   38.75741   320.82545              3887.244      0.000      32
       1717 14.30833333333   38.98335   320.67420             -1473.059      0.000      32
       1718 14.31666666667   39.20882   320.52041             -5844.439      0.000      32
       1719 14.32500000000   39.43380   320.36405              9950.803      0.000      32
       1720 14.33333333333   39.65828   320.20509              7580.340      0.000      32
       1721 14.34166666667   39.88225   320.04350              6220.316      0.000      32
       1722 14.35000000000   40.10570   319.87924              5876.695      0.000      32
       1723 14.35833333333   40.32861   319.71230              6555.880      0.000      32
       1724 14.36666666667   40.55096   319.54264              8265.523      0.000      32
       1725 14.37500000000   40.77275   319.37023             11014.367      0.000      32
       1726 14.38333333333   40.99396   319.19504             -4363.850      0.000      32
       1727 14.39166666667   41.21458   319.01705               478.233      0.000      32
       1728 14.40000000000   41.43458   318.83621              6378.221      0.000      32
       1729 14.40833333333   41.65396   318.65250             -5826.153      0.000      32
       1730 14.41666666667   41.87270   318.46589              2209.734      0.000      32
       1731 14.42500000000   42.09078   318.27635             11322.042      0.000      32
       1732 14.43333333333   42.30819   318.08384              2350.051      0.000      32
       1733 14.44166666667   42.52491   317.88834             -5532.019      0.000      32
       1734 14.45000000000   42.74093   317.68981              6852.131      0.000      32
       1735 14.45833333333   42.95622   317.48821              1170.570      0.000      32
       1736 14.46666666667   43.17076   317.28353             -3400.300      0.000      32
       1737 14.47500000000   43.38455   317.07572             -6854.709      0.000      32
       1738 14.48333333333   43.59756   316.86475              9983.516      0.000      32
       1739 14.49166666667   43.80977   316.65060              8782.531      0.000      32
       1740 14.50000000000   44.02117   316.43322              8717.193      0.000      32
       1741 14.50833333333   44.21699   316.24127              9794.477      0.000      32
       1742 14.51666666667   44.42628   316.01731             -7149.466      0.000      32
       1743 14.52500000000   44.63460   315.79022             -3768.386      0.000      32
       1744 14.53333333333   44.84193   315.55999               773.957      0.000      32
       1745 14.54166666667   45.04824   315.32658              6482.607      0.000      32
       1746 14.55000000000   45.25353   315.08996             -5803.956      0.000      32
       1747 14.55833333333   45.45777   314.85009              2258.975      0.000      32
       1748 14.56666666667   45.66094   314.60696             11507.601      0.000      32
       1749 14.57500000000   45.86302   314.36053              2778.417      0.000      32
       1750 14.58333333333   46.06399   314.11078             -4753.326      0.000      32
       1751 14.59166666667   46.26383   313.85766              8088.689      0.000      32
       1752 14.60000000000   46.46252   313.60116              2972.021      0.000      32
       1753 14.60833333333   46.66003   313.34125              -929.335      0.000      32
       1754 14.61666666667   46.85634   313.07789             -3608.104      0.000      32
       1755 14.62500000000   47.05144   312.81106             -5060.726      0.000      32
       1756 14.63333333333   47.24529   312.54073             -5279.799      0.000      32
       1757 14.64166666667   47.43787   312.26688             -4259.580      0.000      32
       1758 14.65000000000   47.62917   311.98947             -1995.086      0.000      32
       1759 14.65833333333   47.81915   311.70848              1519.484      0.000      32
       1760 14.66666666667   48.00779   311.42388              6290.081      0.000      32
       1761 14.67500000000   48.19507   311.13565             -6847.297      0.000      32
       1762 14.68333333333   48.38096   310.84376               451.832      0.000      32
       1763 14.69166666667   48.56544   310.54819              9024.131      0.000      32
       1764 14.70000000000   48.74848   310.24891              -295.742      0.000      32
       1765 14.70833333333   48.93006   309.94591             10837.502      0.000      32
       1766 14.71666666667   49.11014   309.63915              4089.870      0.000      32
       1767 14.72500000000   49.28870   309.32862             -1362.884      0.000      32
       1768 14.73333333333   49.46572   309.01429             -5517.903      0.000      32
       1769 14.74166666667   49.64116   308.69615             10801.139      0.000      32
       1770 14.75000000000   49.81501   308.37418              9260.356      0.000      32
       1771 14.75833333333   49.98722   308.04835              9033.518      0.000      32
       1772 14.76666666667   50.15778   307.71866             10127.253      0.000      32
       1773 14.77500000000   50.32665   307.38508             12545.114      0.000      32
       1774 14.78333333333   50.49380   307.04760             -2876.106      0.000      32
       1775 14.79166666667   50.65921   306.70621              2205.956      0.000      32
       1776 14.80000000000   50.82284   306.36090              8627.242      0.000      32
       1777 14.80833333333   50.98466   306.01165             -2776.464      0.000      32
       1778 14.81666666667   51.14466   305.65845              6338.222      0.000      32
       1779 14.82500000000   51.30278   305.30130             -2363.142      0.000      32
       1780 14.83333333333   51.45901   304.94019              9461.942      0.000      32
       1781 14.84166666667   51.61331   304.57511              3479.842      0.000      32
       1782 14.85000000000   51.76565   304.20607             -1136.216      0.000      32
       1783 14.85833333333   51.91600   303.83305             -4380.851      0.000      32
       1784 14.86666666667   52.06433   303.45607             -6249.781      0.000      32
       1785 14.87500000000   52.21060   303.07512             12430.645      0.000      32
       1786 14.88333333333   52.35479   302.69020             -5843.243      0.000      32
       1787 14.89166666667   52.49686   302.30133             -3559.751      0.000      32
       1788 14.90000000000   52.63678   301.90850               116.592      0.000      32
       1789 14.90833333333   52.77451   301.51174              5188.604      0.000      32
       1790 14.91666666667   52.91003   301.11104             11660.811      0.000      32
       1791 14.92500000000   53.04330   300.70644               367.587      0.000      32
       1792 14.93333333333   53.17429   300.29793              9651.551      0.000      32
       1793 14.94166666667   53.30297   299.88555              1178.457      0.000      32
       1794 14.95000000000   53.42929   299.46931             -5878.577      0.000      32
       1795 14.95833333333   53.55324   299.04924              7651.785      0.000      32
       1796 14.96666666667   53.67478   298.62537              3434.760      0.000      32
       1797 14.97500000000   53.79387   298.19772               644.925      0.000      32
       1798 14.98333333333   53.91048   297.76632              -715.792      0.000      32
       1799 14.99166666667   54.02458   297.33121              -643.604      0.000      32
       1800 15.00000000000   54.13614   296.89242               864.869      0.000      32
       1801 15.00833333333   54.25316   296.49157              3813.139      0.000      32
       1802 15.01666666667   54.35929   296.04579              8203.825      0.000      32
       1803 15.02500000000   54.46285   295.59674             -5127.901      0.000      32
       1804 15.03333333333   54.56380   295.14447              2158.307      0.000      32
       1805 15.04166666667   54.66212   294.68902             10895.802      0.000      32
       1806 15.05000000000   54.75779   294.23044              1917.910      0.000      32
       1807 15.05833333333   54.85076   293.76878             -5602.467      0.000      32
       1808 15.06666666667   54.94103   293.30411              7507.093      0.000      32
       1809 15.07500000000   55.02856   292.83647              2909.808      0.000      32
       1810 15.08333333333   55.11333   292.36593              -221.637      0.000      32
       1811 15.09166666667   55.19531   291.89255             -1885.297      0.000      32
       1812 15.10000000000   55.27448   291.41639             -2077.889      0.000      32
       1813 15.10833333333   55.35081   290.93753              -797.567      0.000      32
       1814 15.11666666667   55.42428   290.45602              1957.401      0.000      32
       1815 15.12500000000   55.49487   289.97195              6190.375      0.000      32
       1816 15.13333333333   55.56255   289.48539             -7267.270      0.000      32
       1817 15.14166666667   55.62730   288.99642               -73.718      0.000      32
       1818 15.15000000000   55.68911   288.50511              8603.982      0.000      32
       1819 15.15833333333   55.74794   288.01155              -400.657      0.000      32
       1820 15.16666666667   55.80378   287.51583             11248.195      0.000      32
       1821 15.17500000000   55.85661   287.01802              5217.575      0.000      32
       1822 15.18333333333   55.90641   286.51822               677.416      0.000      32
       1823 15.19166666667   55.95317   286.01652             -2369.340      0.000      32
       1824 15.20000000000   55.99686   285.51302             -3923.790      0.000      32
       1825 15.20833333333   56.03747   285.00779             -3981.039      0.000      32
       1826 15.21666666667   56.07499   284.50095             -2542.682      0.000      32
       1827 15.22500000000   56.10939   283.99259               394.264      0.000      32
       1828 15.23333333333   56.14067   283.48282              4829.742      0.000      32
       1829 15.24166666667   56.16881   282.97172             10764.642      0.000      32
       1830 15.25000000000   56.19380   282.45941              -968.284      0.000      32
       1831 15.25833333333   56.21563   281.94599              7971.898      0.000      32
       1832 15.26666666667   56.23429   281.43156              -753.722      0.000      32
       1833 15.27500000000   56.24976   280.91623             11193.677      0.000      32
       1834 15.28333333333   56.26205   280.40012              5478.444      0.000      32
       1835 15.29166666667   56.27114   279.88332              1266.605      0.000      32
       1836 15.30000000000   56.27702   279.36594             -1438.075      0.000      32
       1837 15.30833333333   56.27970   278.84811             -2637.118      0.000      32
       1838 15.31666666667   56.27916   278.32992             -2329.426      0.000      32
       1839 15.32500000000   56.27540   277.81149              -514.089      0.000      32
       1840 15.33333333333   56.26843   277.29293              2808.862      0.000      32
       1841 15.34166666667   56.25823   276.77435              7640.084      0.000      32
       1842 15.35000000000   56.24481   276.25586             -5191.005      0.000      32
       1843 15.35833333333   56.22817   275.73757              2655.327      0.000      32
       1844 15.36666666667   56.20831   275.21960             12010.164      0.000      32
       1845 15.37500000000   56.18523   274.70205              3703.210      0.000      32
       1846 15.38333333333   56.15894   274.18503             -3095.419      0.000      32
       1847 15.39166666667   56.12943   273.66866             10782.178      0.000      32
       1848 15.40000000000   56.09673   273.15304              6996.151      0.000      32
       1849 15.40833333333   56.06083   272.63828              4716.779      0.000      32
       1850 15.41666666667   56.02174   272.12448              3942.967      0.000      32
       1851 15.42500000000   55.97946   271.61176              4674.941      0.000      32
       1852 15.43333333333   55.93402   271.10022              6910.925      0.000      32
       1853 15.44166666667   55.88542   270.58995             10650.493      0.000      32
       1854 15.45000000000   55.83367   270.08106             -3276.671      0.000      32
       1855 15.45833333333   55.77878   269.57365              3467.329      0.000      32
       1856 15.46666666667   55.72076   269.06782             -7457.174      0.000      32
       1857 15.47500000000   55.65964   268.56367              2287.288      0.000      32
       1858 15.48333333333   55.59543   268.06129             -5639.616      0.000      32
       1859 15.49166666667   55.52813   267.56077              7100.087      0.000      32
       1860 15.50000000000   55.45778   267.06220              2165.321      0.000      32
       1861 15.50833333333   55.41429   266.57146             -1274.538      0.000      32
       1862 15.51666666667   55.33775   266.07702             -3221.772      0.000      32
       1863 15.52500000000   55.25840   265.58483             -3677.906      0.000      32
       1864 15.53333333333   55.17627   265.09494             -2644.474      0.000      32
       1865 15.54166666667   55.09137   264.60743              -123.535      0.000      32
       1866 15.55000000000   55.00373   264.12236              3884.170      0.000      32
       1867 15.55833333333   54.91337   263.63979              9375.492      0.000      32
       1868 15.56666666667   54.82030   263.15979             -2821.142      0.000      32
       1869 15.57500000000   54.72454   262.68242              5632.537      0.000      32
       1870 15.58333333333   54.62614   262.20773             -3605.575      0.000      32
       1871 15.59166666667   54.52509   261.73577              7800.114      0.000      32
       1872 15.60000000000   54.42143   261.26661              1510.489      0.000      32
       1873 15.60833333333   54.31518   260.80028             -3308.340      0.000      32
       1874 15.61666666667   54.20637   260.33684             -6659.236      0.000      32
       1875 15.62500000000   54.09502   259.87634             10624.648      0.000      32
       1876 15.63333333333   53.98114   259.41881             10202.326      0.000      32
       1877 15.64166666667   53.86478   258.96429             11240.478      0.000      32
       1878 15.65000000000   53.74595   258.51284             -5433.379      0.000      32
       1879 15.65833333333   53.62469   258.06448             -1483.187      0.000      32
       1880 15.66666666667   53.50100   257.61924              3919.580      0.000      32
       1881 15.67500000000   53.37493   257.17717             10771.438      0.000      32
       1882 15.68333333333   53.24650   256.73829              -100.744      0.000      32
       1883 15.69166666667   53.11572   256.30263              9638.480      0.000      32
       1884 15.70000000000   52.98264   255.87021              1648.564      0.000      32
       1885 15.70833333333   52.84728   255.44107             -4905.939      0.000      32
       1886 15.71666666667   52.70966   255.01521              9141.034      0.000      32
       1887 15.72500000000   52.56981   254.59268              5448.102      0.000      32
       1888 15.73333333333   52.42776   254.17347              3182.210      0.000      32
       1889 15.74166666667   52.28353   253.75761              2337.418      0.000      32
       1890 15.75000000000   52.13716   253.34512              2912.363      0.000      32
       1891 15.75833333333   51.98867   252.93600              4900.733      0.000      32
       1892 15.76666666667   51.83808   252.53027              8300.004      0.000      32
       1893 15.77500000000   51.68543   252.12794             -6062.503      0.000      32
       1894 15.78333333333   51.53074   251.72901               147.646      0.000      32
       1895 15.79166666667   51.37404   251.33349              7756.037      0.000      32
       1896 15.80000000000   51.21535   250.94140             -2409.392      0.000      32
       1897 15.80833333333   51.05471   250.55272              7985.403      0.000      32
       1898 15.81666666667   50.89214   250.16746               597.803      0.000      32
       1899 15.82500000000   50.72767   249.78563             -5408.696      0.000      32
       1900 15.83333333333   50.56132   249.40721              9132.207      0.000      32
       1901 15.84166666667   50.39313   249.03222              5876.841      0.000      32
       1902 15.85000000000   50.22311   248.66064              3991.386      0.000      32
       1903 15.85833333333   50.05130   248.29247              3469.931      0.000      32
       1904 15.86666666667   49.87773   247.92771              4307.977      0.000      32
       1905 15.87500000000   49.70241   247.56634              6501.234      0.000      32
       1906 15.88333333333   49.52538   247.20836             10043.883      0.000      32
       1907 15.89166666667   49.34667   246.85377             -4236.915      0.000      32
       1908 15.90000000000   49.16629   246.50254              1991.960      0.000      32
       1909 15.90833333333   48.98427   246.15467              9556.298      0.000      32
       1910 15.91666666667   48.80065   245.81014              -717.312      0.000      32
       1911 15.92500000000   48.61545   245.46895              9504.032      0.000      32
       1912 15.93333333333   48.42868   245.13108              1875.676      0.000      32
       1913 15.94166666667   48.24039   244.79651             -4437.504      0.000      32
       1914 15.95000000000   48.05059   244.46523              9728.788      0.000      32
       1915 15.95833333333   47.85930   244.13722              6029.835      0.000      32
       1916 15.96666666667   47.66656   243.81247              3629.866      0.000      32
       1917 15.97500000000   47.47239   243.49095              2524.087      0.000      32
       1918 15.98333333333   47.27681   243.17265              2706.564      0.000      32
       1919 15.99166666667   47.07985   242.85756              4171.634      0.000      32
       1920 16.00000000000   46.88152   242.54564              6914.489      0.000      32
       1921 16.00833333333   46.71228   242.20187             10928.153      0.000      32
       1922 16.01666666667   46.51124   241.89622             -2962.046      0.000      32
       1923 16.02500000000   46.30911   241.59345              3577.193      0.000      32
       1924 16.03333333333   46.10592   241.29353             -7799.153      0.000      32
       1925 16.04166666667   45.90167   240.99645              1241.968      0.000      32
       1926 16.05000000000   45.69639   240.70218             11525.715      0.000      32
       1927 16.05833333333   45.49009   240.41069              3876.352      0.000      32
       1928 16.06666666667   45.28280   240.12195             -2543.034      0.000      32
       1929 16.07500000000   45.07453   239.83596             11431.184      0.000      32
       1930 16.08333333333   44.86530   239.55267              7453.320      0.000      32
       1931 16.09166666667   44.65514   239.27208              4688.083      0.000      32
       1932 16.10000000000   44.44404   238.99414              3129.277      0.000      32
       1933 16.10833333333   44.23205   238.71884              2768.848      0.000      32
       1934 16.11666666667   44.01916   238.44615              3601.426      0.000      32
       1935 16.12500000000   43.80540   238.17605              5620.647      0.000      32
       1936 16.13333333333   43.59079   237.90851              8820.233      0.000      32
       1937 16.14166666667   43.37534   237.64351             -5976.699      0.000      32
       1938 16.15000000000   43.15907   237.38103              -437.222      0.000      32
       1939 16.15833333333   42.94199   237.12103              6262.944      0.000      32
       1940 16.16666666667   42.72412   236.86350             -5052.122      0.000      32
       1941 16.17500000000   42.50548   236.60842              3949.496      0.000      32
       1942 16.18333333333   42.28608   236.35574             -5077.767      0.000      32
       1943 16.19166666667   42.06594   236.10546              6198.206      0.000      32
       1944 16.20000000000   41.84507   235.85755              -568.592      0.000      32
       1945 16.20833333333   41.62349   235.61198             -6215.416      0.000      32
       1946 16.21666666667   41.40121   235.36874              8420.738      0.000      32
       1947 16.22500000000   41.17825   235.12779              4994.001      0.000      32
       1948 16.23333333333   40.95462   234.88911              2666.080      0.000      32
       1949 16.24166666667   40.73034   234.65268              1431.503      0.000      32
       1950 16.25000000000   40.50542   234.41848              1281.633      0.000      32
       1951 16.25833333333   40.27987   234.18648              2210.266      0.000      32
       1952 16.26666666667   40.05371   233.95667              4210.429      0.000      32
       1953 16.27500000000   39.82695   233.72901              7274.340      0.000      32
       1954 16.28333333333   39.59961   233.50348             11396.106      0.000      32
       1955 16.29166666667   39.37170   233.28007             -2602.654      0.000      32
       1956 16.30000000000   39.14323   233.05874              3610.758      0.000      32
       1957 16.30833333333   38.91421   232.83949             10859.997      0.000      32
       1958 16.31666666667   38.68466   232.62228               -31.688      0.000      32
       1959 16.32500000000   38.45459   232.40709              9265.681      0.000      32
       1960 16.33333333333   38.22401   232.19391               406.651      0.000      32
       1961 16.34166666667   37.99294   231.98270             -7446.131      0.000      32
       1962 16.35000000000   37.76138   231.77346              4868.279      0.000      32
       1963 16.35833333333   37.52936   231.56615              -995.465      0.000      32
       1964 16.36666666667   37.29687   231.36076             -5875.719      0.000      32
       1965 16.37500000000   37.06394   231.15727              9388.877      0.000      32
       1966 16.38333333333   36.83057   230.95565              6452.807      0.000      32
       1967 16.39166666667   36.59677   230.75589              4477.880      0.000      32
       1968 16.40000000000   36.36256   230.55796              3455.662      0.000      32
       1969 16.40833333333   36.12795   230.36185              3379.602      0.000      32
       1970 16.41666666667   35.89295   230.16754              4241.652      0.000      32
       1971 16.42500000000   35.65756   229.97500              6034.775      0.000      32
       1972 16.43333333333   35.42181   229.78422              8750.590      0.000      32
       1973 16.44166666667   35.18570   229.59517             -6788.557      0.000      32
       1974 16.45000000000   34.94923   229.40785             -2251.771      0.000      32
       1975 16.45833333333   34.71243   229.22222              3184.598      0.000      32
       1976 16.46666666667   34.47530   229.03828              9512.540      0.000      32
       1977 16.47500000000   34.23785   228.85600             -2444.778      0.000      32
       1978 16.48333333333   34.00009   228.67536              5642.183      0.000      32
       1979 16.49166666667   33.76203   228.49636             -4571.696      0.000      32
       1980 16.50000000000   33.52368   228.31896              5244.156      0.000      32
       1981 16.50833333333   33.30891   228.09828             -3258.260      0.000      32
       1982 16.51666666667   33.07001   227.92383              8253.639      0.000      32
       1983 16.52500000000   32.83100   227.75064              1432.666      0.000      32
       1984 16.53333333333   32.59189   227.57869             -4559.876      0.000      32
       1985 16.54166666667   32.35268   227.40796              9437.197      0.000      32
       1986 16.55000000000   32.11338   227.23845              5077.740      0.000      32
       1987 16.55833333333   31.87400   227.07013              1522.457      0.000      32
       1988 16.56666666667   31.63454   226.90299             -1236.062      0.000      32
       1989 16.57500000000   31.39501   226.73703             -3206.081      0.000      32
       1990 16.58333333333   31.15541   226.57221             -4395.845      0.000      32
       1991 16.59166666667   30.91575   226.40854             -4812.916      0.000      32
       1992 16.60000000000   30.67604   226.24599             -4466.001      0.000      32
       1993 16.60833333333   30.43628   226.08456             -3362.241      0.000      32
       1994 16.61666666667   30.19647   225.92422             -1510.072      0.000      32
       1995 16.62500000000   29.95663   225.76497              1081.830      0.000      32
       1996 16.63333333333   29.71675   225.60679              4406.063      0.000      32
       1997 16.64166666667   29.47685   225.44968              8454.102      0.000      32
       1998 16.65000000000   29.23692   225.29361             -5951.260      0.000      32
       1999 16.65833333333   28.99698   225.13857              -480.414      0.000      32
       2000 16.66666666667   28.75703   224.98456              5689.555      0.000      32
       2001 16.67500000000   28.51707   224.83155             -6618.970      0.000      32
       2002 16.68333333333   28.27710   224.67954               925.221      0.000      32
       2003 16.69166666667   28.03714   224.52852              9144.609      0.000      32
       2004 16.70000000000   27.79719   224.37847             -1137.808      0.000      32
       2005 16.70833333333   27.55725   224.22939              8407.060      0.000      32
       2006 16.71666666667   27.31733   224.08126              -567.082      0.000      32
       2007 16.72500000000   27.07743   223.93406             10270.159      0.000      32
       2008 16.73333333333   26.83755   223.78780              2572.436      0.000      32
       2009 16.74166666667   26.59771   223.64245             -4499.821      0.000      32
       2010 16.75000000000   26.35790   223.49800              8214.820      0.000      32
       2011 16.75833333333   26.11813   223.35446              2370.113      0.000      32
       2012 16.76666666667   25.87840   223.21180             -2873.886      0.000      32
       2013 16.77500000000   25.63872   223.07001             11644.074      0.000      32
       2014 16.78333333333   25.39909   222.92909              7577.036      0.000      32
       2015 16.79166666667   25.15952   222.78902              4085.785      0.000      32
       2016 16.80000000000   24.92001   222.64980              1163.007      0.000      32
       2017 16.80833333333   24.68056   222.51141             -1198.800      0.000      32
       2018 16.81666666667   24.44118   222.37385             -3009.031      0.000      32
       2019 16.82500000000   24.20187   222.23710             -4275.780      0.000      32
       2020 16.83333333333   23.96263   222.10115             -5007.191      0.000      32
       2021 16.84166666667   23.72348   221.96601             -5211.208      0.000      32
       2022 16.85000000000   23.48440   221.83165             -4897.259      0.000      32
       2023 16.85833333333   23.24541   221.69806             -4072.369      0.000      32
       2024 16.86666666667   23.00651   221.56525             -2744.040      0.000      32
       2025 16.87500000000   22.76771   221.43319              -922.496      0.000      32
       2026 16.88333333333   22.52900   221.30188              1386.031      0.000      32
       2027 16.89166666667   22.29039   221.17132              4170.614      0.000      32
       2028 16.90000000000   22.05188   221.04149              7425.260      0.000      32
       2029 16.90833333333   21.81348   220.91238             -8026.920      0.000      32
       2030 16.91666666667   21.57519   220.78399             -3856.333      0.000      32
       2031 16.92500000000   21.33700   220.65631               757.820      0.000      32
       2032 16.93333333333   21.09894   220.52933              5808.754      0.000      32
       2033 16.94166666667   20.86099   220.40304             11288.808      0.000      32
       2034 16.95000000000   20.62316   220.27743             -1980.767      0.000      32
       2035 16.95833333333   20.38546   220.15250              4331.429      0.000      32
       2036 16.96666666667   20.14788   220.02823             11046.723      0.000      32
       2037 16.97500000000   19.91044   219.90463             -1013.321      0.000      32
       2038 16.98333333333   19.67312   219.78168              6484.691      0.000      32
       2039 16.99166666667   19.43594   219.65937             -4806.315      0.000      32
       2040 17.00000000000   19.19890   219.53770              3444.256      0.000      32
       2041 17.00833333333   18.98325   219.37602             -7112.433      0.000      32
       2042 17.01666666667   18.74655   219.25518              1857.546      0.000      32
       2043 17.02500000000   18.51014   219.13470             11174.764      0.000      32
       2044 17.03333333333   18.27402   219.01455              1661.123      0.000      32
       2045 17.04166666667   18.03818   218.89474             -7521.013      0.000      32
       2046 17.05000000000   17.80263   218.77526              2788.526      0.000      32
       2047 17.05833333333   17.56737   218.65610             -5756.155      0.000      32
       2048 17.06666666667   17.33239   218.53727              5176.295      0.000      32
       2049 17.07500000000   17.09771   218.41874             -2762.373      0.000      32
       2050 17.08333333333   16.86332   218.30053              8759.272      0.000      32
       2051 17.09166666667   16.62923   218.18263              1393.547      0.000      32
       2052 17.10000000000   16.39543   218.06502             -5697.713      0.000      32
       2053 17.10833333333   16.16193   217.94770              6646.752      0.000      32
       2054 17.11666666667   15.92872   217.83068                80.951      0.000      32
       2055 17.12500000000   15.69581   217.71394             -6233.757      0.000      32
       2056 17.13333333333   15.46320   217.59748              6862.434      0.000      32
       2057 17.14166666667   15.23089   217.48129              1024.200      0.000      32
       2058 17.15000000000   14.99889   217.36538             -4586.585      0.000      32
       2059 17.15833333333   14.76718   217.24973              9190.757      0.000      32
       2060 17.16666666667   14.53578   217.13434              4009.668      0.000      32
       2061 17.17500000000   14.30469   217.01920              -968.495      0.000      32
       2062 17.18333333333   14.07390   216.90432             -5751.348      0.000      32
       2063 17.19166666667   13.84341   216.78968              8822.111      0.000      32
       2064 17.20000000000   13.61324   216.67529              4406.114      0.000      32
       2065 17.20833333333   13.38337   216.56114               161.472      0.000      32
       2066 17.21666666667   13.15381   216.44722             -3919.364      0.000      32
       2067 17.22500000000   12.92455   216.33353             11324.888      0.000      32
       2068 17.23333333333   12.69561   216.22006              7548.378      0.000      32
       2069 17.24166666667   12.46698   216.10681              3911.369      0.000      32
       2070 17.25000000000   12.23866   215.99378               407.374      0.000      32
       2071 17.25833333333   12.01066   215.88097             -2971.543      0.000      32
       2072 17.26666666667   11.78296   215.76836             -6233.214      0.000      32
       2073 17.27500000000   11.55558   215.65595              9783.711      0.000      32
       2074 17.28333333333   11.32851   215.54375              6733.136      0.000      32
       2075 17.29166666667   11.10176   215.43174              3776.744      0.000      32
       2076 17.30000000000   10.87532   215.31992               906.979      0.000      32
       2077 17.30833333333   10.64919   215.20829             -1883.954      0.000      32
       2078 17.31666666667   10.42339   215.09684             -4604.433      0.000      32
       2079 17.32500000000   10.19789   214.98557             11908.259      0.000      32
       2080 17.33333333333    9.97272   214.87448              9307.646      0.000      32
       2081 17.34166666667    9.74786   214.76356              6755.965      0.000      32
       2082 17.35000000000    9.52332   214.65281              4245.465      0.000      32
       2083 17.35833333333    9.29909   214.54222              1767.219      0.000      32
       2084 17.36666666667    9.07518   214.43180              -684.517      0.000      32
       2085 17.37500000000    8.85159   214.32152             -3118.059      0.000      32
       2086 17.38333333333    8.62832   214.21141             -5540.553      0.000      32
       2087 17.39166666667    8.40537   214.10144             11208.347      0.000      32
       2088 17.40000000000    8.18274   213.99161              8782.435      0.000      32
       2089 17.40833333333    7.96042   213.88193              6345.790      0.000      32
       2090 17.41666666667    7.73842   213.77238              3890.642      0.000      32
       2091 17.42500000000    7.51674   213.66297              1410.188      0.000      32
       2092 17.43333333333    7.29538   213.55369             -1103.329      0.000      32
       2093 17.44166666667    7.07434   213.44454             -3658.679      0.000      32
       2094 17.45000000000    6.85362   213.33551             -6262.801      0.000      32
       2095 17.45833333333    6.63322   213.22660             10245.707      0.000      32
       2096 17.46666666667    6.41313   213.11780              7522.206      0.000      32
       2097 17.47500000000    6.19337   213.00912              4730.345      0.000      32
       2098 17.48333333333    5.97392   212.90055              1861.602      0.000      32
       2099 17.49166666667    5.75479   212.79208             -1093.544      0.000      32
       2100 17.50000000000    5.53598   212.68372              7987.785      0.000      32
       2101 17.50833333333    5.34013   212.54422              7987.785      0.000      32
       2102 17.51666666667    5.12212   212.43552              7987.785      0.000      32
       2103 17.52500000000    4.90458   212.32671              5283.290      0.000      32
       2104 17.53333333333    4.68750   212.21779              1799.290      0.000      32
       2105 17.54166666667    4.47089   212.10875             -1810.662      0.000      32
       2106 17.55000000000    4.25475   211.99959             -5554.701      0.000      32
       2107 17.55833333333    4.03907   211.89030              9728.568      0.000      32
       2108 17.56666666667    3.82386   211.78089              5694.570      0.000      32
       2109 17.57500000000    3.60912   211.67135              1505.594      0.000      32
       2110 17.58333333333    3.39485   211.56168             -2845.418      0.000      32
       2111 17.59166666667    3.18104   211.45188             -7365.290      0.000      32
       2112 17.60000000000    2.96770   211.34195              9067.411      0.000      32
       2113 17.60833333333    2.75483   211.23187              9067.411      0.000      32
       2114 17.61666666667    2.54242   211.12166             -2650.525      0.000      32
       2115 17.62500000000    2.33047   211.01130             11254.308      0.000      32
       2116 17.63333333333    2.11899   210.90080              5415.171      0.000      32
       2117 17.64166666667    1.90798   210.79016              5415.171      0.000      32
       2118 17.65000000000    1.69743   210.67936              5415.171      0.000      32
       2119 17.65833333333    1.48734   210.56841              5415.171      0.000      32
       2120 17.66666666667    1.27772   210.45731              5415.171      0.000      32
       2121 17.67500000000    1.06857   210.34605              5415.171      0.000      32
       2122 17.68333333333    0.85987   210.23463              5415.171      0.000      32
       2123 17.69166666667    0.65164   210.12306              5415.171      0.000      32
       2124 17.70000000000    0.44387   210.01131              5415.171      0.000      32
       2125 17.70833333333    0.23656   209.89940              5415.171      0.000      32
       2126 17.71666666667    0.02971   209.78732              5415.171      0.000      32
       2660 22.16666666667   11.81323    65.80401              3906.881      0.000      32
       2661 22.17500000000   11.92197    65.57464              3906.881      0.000      32
       2662 22.18333333333   12.02973    65.34470              3906.881      0.000      32
       2663 22.19166666667   12.13651    65.11419              3906.881      0.000      32
       2664 22.20000000000   12.24230    64.88312              3906.881      0.000      32
       2665 22.20833333333   12.34709    64.65148              3906.881      0.000      32
       2666 22.21666666667   12.45087    64.41929              3906.881      0.000      32
       2667 22.22500000000   12.55365    64.18654              3906.881      0.000      32
       2668 22.23333333333   12.65542    63.95324              3906.881      0.000      32
       2669 22.24166666667   12.75617    63.71939              3906.881      0.000      32
       2670 22.25000000000   12.85589    63.48500              3906.881      0.000      32
       2671 22.25833333333   12.95458    63.25007              3906.881      0.000      32
       2672 22.26666666667   13.05224    63.01460              3906.881      0.000      32
       2673 22.27500000000   13.14885    62.77860              3906.881      0.000      32
       2674 22.28333333333   13.24442    62.54208              3906.881      0.000      32
       2675 22.29166666667   13.33893    62.30502              3906.881      0.000      32
       2676 22.30000000000   13.43239    62.06745              3906.881      0.000      32
       2677 22.30833333333   13.52478    61.82936              3906.881      0.000      32
       2678 22.31666666667   13.61610    61.59076              3906.881      0.000      32
       2679 22.32500000000   13.70635    61.35166              3906.881      0.000      32
       2680 22.33333333333   13.79551    61.11205              3906.881      0.000      32
       2681 22.34166666667   13.88360    60.87194              3906.881      0.000      32
       2682 22.35000000000   13.97059    60.63133              3906.881      0.000      32
       2683 22.35833333333   14.05649    60.39024              3906.881      0.000      32
       2684 22.36666666667   14.14128    60.14867              3906.881      0.000      32
       2685 22.37500000000   14.22497    59.90661              3906.881      0.000      32
       2686 22.38333333333   14.30755    59.66408              3906.881      0.000      32
       2687 22.39166666667   14.38902    59.42108              3906.881      0.000      32
       2688 22.40000000000   14.46936    59.17761              3906.881      0.000      32
       2689 22.40833333333   14.54858    58.93368              3906.881      0.000      32
       2690 22.41666666667   14.62668    58.68930              3906.881      0.000      32
       2691 22.42500000000   14.70363    58.44447              3906.881      0.000      32
       2692 22.43333333333   14.77945    58.19919             -4403.143      0.000      32
       2693 22.44166666667   14.85412    57.95347             12075.755      0.000      32
       2694 22.45000000000   14.92765    57.70732              9627.769      0.000      32
       2695 22.45833333333   15.00002    57.46074              7430.004      0.000      32
       2696 22.46666666667   15.07123    57.21374              5490.786      0.000      32
       2697 22.47500000000   15.14128    56.96632              3818.362      0.000      32
       2698 22.48333333333   15.21017    56.71848              2419.677      0.000      32
       2699 22.49166666667   15.27789    56.47024              1304.844      0.000      32
       2700 22.50000000000   15.34443    56.22160               480.661      0.000      32
       2701 22.50833333333   15.38985    55.97903               -45.008      0.000      32
       2702 22.51666666667   15.45344    55.72952              -262.808      0.000      32
       2703 22.52500000000   15.51571    55.47968              -165.145      0.000      32
       2704 22.53333333333   15.57666    55.22952               256.333      0.000      32
       2705 22.54166666667   15.63629    54.97904              1009.326      0.000      32
       2706 22.55000000000   15.69458    54.72826              2101.500      0.000      32
       2707 22.55833333333   15.75153    54.47717              3541.206      0.000      32
       2708 22.56666666667   15.80715    54.22580              5337.156      0.000      32
       2709 22.57500000000   15.86142    53.97416              7498.046      0.000      32
       2710 22.58333333333   15.91435    53.72224             10031.868      0.000      32
       2711 22.59166666667   15.96592    53.47006             12947.247      0.000      32
       2712 22.60000000000   16.01614    53.21763             -2917.521      0.000      32
       2713 22.60833333333   16.06500    52.96496               784.264      0.000      32
       2714 22.61666666667   16.11250    52.71205              4891.926      0.000      32
       2715 22.62500000000   16.15864    52.45893              9413.901      0.000      32
       2716 22.63333333333   16.20341    52.20558             -4812.183      0.000      32
       2717 22.64166666667   16.24680    51.95204               561.704      0.000      32
       2718 22.65000000000   16.28882    51.69829              6374.724      0.000      32
       2719 22.65833333333   16.32946    51.44437             12634.996      0.000      32
       2720 22.66666666667   16.36873    51.19026               181.193      0.000      32
       2721 22.67500000000   16.40661    50.93599              7359.848      0.000      32
       2722 22.68333333333   16.44310    50.68156             15010.931      0.000      32
       2723 22.69166666667   16.47821    50.42699              3972.194      0.000      32
       2724 22.70000000000   16.51193    50.17227             12591.422      0.000      32
       2725 22.70833333333   16.54425    49.91743              2538.773      0.000      32
       2726 22.71666666667   16.57518    49.66247             12159.269      0.000      32
       2727 22.72500000000   16.60471    49.40740              3124.465      0.000      32
       2728 22.73333333333   16.63284    49.15224             13779.734      0.000      32
       2729 22.74166666667   16.65957    48.89698              5796.159      0.000      32
       2730 22.75000000000   16.68490    48.64164             -1650.133      0.000      32
       2731 22.75833333333   16.70882    48.38624             10619.120      0.000      32
       2732 22.76666666667   16.73134    48.13077              4273.438      0.000      32
       2733 22.77500000000   16.75245    47.87525             -1508.522      0.000      32
       2734 22.78333333333   16.77215    47.61969             12449.744      0.000      32
       2735 22.79166666667   16.79044    47.36411              7817.489      0.000      32
       2736 22.80000000000   16.80732    47.10850              3772.691      0.000      32
       2737 22.80833333333   16.82279    46.85287               324.457      0.000      32
       2738 22.81666666667   16.83684    46.59725             -2519.396      0.000      32
       2739 22.82500000000   16.84948    46.34164             14418.974      0.000      32
       2740 22.83333333333   16.86070    46.08604             12807.799      0.000      32
       2741 22.84166666667   16.87051    45.83047             11824.920      0.000      32
       2742 22.85000000000   16.87890    45.57494             11478.803      0.000      32
       2743 22.85833333333   16.88587    45.31946             11778.211      0.000      32
       2744 22.86666666667   16.89143    45.06403             12730.459      0.000      32
       2745 22.87500000000   16.89556    44.80867             14344.404      0.000      32
       2746 22.88333333333   16.89829    44.55338             -2540.885      0.000      32
       2747 22.89166666667   16.89959    44.29818               421.189      0.000      32
       2748 22.90000000000   16.89947    44.04308              4070.311      0.000      32
       2749 22.90833333333   16.89794    43.78808              8411.814      0.000      32
       2750 22.91666666667   16.89499    43.53319             13455.911      0.000      32
       2751 22.92500000000   16.89062    43.27843                41.083      0.000      32
       2752 22.93333333333   16.88484    43.02380              6514.053      0.000      32
       2753 22.94166666667   16.87764    42.76932             13713.822      0.000      32
       2754 22.95000000000   16.86902    42.51498              2479.488      0.000      32
       2755 22.95833333333   16.85899    42.26081             11157.751      0.000      32
       2756 22.96666666667   16.84755    42.00681              1417.387      0.000      32
       2757 22.97500000000   16.83469    41.75299             11606.383      0.000      32
       2758 22.98333333333   16.82042    41.49936              3393.784      0.000      32
       2759 22.99166666667   16.80473    41.24592             15124.412      0.000      32
       2760 23.00000000000   16.78764    40.99269              8469.454      0.000      32
       2761 23.00833333333   16.76159    40.75973              2605.148      0.000      32
       2762 23.01666666667   16.74122    40.50713             -2459.869      0.000      32
       2763 23.02500000000   16.71939    40.25490             12451.236      0.000      32
       2764 23.03333333333   16.69611    40.00306              9007.133      0.000      32
       2765 23.04166666667   16.67139    39.75161              6385.796      0.000      32
       2766 23.05000000000   16.64522    39.50057              4596.019      0.000      32
       2767 23.05833333333   16.61760    39.24995              3644.920      0.000      32
       2768 23.06666666667   16.58855    38.99975              3540.648      0.000      32
       2769 23.07500000000   16.55806    38.74999              4289.848      0.000      32
       2770 23.08333333333   16.52614    38.50067              5900.581      0.000      32
       2771 23.09166666667   16.49278    38.25181              8381.711      0.000      32
       2772 23.10000000000   16.45799    38.00341             11740.551      0.000      32
       2773 23.10833333333   16.42178    37.75548             -3184.575      0.000      32
       2774 23.11666666667   16.38415    37.50804              1952.449      0.000      32
       2775 23.12500000000   16.34510    37.26110              7991.065      0.000      32
       2776 23.13333333333   16.30464    37.01465             -4231.291      0.000      32
       2777 23.14166666667   16.26276    36.76872              3631.216      0.000      32
       2778 23.15000000000   16.21947    36.52331             12417.205      0.000      32
       2779 23.15833333333   16.17478    36.27843              2965.684      0.000      32
       2780 23.16666666667   16.12868    36.03408             13621.740      0.000      32
       2781 23.17500000000   16.08119    35.79028              6055.614      0.000      32
       2782 23.18333333333   16.03231    35.54704              -557.829      0.000      32
       2783 23.19166666667   15.98204    35.30436             12959.349      0.000      32
       2784 23.20000000000   15.93038    35.06226              8275.918      0.000      32
       2785 23.20833333333   15.87734    34.82073              4568.574      0.000      32
       2786 23.21666666667   15.82292    34.57979              1843.940      0.000      32
       2787 23.22500000000   15.76713    34.33945               109.792      0.000      32
       2788 23.23333333333   15.70997    34.09971              -626.440      0.000      32
       2789 23.24166666667   15.65144    33.86058              -357.755      0.000      32
       2790 23.25000000000   15.59156    33.62208               923.983      0.000      32
       2791 23.25833333333   15.53032    33.38420              3225.260      0.000      32
       2792 23.26666666667   15.46773    33.14695              6552.146      0.000      32
       2793 23.27500000000   15.40380    32.91034             10913.395      0.000      32
       2794 23.28333333333   15.33852    32.67438             -2853.484      0.000      32
       2795 23.29166666667   15.27191    32.43908              3596.962      0.000      32
       2796 23.30000000000   15.20396    32.20443             11102.189      0.000      32
       2797 23.30833333333   15.13469    31.97046               500.455      0.000      32
       2798 23.31666666667   15.06410    31.73716             10136.843      0.000      32
       2799 23.32500000000   14.99219    31.50454              1679.993      0.000      32
       2800 23.33333333333   14.91897    31.27260             13474.565      0.000      32
       2801 23.34166666667   14.84444    31.04136              7189.426      0.000      32
       2802 23.35000000000   14.76861    30.81082              2000.490      0.000      32
       2803 23.35833333333   14.69149    30.58099             -2085.710      0.000      32
       2804 23.36666666667   14.61307    30.35186             14107.164      0.000      32
       2805 23.37500000000   14.53337    30.12345             12246.826      0.000      32
       2806 23.38333333333   14.45239    29.89577             11509.543      0.000      32
       2807 23.39166666667   14.37013    29.66881             11901.338      0.000      32
       2808 23.40000000000   14.28661    29.44258             13428.610      0.000      32
       2809 23.40833333333   14.20182    29.21709             -3070.856      0.000      32
       2810 23.41666666667   14.11577    28.99234               747.678      0.000      32
       2811 23.42500000000   14.02847    28.76834              5721.875      0.000      32
       2812 23.43333333333   13.93993    28.54509             11856.760      0.000      32
       2813 23.44166666667   13.85014    28.32260                -9.740      0.000      32
       2814 23.45000000000   13.75912    28.10087              8466.681      0.000      32
       2815 23.45833333333   13.66686    27.87990             -1046.442      0.000      32
       2816 23.46666666667   13.57339    27.65970              9795.624      0.000      32
       2817 23.47500000000   13.47869    27.44028              2660.135      0.000      32
       2818 23.48333333333   13.38278    27.22163             -3278.007      0.000      32
       2819 23.49166666667   13.28567    27.00377             11157.019      0.000      32
       2820 23.50000000000   13.18735    26.78669              7632.943      0.000      32
       2821 23.50833333333   13.09450    26.59197              5324.788      0.000      32
       2822 23.51666666667   12.99354    26.37684              4237.910      0.000      32
       2823 23.52500000000   12.89143    26.16264              4377.976      0.000      32
       2824 23.53333333333   12.78820    25.94939              5752.383      0.000      32
       2825 23.54166666667   12.68385    25.73708              8364.120      0.000      32
       2826 23.55000000000   12.57839    25.52573             12220.868      0.000      32
       2827 23.55833333333   12.47181    25.31532             -1842.959      0.000      32
       2828 23.56666666667   12.36414    25.10587              4518.233      0.000      32
       2829 23.57500000000   12.25537    24.89738             12140.027      0.000      32
       2830 23.58333333333   12.14551    24.68984              1857.631      0.000      32
       2831 23.59166666667   12.03457    24.48327             12015.731      0.000      32
       2832 23.60000000000   11.92256    24.27765              4281.093      0.000      32
       2833 23.60833333333   11.80947    24.07300             -2171.904      0.000      32
       2834 23.61666666667   11.69533    23.86932             11831.346      0.000      32
       2835 23.62500000000   11.58012    23.66661              7956.412      0.000      32
       2836 23.63333333333   11.46387    23.46486              5378.026      0.000      32
       2837 23.64166666667   11.34658    23.26409              4101.310      0.000      32
       2838 23.65000000000   11.22825    23.06429              4131.587      0.000      32
       2839 23.65833333333   11.10889    22.86546              5471.863      0.000      32
       2840 23.66666666667   10.98850    22.66760              8128.411      0.000      32
       2841 23.67500000000   10.86710    22.47072             12105.028      0.000      32
       2842 23.68333333333   10.74469    22.27482             -1761.659      0.000      32
       2843 23.69166666667   10.62127    22.07989              4870.202      0.000      32
       2844 23.70000000000   10.49686    21.88594             12836.509      0.000      32
       2845 23.70833333333   10.37145    21.69297              2971.969      0.000      32
       2846 23.71666666667   10.24506    21.50097             13618.616      0.000      32
       2847 23.72500000000   10.11769    21.30996              6444.209      0.000      32
       2848 23.73333333333    9.98935    21.11992               619.886      0.000      32
       2849 23.74166666667    9.86004    20.93086             -3849.157      0.000      32
       2850 23.75000000000    9.72978    20.74278             12211.059      0.000      32
       2851 23.75833333333    9.59856    20.55568             10464.740      0.000      32
       2852 23.76666666667    9.46639    20.36955             10086.304      0.000      32
       2853 23.77500000000    9.33329    20.18441             11079.452      0.000      32
       2854 23.78333333333    9.19925    20.00024             13446.801      0.000      32
       2855 23.79166666667    9.06428    19.81706             -1976.265      0.000      32
       2856 23.80000000000    8.92840    19.63484              3152.311      0.000      32
       2857 23.80833333333    8.79159    19.45361              9667.156      0.000      32
       2858 23.81666666667    8.65388    19.27335             -1598.128      0.000      32
       2859 23.82500000000    8.51527    19.09407              7698.348      0.000      32
       2860 23.83333333333    8.37576    18.91576              -779.310      0.000      32
       2861 23.84166666667    8.23536    18.73843             11312.342      0.000      32
       2862 23.85000000000    8.09408    18.56206              5638.651      0.000      32
       2863 23.85833333333    7.95192    18.38667              1367.869      0.000      32
       2864 23.86666666667    7.80889    18.21225             -1492.466      0.000      32
       2865 23.87500000000    7.66499    18.03880             -2940.570      0.000      32
       2866 23.88333333333    7.52023    17.86632             -2975.085      0.000      32
       2867 23.89166666667    7.37462    17.69481             -1590.665      0.000      32
       2868 23.90000000000    7.22817    17.52426              1213.252      0.000      32
       2869 23.90833333333    7.08087    17.35468              5440.141      0.000      32
       2870 23.91666666667    6.93274    17.18606             11091.642      0.000      32
       2871 23.92500000000    6.78379    17.01840              -997.395      0.000      32
       2872 23.93333333333    6.63401    16.85170              7512.498      0.000      32
       2873 23.94166666667    6.48341    16.68596             -1713.852      0.000      32
       2874 23.95000000000    6.33200    16.52117              9664.542      0.000      32
       2875 23.95833333333    6.17979    16.35734              3311.101      0.000      32
       2876 23.96666666667    6.02678    16.19447             -1603.621      0.000      32
       2877 23.97500000000    5.87298    16.03254             -5076.686      0.000      32
       2878 23.98333333333    5.71839    15.87157             12062.883      0.000      32
       2879 23.99166666667    5.56302    15.71154             11478.827      0.000      32
