# Created on 2022-09-14 14:18:05 
# Sources: obs\AAV40321.22O, nav\AAV40321.22G
# Satellite: R19 (k = 3.0)
# Interval: 30.0
# Sampling interval: 0.0 (not used).
# Site: AAV4
# Position (L, B, H): 74.61783822493432, 43.02329917686259, 585.248198849149
# Position (X, Y, Z): 1238908.5437, 4503304.8915, 4329793.7299
# datetime format: %Y-%m-%dT%H:%M:%S
# Columns: tsn, hour, el, az, tec.l1l2, tec.p1p2, validity
# (I11,1X,F14.11,1X,F10.5,1X,F11.5,1X,F21.3,1X,F10.3,1X,I7)
       1320 11.00000000000    3.79046   194.32070              -101.153      0.000      32
       1321 11.00833333333    4.02930   194.36312              -101.153      0.000      32
       1322 11.01666666667    4.26841   194.40606              -101.153      0.000      32
       1323 11.02500000000    4.50778   194.44951              -101.153      0.000      32
       1324 11.03333333333    4.74743   194.49349              -101.153      0.000      32
       1325 11.04166666667    4.98734   194.53799              -101.153      0.000      32
       1326 11.05000000000    5.22752   194.58302              -101.153      0.000      32
       1327 11.05833333333    5.46797   194.62857              -101.153      0.000      32
       1328 11.06666666667    5.70869   194.67467              -101.153      0.000      32
       1329 11.07500000000    5.94968   194.72130              -101.153      0.000      32
       1330 11.08333333333    6.19094   194.76848              -101.153      0.000      32
       1331 11.09166666667    6.43247   194.81620              -101.153      0.000      32
       1332 11.10000000000    6.67427   194.86447              -101.153      0.000      32
       1333 11.10833333333    6.91634   194.91330              -101.153      0.000      32
       1334 11.11666666667    7.15869   194.96269              -101.153      0.000      32
       1335 11.12500000000    7.40130   195.01264              -101.153      0.000      32
       1336 11.13333333333    7.64419   195.06316              -101.153      0.000      32
       1337 11.14166666667    7.88735   195.11425              -101.153      0.000      32
       1338 11.15000000000    8.13077   195.16592              -101.153      0.000      32
       1339 11.15833333333    8.37447   195.21817              -101.153      0.000      32
       1340 11.16666666667    8.61844   195.27100              -101.153      0.000      32
       1341 11.17500000000    8.86268   195.32443              -101.153      0.000      32
       1342 11.18333333333    9.10719   195.37845              -101.153      0.000      32
       1343 11.19166666667    9.35197   195.43307              -101.153      0.000      32
       1344 11.20000000000    9.59701   195.48829              -101.153      0.000      32
       1345 11.20833333333    9.84233   195.54413              -101.153      0.000      32
       1346 11.21666666667   10.08792   195.60058              -101.153      0.000      32
       1347 11.22500000000   10.33377   195.65765              -101.153      0.000      32
       1348 11.23333333333   10.57989   195.71534              -101.153      0.000      32
       1349 11.24166666667   10.82628   195.77367               -19.731      0.000      32
       1350 11.25000000000   11.07293   195.83263               -20.921      0.000      32
       1351 11.25833333333   11.31985   195.89223               -22.027      0.000      32
       1352 11.26666666667   11.56704   195.95248               -22.928      0.000      32
       1353 11.27500000000   11.81448   196.01338               -23.755      0.000      32
       1354 11.28333333333   12.06219   196.07494               -24.576      0.000      32
       1355 11.29166666667   12.31017   196.13717               -25.140      0.000      32
       1356 11.30000000000   12.55840   196.20006               -25.562      0.000      32
       1357 11.30833333333   12.80690   196.26363               -25.953      0.000      32
       1358 11.31666666667   13.05565   196.32788               -26.234      0.000      32
       1359 11.32500000000   13.30466   196.39282               -26.431      0.000      32
       1360 11.33333333333   13.55393   196.45846               -26.287      0.000      32
       1361 11.34166666667   13.80345   196.52479               -26.279      0.000      32
       1362 11.35000000000   14.05323   196.59183               -26.388      0.000      32
       1363 11.35833333333   14.30326   196.65959               -26.433      0.000      32
       1364 11.36666666667   14.55354   196.72807               -26.663      0.000      32
       1365 11.37500000000   14.80407   196.79727               -26.976      0.000      32
       1366 11.38333333333   15.05485   196.86721               -27.429      0.000      32
       1367 11.39166666667   15.30587   196.93788               -27.695      0.000      32
       1368 11.40000000000   15.55714   197.00931               -28.338      0.000      32
       1369 11.40833333333   15.80865   197.08149               -28.848      0.000      32
       1370 11.41666666667   16.06041   197.15444               -29.497      0.000      32
       1371 11.42500000000   16.31240   197.22815               -30.049      0.000      32
       1372 11.43333333333   16.56463   197.30264               -30.593      0.000      32
       1373 11.44166666667   16.81709   197.37792               -31.040      0.000      32
       1374 11.45000000000   17.06979   197.45398               -31.570      0.000      32
       1375 11.45833333333   17.32272   197.53085               -31.910      0.000      32
       1376 11.46666666667   17.57588   197.60853               -32.166      0.000      32
       1377 11.47500000000   17.82926   197.68703               -32.535      0.000      32
       1378 11.48333333333   18.08287   197.76634               -32.722      0.000      32
       1379 11.49166666667   18.33670   197.84650               -33.059      0.000      32
       1380 11.50000000000   18.59075   197.92749               -33.119      0.000      32
       1381 11.50833333333   18.85000   197.96425               -33.263      0.000      32
       1382 11.51666666667   19.10440   198.04656               -33.429      0.000      32
       1383 11.52500000000   19.35905   198.12943               -33.587      0.000      32
       1384 11.53333333333   19.61394   198.21288               -32.488      0.000      32
       1385 11.54166666667   19.86909   198.29690               -33.666      0.000      32
       1386 11.55000000000   20.12449   198.38150               -33.836      0.000      32
       1387 11.55833333333   20.38013   198.46670               -33.989      0.000      32
       1388 11.56666666667   20.63601   198.55250               -34.064      0.000      32
       1389 11.57500000000   20.89214   198.63891               -34.126      0.000      32
       1390 11.58333333333   21.14851   198.72593               -34.234      0.000      32
       1391 11.59166666667   21.40512   198.81358               -34.394      0.000      32
       1392 11.60000000000   21.66197   198.90185               -34.606      0.000      32
       1393 11.60833333333   21.91905   198.99077               -34.775      0.000      32
       1394 11.61666666667   22.17637   199.08033               -34.989      0.000      32
       1395 11.62500000000   22.43392   199.17055               -34.973      0.000      32
       1396 11.63333333333   22.69171   199.26143               -35.204      0.000      32
       1397 11.64166666667   22.94972   199.35298               -35.455      0.000      32
       1398 11.65000000000   23.20796   199.44521               -35.739      0.000      32
       1399 11.65833333333   23.46642   199.53814               -35.854      0.000      32
       1400 11.66666666667   23.72511   199.63176               -36.107      0.000      32
       1401 11.67500000000   23.98402   199.72609               -36.274      0.000      32
       1402 11.68333333333   24.24315   199.82114               -36.542      0.000      32
       1403 11.69166666667   24.50249   199.91691               -36.835      0.000      32
       1404 11.70000000000   24.76205   200.01342               -37.110      0.000      32
       1405 11.70833333333   25.02182   200.11067               -37.336      0.000      32
       1406 11.71666666667   25.28179   200.20868               -37.634      0.000      32
       1407 11.72500000000   25.54198   200.30746               -37.899      0.000      32
       1408 11.73333333333   25.80237   200.40701               -38.084      0.000      32
       1409 11.74166666667   26.06296   200.50734               -38.462      0.000      32
       1410 11.75000000000   26.32375   200.60847               -38.797      0.000      32
       1411 11.75833333333   26.58473   200.71041               -38.981      0.000      32
       1412 11.76666666667   26.84591   200.81317               -39.103      0.000      32
       1413 11.77500000000   27.10728   200.91676               -39.222      0.000      32
       1414 11.78333333333   27.36883   201.02118               -39.405      0.000      32
       1415 11.79166666667   27.63057   201.12646               -39.473      0.000      32
       1416 11.80000000000   27.89249   201.23260               -39.509      0.000      32
       1417 11.80833333333   28.15459   201.33961               -39.653      0.000      32
       1418 11.81666666667   28.41686   201.44751               -39.629      0.000      32
       1419 11.82500000000   28.67931   201.55631               -39.723      0.000      32
       1420 11.83333333333   28.94192   201.66602               -39.872      0.000      32
       1421 11.84166666667   29.20469   201.77665               -39.926      0.000      32
       1422 11.85000000000   29.46763   201.88822               -40.012      0.000      32
       1423 11.85833333333   29.73072   202.00074               -40.198      0.000      32
       1424 11.86666666667   29.99396   202.11422               -40.403      0.000      32
       1425 11.87500000000   30.25736   202.22868               -40.685      0.000      32
       1426 11.88333333333   30.52090   202.34412               -40.876      0.000      32
       1427 11.89166666667   30.78458   202.46057               -41.107      0.000      32
       1428 11.90000000000   31.04840   202.57804               -41.399      0.000      32
       1429 11.90833333333   31.31235   202.69654               -41.611      0.000      32
       1430 11.91666666667   31.57643   202.81609               -41.931      0.000      32
       1431 11.92500000000   31.84064   202.93669               -42.160      0.000      32
       1432 11.93333333333   32.10496   203.05838               -42.311      0.000      32
       1433 11.94166666667   32.36940   203.18115               -42.416      0.000      32
       1434 11.95000000000   32.63396   203.30504               -42.573      0.000      32
       1435 11.95833333333   32.89861   203.43004               -42.676      0.000      32
       1436 11.96666666667   33.16338   203.55619               -42.885      0.000      32
       1437 11.97500000000   33.42823   203.68350               -42.946      0.000      32
       1438 11.98333333333   33.69318   203.81197               -42.979      0.000      32
       1439 11.99166666667   33.95822   203.94164               -43.141      0.000      32
       1440 12.00000000000   34.22334   204.07252               -43.134      0.000      32
       1441 12.00833333333   34.50291   204.14835               -43.232      0.000      32
       1442 12.01666666667   34.76834   204.28090               -43.278      0.000      32
       1443 12.02500000000   35.03393   204.41433               -43.425      0.000      32
       1444 12.03333333333   35.29969   204.54866               -43.512      0.000      32
       1445 12.04166666667   35.56562   204.68389               -43.587      0.000      32
       1446 12.05000000000   35.83170   204.82005               -43.631      0.000      32
       1447 12.05833333333   36.09793   204.95715               -43.862      0.000      32
       1448 12.06666666667   36.36432   205.09521               -43.923      0.000      32
       1449 12.07500000000   36.63085   205.23424               -43.947      0.000      32
       1450 12.08333333333   36.89753   205.37425               -44.026      0.000      32
       1451 12.09166666667   37.16434   205.51527               -44.253      0.000      32
       1452 12.10000000000   37.43128   205.65730               -44.230      0.000      32
       1453 12.10833333333   37.69835   205.80038               -44.397      0.000      32
       1454 12.11666666667   37.96555   205.94451               -44.371      0.000      32
       1455 12.12500000000   38.23287   206.08971               -44.509      0.000      32
       1456 12.13333333333   38.50030   206.23601               -44.580      0.000      32
       1457 12.14166666667   38.76784   206.38341               -44.670      0.000      32
       1458 12.15000000000   39.03549   206.53194               -44.802      0.000      32
       1459 12.15833333333   39.30324   206.68162               -44.851      0.000      32
       1460 12.16666666667   39.57108   206.83247               -44.920      0.000      32
       1461 12.17500000000   39.83902   206.98451               -44.973      0.000      32
       1462 12.18333333333   40.10704   207.13775               -45.012      0.000      32
       1463 12.19166666667   40.37514   207.29222               -45.124      0.000      32
       1464 12.20000000000   40.64332   207.44794               -45.221      0.000      32
       1465 12.20833333333   40.91156   207.60494               -45.303      0.000      32
       1466 12.21666666667   41.17987   207.76323               -45.380      0.000      32
       1467 12.22500000000   41.44824   207.92283               -45.443      0.000      32
       1468 12.23333333333   41.71666   208.08378               -45.541      0.000      32
       1469 12.24166666667   41.98513   208.24608               -45.573      0.000      32
       1470 12.25000000000   42.25364   208.40978               -45.689      0.000      32
       1471 12.25833333333   42.52219   208.57488               -45.732      0.000      32
       1472 12.26666666667   42.79077   208.74143               -45.779      0.000      32
       1473 12.27500000000   43.05936   208.90943               -45.771      0.000      32
       1474 12.28333333333   43.32798   209.07893               -45.855      0.000      32
       1475 12.29166666667   43.59661   209.24994               -45.989      0.000      32
       1476 12.30000000000   43.86524   209.42249               -46.039      0.000      32
       1477 12.30833333333   44.13387   209.59661               -46.072      0.000      32
       1478 12.31666666667   44.40249   209.77234               -46.153      0.000      32
       1479 12.32500000000   44.67109   209.94969               -46.173      0.000      32
       1480 12.33333333333   44.93967   210.12870               -46.279      0.000      32
       1481 12.34166666667   45.20823   210.30939               -46.357      0.000      32
       1482 12.35000000000   45.47674   210.49181               -46.410      0.000      32
       1483 12.35833333333   45.74521   210.67598               -46.539      0.000      32
       1484 12.36666666667   46.01363   210.86193               -46.558      0.000      32
       1485 12.37500000000   46.28199   211.04970               -46.624      0.000      32
       1486 12.38333333333   46.55029   211.23932               -46.719      0.000      32
       1487 12.39166666667   46.81850   211.43082               -46.779      0.000      32
       1488 12.40000000000   47.08664   211.62425               -46.855      0.000      32
       1489 12.40833333333   47.35469   211.81963               -46.966      0.000      32
       1490 12.41666666667   47.62263   212.01701               -46.995      0.000      32
       1491 12.42500000000   47.89047   212.21642               -47.124      0.000      32
       1492 12.43333333333   48.15819   212.41789               -47.181      0.000      32
       1493 12.44166666667   48.42579   212.62149               -47.294      0.000      32
       1494 12.45000000000   48.69326   212.82723               -47.356      0.000      32
       1495 12.45833333333   48.96058   213.03516               -47.452      0.000      32
       1496 12.46666666667   49.22775   213.24533               -47.537      0.000      32
       1497 12.47500000000   49.49475   213.45778               -47.585      0.000      32
       1498 12.48333333333   49.76159   213.67255               -47.677      0.000      32
       1499 12.49166666667   50.02824   213.88969               -47.725      0.000      32
       1500 12.50000000000   50.29471   214.10925               -47.803      0.000      32
       1501 12.50833333333   50.57965   214.26102               -47.842      0.000      32
       1502 12.51666666667   50.84614   214.48419               -47.906      0.000      32
       1503 12.52500000000   51.11253   214.70943               -47.969      0.000      32
       1504 12.53333333333   51.37883   214.93680               -48.078      0.000      32
       1505 12.54166666667   51.64502   215.16634               -48.200      0.000      32
       1506 12.55000000000   51.91109   215.39808               -48.216      0.000      32
       1507 12.55833333333   52.17704   215.63209               -48.271      0.000      32
       1508 12.56666666667   52.44286   215.86840               -48.408      0.000      32
       1509 12.57500000000   52.70853   216.10706               -48.460      0.000      32
       1510 12.58333333333   52.97405   216.34813               -48.514      0.000      32
       1511 12.59166666667   53.23940   216.59165               -48.585      0.000      32
       1512 12.60000000000   53.50458   216.83768               -48.663      0.000      32
       1513 12.60833333333   53.76958   217.08627               -48.725      0.000      32
       1514 12.61666666667   54.03438   217.33748               -48.836      0.000      32
       1515 12.62500000000   54.29897   217.59136               -48.887      0.000      32
       1516 12.63333333333   54.56335   217.84797               -49.037      0.000      32
       1517 12.64166666667   54.82750   218.10737               -49.104      0.000      32
       1518 12.65000000000   55.09141   218.36962               -49.162      0.000      32
       1519 12.65833333333   55.35508   218.63479               -49.276      0.000      32
       1520 12.66666666667   55.61847   218.90294               -49.355      0.000      32
       1521 12.67500000000   55.88160   219.17413               -49.391      0.000      32
       1522 12.68333333333   56.14443   219.44844               -49.492      0.000      32
       1523 12.69166666667   56.40697   219.72593               -49.595      0.000      32
       1524 12.70000000000   56.66919   220.00667               -49.626      0.000      32
       1525 12.70833333333   56.93109   220.29074               -49.748      0.000      32
       1526 12.71666666667   57.19265   220.57822               -49.827      0.000      32
       1527 12.72500000000   57.45385   220.86918               -49.875      0.000      32
       1528 12.73333333333   57.71469   221.16370               -49.927      0.000      32
       1529 12.74166666667   57.97514   221.46186               -50.026      0.000      32
       1530 12.75000000000   58.23520   221.76375               -50.121      0.000      32
       1531 12.75833333333   58.49484   222.06946               -50.170      0.000      32
       1532 12.76666666667   58.75406   222.37907               -50.271      0.000      32
       1533 12.77500000000   59.01283   222.69267               -50.318      0.000      32
       1534 12.78333333333   59.27114   223.01036               -50.402      0.000      32
       1535 12.79166666667   59.52897   223.33223               -50.463      0.000      32
       1536 12.80000000000   59.78630   223.65839               -50.479      0.000      32
       1537 12.80833333333   60.04313   223.98893               -50.545      0.000      32
       1538 12.81666666667   60.29942   224.32397               -50.625      0.000      32
       1539 12.82500000000   60.55516   224.66360               -50.647      0.000      32
       1540 12.83333333333   60.81034   225.00793               -50.764      0.000      32
       1541 12.84166666667   61.06493   225.35709               -50.797      0.000      32
       1542 12.85000000000   61.31890   225.71119               -50.850      0.000      32
       1543 12.85833333333   61.57225   226.07034               -50.875      0.000      32
       1544 12.86666666667   61.82495   226.43468               -50.954      0.000      32
       1545 12.87500000000   62.07697   226.80432               -51.033      0.000      32
       1546 12.88333333333   62.32829   227.17940               -51.074      0.000      32
       1547 12.89166666667   62.57890   227.56006               -51.135      0.000      32
       1548 12.90000000000   62.82876   227.94642               -51.146      0.000      32
       1549 12.90833333333   63.07786   228.33863               -51.151      0.000      32
       1550 12.91666666667   63.32616   228.73683               -51.244      0.000      32
       1551 12.92500000000   63.57364   229.14118               -51.323      0.000      32
       1552 12.93333333333   63.82027   229.55182               -51.371      0.000      32
       1553 12.94166666667   64.06603   229.96891               -51.403      0.000      32
       1554 12.95000000000   64.31088   230.39262               -51.445      0.000      32
       1555 12.95833333333   64.55480   230.82310               -51.538      0.000      32
       1556 12.96666666667   64.79776   231.26053               -51.577      0.000      32
       1557 12.97500000000   65.03972   231.70509               -51.622      0.000      32
       1558 12.98333333333   65.28065   232.15694               -51.707      0.000      32
       1559 12.99166666667   65.52052   232.61627               -51.740      0.000      32
       1560 13.00000000000   65.75929   233.08328               -51.788      0.000      32
       1561 13.00833333333   66.01589   233.46581               -51.804      0.000      32
       1562 13.01666666667   66.25314   233.94656               -51.865      0.000      32
       1563 13.02500000000   66.48933   234.43495               -51.969      0.000      32
       1564 13.03333333333   66.72442   234.93117               -52.023      0.000      32
       1565 13.04166666667   66.95837   235.43540               -52.038      0.000      32
       1566 13.05000000000   67.19115   235.94786               -52.112      0.000      32
       1567 13.05833333333   67.42271   236.46875               -52.138      0.000      32
       1568 13.06666666667   67.65302   236.99828               -52.219      0.000      32
       1569 13.07500000000   67.88204   237.53666               -52.292      0.000      32
       1570 13.08333333333   68.10973   238.08413               -52.332      0.000      32
       1571 13.09166666667   68.33603   238.64090               -52.410      0.000      32
       1572 13.10000000000   68.56092   239.20721               -52.424      0.000      32
       1573 13.10833333333   68.78433   239.78329               -52.474      0.000      32
       1574 13.11666666667   69.00623   240.36938               -52.544      0.000      32
       1575 13.12500000000   69.22656   240.96573             19184.084      0.000      32
       1576 13.13333333333   69.44527   241.57258               -52.612      0.000      32
       1577 13.14166666667   69.66232   242.19019               -52.680      0.000      32
       1578 13.15000000000   69.87764   242.81881               -52.743      0.000      32
       1579 13.15833333333   70.09118   243.45871               -52.787      0.000      32
       1580 13.16666666667   70.30288   244.11014               -52.812      0.000      32
       1581 13.17500000000   70.51269   244.77337               -52.860      0.000      32
       1582 13.18333333333   70.72055   245.44867               -52.887      0.000      32
       1583 13.19166666667   70.92638   246.13631               -52.901      0.000      32
       1584 13.20000000000   71.13012   246.83656               -52.954      0.000      32
       1585 13.20833333333   71.33171   247.54969               -53.012      0.000      32
       1586 13.21666666667   71.53108   248.27597               -53.081      0.000      32
       1587 13.22500000000   71.72816   249.01568               -53.163      0.000      32
       1588 13.23333333333   71.92287   249.76908               -53.175      0.000      32
       1589 13.24166666667   72.11514   250.53643               -53.209      0.000      32
       1590 13.25000000000   72.30489   251.31801               -53.262      0.000      32
       1591 13.25833333333   72.49203   252.11407               -53.272      0.000      32
       1592 13.26666666667   72.67650   252.92485               -53.318      0.000      32
       1593 13.27500000000   72.85820   253.75062               -53.374      0.000      32
       1594 13.28333333333   73.03705   254.59159               -53.378      0.000      32
       1595 13.29166666667   73.21296   255.44800               -53.471      0.000      32
       1596 13.30000000000   73.38584   256.32006               -53.485      0.000      32
       1597 13.30833333333   73.55560   257.20797               -53.541      0.000      32
       1598 13.31666666667   73.72213   258.11191               -53.594      0.000      32
       1599 13.32500000000   73.88536   259.03205               -53.620      0.000      32
       1600 13.33333333333   74.04517   259.96854               -53.668      0.000      32
       1601 13.34166666667   74.20147   260.92150               -53.757      0.000      32
       1602 13.35000000000   74.35416   261.89103               -53.740      0.000      32
       1603 13.35833333333   74.50314   262.87721               -53.799      0.000      32
       1604 13.36666666667   74.64829   263.88007               -53.821      0.000      32
       1605 13.37500000000   74.78952   264.89965               -53.886      0.000      32
       1606 13.38333333333   74.92672   265.93590               -53.893      0.000      32
       1607 13.39166666667   75.05978   266.98879               -53.959      0.000      32
       1608 13.40000000000   75.18860   268.05821               -54.005      0.000      32
       1609 13.40833333333   75.31307   269.14403               -54.045      0.000      32
       1610 13.41666666667   75.43308   270.24607               -54.057      0.000      32
       1611 13.42500000000   75.54853   271.36410               -54.086      0.000      32
       1612 13.43333333333   75.65931   272.49786             19182.517      0.000      32
       1613 13.44166666667   75.76532   273.64702               -54.163      0.000      32
       1614 13.45000000000   75.86646   274.81122               -54.198      0.000      32
       1615 13.45833333333   75.96262   275.99003               -54.228      0.000      32
       1616 13.46666666667   76.05372   277.18297               -54.265      0.000      32
       1617 13.47500000000   76.13965   278.38951               -54.306      0.000      32
       1618 13.48333333333   76.22032   279.60908               -54.348      0.000      32
       1619 13.49166666667   76.29565   280.84103               -54.370      0.000      32
       1620 13.50000000000   76.36555   282.08468               -54.405      0.000      32
       1621 13.50833333333   76.45528   283.24239               -54.433      0.000      32
       1622 13.51666666667   76.51538   284.50807               -54.469      0.000      32
       1623 13.52500000000   76.57001   285.78271               -54.529      0.000      32
       1624 13.53333333333   76.61911   287.06546               -54.526      0.000      32
       1625 13.54166666667   76.66264   288.35542               -54.575      0.000      32
       1626 13.55000000000   76.70056   289.65170               -54.627      0.000      32
       1627 13.55833333333   76.73283   290.95332               -54.672      0.000      32
       1628 13.56666666667   76.75942   292.25933               -54.691      0.000      32
       1629 13.57500000000   76.78032   293.56872               -54.731      0.000      32
       1630 13.58333333333   76.79551   294.88047               -54.755      0.000      32
       1631 13.59166666667   76.80499   296.19357               -54.801      0.000      32
       1632 13.60000000000   76.80875   297.50698               -54.824      0.000      32
       1633 13.60833333333   76.80681   298.81967               -54.848      0.000      32
       1634 13.61666666667   76.79919   300.13061               -54.907      0.000      32
       1635 13.62500000000   76.78590   301.43878               -54.931      0.000      32
       1636 13.63333333333   76.76699   302.74317             19181.699      0.000      32
       1637 13.64166666667   76.74248   304.04281               -55.012      0.000      32
       1638 13.65000000000   76.71243   305.33674               -55.030      0.000      32
       1639 13.65833333333   76.67688   306.62401               -55.046      0.000      32
       1640 13.66666666667   76.63590   307.90375               -55.068      0.000      32
       1641 13.67500000000   76.58955   309.17508               -55.126      0.000      32
       1642 13.68333333333   76.53789   310.43719               -55.159      0.000      32
       1643 13.69166666667   76.48101   311.68929               -55.209      0.000      32
       1644 13.70000000000   76.41898   312.93067               -55.217      0.000      32
       1645 13.70833333333   76.35189   314.16062               -55.193      0.000      32
       1646 13.71666666667   76.27983   315.37852               -55.258      0.000      32
       1647 13.72500000000   76.20289   316.58378               -55.239      0.000      32
       1648 13.73333333333   76.12116   317.77586               -55.306      0.000      32
       1649 13.74166666667   76.03474   318.95428               -55.325      0.000      32
       1650 13.75000000000   75.94373   320.11860               -55.353      0.000      32
       1651 13.75833333333   75.84823   321.26842               -55.384      0.000      32
       1652 13.76666666667   75.74835   322.40342               -55.393      0.000      32
       1653 13.77500000000   75.64419   323.52329               -55.416      0.000      32
       1654 13.78333333333   75.53586   324.62780               -55.477      0.000      32
       1655 13.79166666667   75.42346   325.71675               -55.466      0.000      32
       1656 13.80000000000   75.30711   326.78996               -55.528      0.000      32
       1657 13.80833333333   75.18689   327.84732               -55.532      0.000      32
       1658 13.81666666667   75.06293   328.88875               -55.526      0.000      32
       1659 13.82500000000   74.93532   329.91420               -55.538      0.000      32
       1660 13.83333333333   74.80416   330.92366            -15017.470      0.000      32
       1661 13.84166666667   74.66957   331.91714               -55.608      0.000      32
       1662 13.85000000000   74.53165   332.89470               -55.680      0.000      32
       1663 13.85833333333   74.39048   333.85640               -55.709      0.000      32
       1664 13.86666666667   74.24618   334.80235               -55.713      0.000      32
       1665 13.87500000000   74.09883   335.73267               -55.759      0.000      32
       1666 13.88333333333   73.94853   336.64750               -55.800      0.000      32
       1667 13.89166666667   73.79538   337.54699               -55.801      0.000      32
       1668 13.90000000000   73.63947   338.43132               -55.817      0.000      32
       1669 13.90833333333   73.48087   339.30069               -55.891      0.000      32
       1670 13.91666666667   73.31969   340.15530               -55.885      0.000      32
       1671 13.92500000000   73.15600   340.99535               -55.921      0.000      32
       1672 13.93333333333   72.98989   341.82109               -55.972      0.000      32
       1673 13.94166666667   72.82143   342.63273               -56.005      0.000      32
       1674 13.95000000000   72.65070   343.43052               -56.020      0.000      32
       1675 13.95833333333   72.47779   344.21470               -56.028      0.000      32
       1676 13.96666666667   72.30275   344.98553               -56.052      0.000      32
       1677 13.97500000000   72.12567   345.74325               -56.062      0.000      32
       1678 13.98333333333   71.94660   346.48813               -56.101      0.000      32
       1679 13.99166666667   71.76563   347.22042               -56.126      0.000      32
       1680 14.00000000000   71.58280   347.94037               -56.166      0.000      32
       1681 14.00833333333   71.42687   348.62348               -56.193      0.000      32
       1682 14.01666666667   71.24129   349.32190               -56.222      0.000      32
       1683 14.02500000000   71.05422   350.00857               -56.229      0.000      32
       1684 14.03333333333   70.86572   350.68378             19180.378      0.000      32
       1685 14.04166666667   70.67584   351.34779               -56.292      0.000      32
       1686 14.05000000000   70.48465   352.00089               -56.343      0.000      32
       1687 14.05833333333   70.29219   352.64332               -56.362      0.000      32
       1688 14.06666666667   70.09852   353.27535               -56.388      0.000      32
       1689 14.07500000000   69.90368   353.89724               -56.388      0.000      32
       1690 14.08333333333   69.70772   354.50923               -56.431      0.000      32
       1691 14.09166666667   69.51070   355.11158               -56.458      0.000      32
       1692 14.10000000000   69.31264   355.70452               -56.457      0.000      32
       1693 14.10833333333   69.11360   356.28829               -56.484      0.000      32
       1694 14.11666666667   68.91362   356.86313               -56.495      0.000      32
       1695 14.12500000000   68.71273   357.42926               -56.542      0.000      32
       1696 14.13333333333   68.51097   357.98690               -56.550      0.000      32
       1697 14.14166666667   68.30838   358.53628               -56.546      0.000      32
       1698 14.15000000000   68.10500   359.07759               -56.577      0.000      32
       1699 14.15833333333   67.90085   359.61106               -56.615      0.000      32
       1700 14.16666666667   67.69597     0.13687               -56.594      0.000      32
       1701 14.17500000000   67.49040     0.65523               -56.637      0.000      32
       1702 14.18333333333   67.28415     1.16633               -56.630      0.000      32
       1703 14.19166666667   67.07727     1.67036               -56.635      0.000      32
       1704 14.20000000000   66.86977     2.16749               -56.663      0.000      32
       1705 14.20833333333   66.66169     2.65791               -56.673      0.000      32
       1706 14.21666666667   66.45304     3.14179               -56.700      0.000      32
       1707 14.22500000000   66.24386     3.61929               -56.696      0.000      32
       1708 14.23333333333   66.03417     4.09058               -56.725      0.000      32
       1709 14.24166666667   65.82399     4.55583               -56.750      0.000      32
       1710 14.25000000000   65.61334     5.01517               -56.770      0.000      32
       1711 14.25833333333   65.40225     5.46878               -56.801      0.000      32
       1712 14.26666666667   65.19073     5.91678               -56.785      0.000      32
       1713 14.27500000000   64.97880     6.35933               -56.807      0.000      32
       1714 14.28333333333   64.76649     6.79656               -56.851      0.000      32
       1715 14.29166666667   64.55380     7.22861               -56.890      0.000      32
       1716 14.30000000000   64.34077     7.65561               -56.901      0.000      32
       1717 14.30833333333   64.12739     8.07768               -56.896      0.000      32
       1718 14.31666666667   63.91370     8.49496               -56.940      0.000      32
       1719 14.32500000000   63.69970     8.90756               -56.964      0.000      32
       1720 14.33333333333   63.48541     9.31560               -56.935      0.000      32
       1721 14.34166666667   63.27085     9.71919               -56.983      0.000      32
       1722 14.35000000000   63.05602    10.11844               -56.999      0.000      32
       1723 14.35833333333   62.84094    10.51347               -57.020      0.000      32
       1724 14.36666666667   62.62563    10.90437               -57.040      0.000      32
       1725 14.37500000000   62.41009    11.29125               -57.044      0.000      32
       1726 14.38333333333   62.19433    11.67420               -57.026      0.000      32
       1727 14.39166666667   61.97838    12.05333               -57.066      0.000      32
       1728 14.40000000000   61.76223    12.42873               -57.075      0.000      32
       1729 14.40833333333   61.54590    12.80048            -15018.943      0.000      32
       1730 14.41666666667   61.32940    13.16869               -57.106      0.000      32
       1731 14.42500000000   61.11274    13.53342               -57.125      0.000      32
       1732 14.43333333333   60.89592    13.89477               -57.128      0.000      32
       1733 14.44166666667   60.67896    14.25282               -57.208      0.000      32
       1734 14.45000000000   60.46186    14.60765               -57.191      0.000      32
       1735 14.45833333333   60.24463    14.95933               -57.185      0.000      32
       1736 14.46666666667   60.02729    15.30793               -57.201      0.000      32
       1737 14.47500000000   59.80983    15.65355               -57.209      0.000      32
       1738 14.48333333333   59.59226    15.99623               -57.226      0.000      32
       1739 14.49166666667   59.37459    16.33606               -57.200      0.000      32
       1740 14.50000000000   59.15683    16.67309               -57.237      0.000      32
       1741 14.50833333333   58.96423    16.98357               -57.269      0.000      32
       1742 14.51666666667   58.74693    17.31628               -57.265      0.000      32
       1743 14.52500000000   58.52972    17.64621               -57.300      0.000      32
       1744 14.53333333333   58.31261    17.97345               -57.305      0.000      32
       1745 14.54166666667   58.09559    18.29805               -57.282      0.000      32
       1746 14.55000000000   57.87869    18.62008               -57.283      0.000      32
       1747 14.55833333333   57.66189    18.93960               -57.318      0.000      32
       1748 14.56666666667   57.44522    19.25668               -57.335      0.000      32
       1749 14.57500000000   57.22866    19.57137               -57.319      0.000      32
       1750 14.58333333333   57.01224    19.88373               -57.338      0.000      32
       1751 14.59166666667   56.79595    20.19381               -57.327      0.000      32
       1752 14.60000000000   56.57980    20.50168               -57.331      0.000      32
       1753 14.60833333333   56.36379    20.80738               -57.330      0.000      32
       1754 14.61666666667   56.14792    21.11096               -57.356      0.000      32
       1755 14.62500000000   55.93221    21.41248               -57.374      0.000      32
       1756 14.63333333333   55.71665    21.71198               -57.384      0.000      32
       1757 14.64166666667   55.50125    22.00952               -57.375      0.000      32
       1758 14.65000000000   55.28601    22.30513               -57.381      0.000      32
       1759 14.65833333333   55.07093    22.59887               -57.401      0.000      32
       1760 14.66666666667   54.85602    22.89078               -57.405      0.000      32
       1761 14.67500000000   54.64128    23.18090               -57.374      0.000      32
       1762 14.68333333333   54.42671    23.46928               -57.383      0.000      32
       1763 14.69166666667   54.21232    23.75594               -57.416      0.000      32
       1764 14.70000000000   53.99810    24.04095               -57.383      0.000      32
       1765 14.70833333333   53.78406    24.32432               -57.392      0.000      32
       1766 14.71666666667   53.57020    24.60611               -57.386      0.000      32
       1767 14.72500000000   53.35653    24.88635               -57.404      0.000      32
       1768 14.73333333333   53.14304    25.16507               -57.427      0.000      32
       1769 14.74166666667   52.92974    25.44231               -57.400      0.000      32
       1770 14.75000000000   52.71662    25.71810               -57.405      0.000      32
       1771 14.75833333333   52.50370    25.99249               -57.413      0.000      32
       1772 14.76666666667   52.29097    26.26549               -57.433      0.000      32
       1773 14.77500000000   52.07842    26.53714               -57.408      0.000      32
       1774 14.78333333333   51.86607    26.80748               -57.432      0.000      32
       1775 14.79166666667   51.65392    27.07653               -57.405      0.000      32
       1776 14.80000000000   51.44196    27.34432               -57.445      0.000      32
       1777 14.80833333333   51.23019    27.61089               -57.465      0.000      32
       1778 14.81666666667   51.01862    27.87625               -57.414      0.000      32
       1779 14.82500000000   50.80725    28.14045               -57.439      0.000      32
       1780 14.83333333333   50.59608    28.40349               -57.433      0.000      32
       1781 14.84166666667   50.38510    28.66542               -57.465      0.000      32
       1782 14.85000000000   50.17432    28.92626               -57.444      0.000      32
       1783 14.85833333333   49.96374    29.18602               -57.446      0.000      32
       1784 14.86666666667   49.75337    29.44475               -57.426      0.000      32
       1785 14.87500000000   49.54319    29.70245               -57.461      0.000      32
       1786 14.88333333333   49.33320    29.95915               -57.448      0.000      32
       1787 14.89166666667   49.12342    30.21489               -57.409      0.000      32
       1788 14.90000000000   48.91384    30.46967               -57.416      0.000      32
       1789 14.90833333333   48.70446    30.72352            -15019.288      0.000      32
       1790 14.91666666667   48.49528    30.97646               -57.437      0.000      32
       1791 14.92500000000   48.28630    31.22851               -57.380      0.000      32
       1792 14.93333333333   48.07752    31.47970               -57.381      0.000      32
       1793 14.94166666667   47.86893    31.73003               -57.411      0.000      32
       1794 14.95000000000   47.66055    31.97954               -57.457      0.000      32
       1795 14.95833333333   47.45236    32.22824               -57.412      0.000      32
       1796 14.96666666667   47.24438    32.47615               -57.375      0.000      32
       1797 14.97500000000   47.03659    32.72329               -57.381      0.000      32
       1798 14.98333333333   46.82900    32.96967               -57.361      0.000      32
       1799 14.99166666667   46.62161    33.21531               -57.392      0.000      32
       1800 15.00000000000   46.41441    33.46023               -57.351      0.000      32
       1801 15.00833333333   46.22416    33.67660               -57.326      0.000      32
       1802 15.01666666667   46.01795    33.92064               -57.324      0.000      32
       1803 15.02500000000   45.81205    34.16381               -57.333      0.000      32
       1804 15.03333333333   45.60644    34.40615               -57.346      0.000      32
       1805 15.04166666667   45.40114    34.64767               -57.331      0.000      32
       1806 15.05000000000   45.19614    34.88839               -57.326      0.000      32
       1807 15.05833333333   44.99145    35.12832               -57.318      0.000      32
       1808 15.06666666667   44.78705    35.36750               -57.323      0.000      32
       1809 15.07500000000   44.58296    35.60593               -57.361      0.000      32
       1810 15.08333333333   44.37917    35.84363               -57.389      0.000      32
       1811 15.09166666667   44.17568    36.08062               -57.330      0.000      32
       1812 15.10000000000   43.97249    36.31692               -57.286      0.000      32
       1813 15.10833333333   43.76959    36.55254               -57.304      0.000      32
       1814 15.11666666667   43.56700    36.78751               -57.350      0.000      32
       1815 15.12500000000   43.36470    37.02182               -57.382      0.000      32
       1816 15.13333333333   43.16271    37.25551               -57.332      0.000      32
       1817 15.14166666667   42.96100    37.48859               -57.306      0.000      32
       1818 15.15000000000   42.75960    37.72107               -57.290      0.000      32
       1819 15.15833333333   42.55849    37.95296               -57.338      0.000      32
       1820 15.16666666667   42.35767    38.18429               -57.354      0.000      32
       1821 15.17500000000   42.15715    38.41506               -57.344      0.000      32
       1822 15.18333333333   41.95692    38.64529               -57.296      0.000      32
       1823 15.19166666667   41.75698    38.87499               -57.310      0.000      32
       1824 15.20000000000   41.55733    39.10418               -57.303      0.000      32
       1825 15.20833333333   41.35797    39.33287               -57.263      0.000      32
       1826 15.21666666667   41.15891    39.56106               -57.294      0.000      32
       1827 15.22500000000   40.96013    39.78878               -57.231      0.000      32
       1828 15.23333333333   40.76163    40.01604               -57.259      0.000      32
       1829 15.24166666667   40.56343    40.24285               -57.217      0.000      32
       1830 15.25000000000   40.36551    40.46921               -57.218      0.000      32
       1831 15.25833333333   40.16787    40.69515               -57.188      0.000      32
       1832 15.26666666667   39.97052    40.92067               -57.181      0.000      32
       1833 15.27500000000   39.77345    41.14578               -57.169      0.000      32
       1834 15.28333333333   39.57666    41.37050               -57.188      0.000      32
       1835 15.29166666667   39.38015    41.59483               -57.163      0.000      32
       1836 15.30000000000   39.18393    41.81879            -15019.002      0.000      32
       1837 15.30833333333   38.98798    42.04238               -57.144      0.000      32
       1838 15.31666666667   38.79231    42.26562               -57.070      0.000      32
       1839 15.32500000000   38.59691    42.48852               -57.112      0.000      32
       1840 15.33333333333   38.40180    42.71108               -57.158      0.000      32
       1841 15.34166666667   38.20695    42.93332               -57.124      0.000      32
       1842 15.35000000000   38.01239    43.15524               -57.123      0.000      32
       1843 15.35833333333   37.81809    43.37685               -57.141      0.000      32
       1844 15.36666666667   37.62407    43.59816               -57.082      0.000      32
       1845 15.37500000000   37.43032    43.81919               -57.056      0.000      32
       1846 15.38333333333   37.23684    44.03994               -57.051      0.000      32
       1847 15.39166666667   37.04363    44.26041               -57.045      0.000      32
       1848 15.40000000000   36.85069    44.48062               -57.043      0.000      32
       1849 15.40833333333   36.65802    44.70057               -57.007      0.000      32
       1850 15.41666666667   36.46561    44.92028               -57.010      0.000      32
       1851 15.42500000000   36.27347    45.13974               -56.967      0.000      32
       1852 15.43333333333   36.08160    45.35898               -56.926      0.000      32
       1853 15.44166666667   35.88999    45.57798               -56.913      0.000      32
       1854 15.45000000000   35.69865    45.79677               -56.850      0.000      32
       1855 15.45833333333   35.50757    46.01535               -56.893      0.000      32
       1856 15.46666666667   35.31675    46.23373               -56.910      0.000      32
       1857 15.47500000000   35.12619    46.45190               -56.902      0.000      32
       1858 15.48333333333   34.93590    46.66989               -56.842      0.000      32
       1859 15.49166666667   34.74587    46.88770               -56.779      0.000      32
       1860 15.50000000000   34.55609    47.10532               -56.755      0.000      32
       1861 15.50833333333   34.37014    47.29338               -56.769      0.000      32
       1862 15.51666666667   34.18138    47.51087               -56.738      0.000      32
       1863 15.52500000000   33.99289    47.72802               -56.745      0.000      32
       1864 15.53333333333   33.80468    47.94483               -56.738      0.000      32
       1865 15.54166666667   33.61675    48.16130               -56.690      0.000      32
       1866 15.55000000000   33.42909    48.37744               -56.629      0.000      32
       1867 15.55833333333   33.24170    48.59327               -56.585      0.000      32
       1868 15.56666666667   33.05459    48.80879               -56.582      0.000      32
       1869 15.57500000000   32.86775    49.02401               -56.579      0.000      32
       1870 15.58333333333   32.68118    49.23894               -56.513      0.000      32
       1871 15.59166666667   32.49488    49.45359               -56.496      0.000      32
       1872 15.60000000000   32.30885    49.66796               -56.487      0.000      32
       1873 15.60833333333   32.12310    49.88207             19180.236      0.000      32
       1874 15.61666666667   31.93761    50.09591            -15018.325      0.000      32
       1875 15.62500000000   31.75239    50.30951               -56.425      0.000      32
       1876 15.63333333333   31.56744    50.52286               -56.388      0.000      32
       1877 15.64166666667   31.38275    50.73597               -56.406      0.000      32
       1878 15.65000000000   31.19833    50.94886               -56.321      0.000      32
       1879 15.65833333333   31.01418    51.16152               -56.327      0.000      32
       1880 15.66666666667   30.83030    51.37397               -56.307      0.000      32
       1881 15.67500000000   30.64667    51.58620               -56.273      0.000      32
       1882 15.68333333333   30.46332    51.79824               -56.209      0.000      32
       1883 15.69166666667   30.28022    52.01008               -56.224      0.000      32
       1884 15.70000000000   30.09739    52.22173               -56.143      0.000      32
       1885 15.70833333333   29.91482    52.43321               -56.147      0.000      32
       1886 15.71666666667   29.73252    52.64450               -56.111      0.000      32
       1887 15.72500000000   29.55047    52.85563               -56.075      0.000      32
       1888 15.73333333333   29.36869    53.06659               -56.024      0.000      32
       1889 15.74166666667   29.18717    53.27739               -55.918      0.000      32
       1890 15.75000000000   29.00590    53.48805               -55.877      0.000      32
       1891 15.75833333333   28.82490    53.69855               -55.825      0.000      32
       1892 15.76666666667   28.64416    53.90892               -55.790      0.000      32
       1893 15.77500000000   28.46367    54.11916               -55.724      0.000      32
       1894 15.78333333333   28.28345    54.32926               -55.699      0.000      32
       1895 15.79166666667   28.10348    54.53924               -55.694      0.000      32
       1896 15.80000000000   27.92378    54.74911               -55.647      0.000      32
       1897 15.80833333333   27.74433    54.95886               -55.586      0.000      32
       1898 15.81666666667   27.56514    55.16850               -55.514      0.000      32
       1899 15.82500000000   27.38620    55.37805               -55.471      0.000      32
       1900 15.83333333333   27.20753    55.58749               -55.360      0.000      32
       1901 15.84166666667   27.02911    55.79684               -55.351      0.000      32
       1902 15.85000000000   26.85094    56.00611               -55.273      0.000      32
       1903 15.85833333333   26.67304    56.21529               -55.263      0.000      32
       1904 15.86666666667   26.49539    56.42439               -55.163      0.000      32
       1905 15.87500000000   26.31800    56.63342               -55.188      0.000      32
       1906 15.88333333333   26.14087    56.84238               -55.123      0.000      32
       1907 15.89166666667   25.96399    57.05128               -55.058      0.000      32
       1908 15.90000000000   25.78737    57.26011               -55.043      0.000      32
       1909 15.90833333333   25.61101    57.46889               -54.863      0.000      32
       1910 15.91666666667   25.43490    57.67762               -54.859      0.000      32
       1911 15.92500000000   25.25905    57.88630               -54.860      0.000      32
       1912 15.93333333333   25.08346    58.09493               -54.786      0.000      32
       1913 15.94166666667   24.90813    58.30353               -54.725      0.000      32
       1914 15.95000000000   24.73305    58.51209               -54.705      0.000      32
       1915 15.95833333333   24.55823    58.72062               -54.697      0.000      32
       1916 15.96666666667   24.38367    58.92912               -54.672      0.000      32
       1917 15.97500000000   24.20937    59.13759               -54.727      0.000      32
       1918 15.98333333333   24.03533    59.34604               -54.666      0.000      32
       1919 15.99166666667   23.86155    59.55448               -54.645      0.000      32
       1920 16.00000000000   23.68802    59.76290               -54.586      0.000      32
       1921 16.00833333333   23.50381    59.94195               -54.456      0.000      32
       1922 16.01666666667   23.33112    60.15038               -54.445      0.000      32
       1923 16.02500000000   23.15861    60.35861               -54.420      0.000      32
       1924 16.03333333333   22.98629    60.56664               -54.467      0.000      32
       1925 16.04166666667   22.81414    60.77450               -54.455      0.000      32
       1926 16.05000000000   22.64218    60.98217               -54.459      0.000      32
       1927 16.05833333333   22.47041    61.18967               -54.456      0.000      32
       1928 16.06666666667   22.29882    61.39700               -54.372      0.000      32
       1929 16.07500000000   22.12741    61.60416               -54.370      0.000      32
       1930 16.08333333333   21.95618    61.81117               -54.313      0.000      32
       1931 16.09166666667   21.78515    62.01801               -54.320      0.000      32
       1932 16.10000000000   21.61429    62.22471               -54.285      0.000      32
       1933 16.10833333333   21.44363    62.43127               -54.269      0.000      32
       1934 16.11666666667   21.27314    62.63768               -54.182      0.000      32
       1935 16.12500000000   21.10285    62.84396               -54.188      0.000      32
       1936 16.13333333333   20.93274    63.05010               -54.138      0.000      32
       1937 16.14166666667   20.76282    63.25612               -54.101      0.000      32
       1938 16.15000000000   20.59309    63.46202               -54.003      0.000      32
       1939 16.15833333333   20.42355    63.66780               -53.888      0.000      32
       1940 16.16666666667   20.25420    63.87347               -53.845      0.000      32
       1941 16.17500000000   20.08503    64.07902               -53.715      0.000      32
       1942 16.18333333333   19.91606    64.28447               -53.626      0.000      32
       1943 16.19166666667   19.74728    64.48983               -53.558      0.000      32
       1944 16.20000000000   19.57869    64.69508               -53.524      0.000      32
       1945 16.20833333333   19.41029    64.90024               -53.642      0.000      32
       1946 16.21666666667   19.24208    65.10532               -53.628      0.000      32
       1947 16.22500000000   19.07407    65.31030               -53.788      0.000      32
       1948 16.23333333333   18.90626    65.51521               -53.857      0.000      32
       1949 16.24166666667   18.73864    65.72004               -53.860      0.000      32
       1950 16.25000000000   18.57121    65.92480               -53.883      0.000      32
       1951 16.25833333333   18.40398    66.12949               -53.901      0.000      32
       1952 16.26666666667   18.23695    66.33411               -53.827      0.000      32
       1953 16.27500000000   18.07012    66.53868               -53.803      0.000      32
       1954 16.28333333333   17.90348    66.74318               -53.703      0.000      32
       1955 16.29166666667   17.73705    66.94763               -53.611      0.000      32
       1956 16.30000000000   17.57082    67.15202               -51.556      0.000      32
       1957 16.30833333333   17.40479    67.35637            -15013.399      0.000      32
       1958 16.31666666667   17.23896    67.56067              -169.970      0.000      32
       1959 16.32500000000   17.07334    67.76494              -169.863      0.000      32
       1960 16.33333333333   16.90792    67.96916              -169.798      0.000      32
       1961 16.34166666667   16.74271    68.17335              -169.667      0.000      32
       1962 16.35000000000   16.57770    68.37751              -169.592      0.000      32
       1963 16.35833333333   16.41290    68.58164              -169.628      0.000      32
       1964 16.36666666667   16.24831    68.78574              -169.645      0.000      32
       1965 16.37500000000   16.08394    68.98982              -169.588      0.000      32
       1966 16.38333333333   15.91977    69.19389              -169.543      0.000      32
       1967 16.39166666667   15.75581    69.39793              -169.540      0.000      32
       1968 16.40000000000   15.59207    69.60196              -169.505      0.000      32
       1969 16.40833333333   15.42855    69.80599              -169.618      0.000      32
       1970 16.41666666667   15.26524    70.01000              -169.481      0.000      32
       1971 16.42500000000   15.10214    70.21401              -169.373      0.000      32
       1972 16.43333333333   14.93927    70.41801              -169.493      0.000      32
       1973 16.44166666667   14.77661    70.62202              -169.229      0.000      32
       1974 16.45000000000   14.61418    70.82603              -169.099      0.000      32
       1975 16.45833333333   14.45197    71.03005              -169.005      0.000      32
       1976 16.46666666667   14.28998    71.23407              -168.613      0.000      32
       1977 16.47500000000   14.12822    71.43811              -168.769      0.000      32
       1978 16.48333333333   13.96668    71.64215              -168.553      0.000      32
       1979 16.49166666667   13.80538    71.84622              -168.513      0.000      32
       1980 16.50000000000   13.64430    72.05030              -168.396      0.000      32
       1981 16.50833333333   13.46054    72.22567              -168.291      0.000      32
       1982 16.51666666667   13.30000    72.42969              -168.218      0.000      32
       1983 16.52500000000   13.13954    72.63356              -168.104      0.000      32
       1984 16.53333333333   12.97916    72.83726              -168.045      0.000      32
       1985 16.54166666667   12.81886    73.04081              -167.915      0.000      32
       1986 16.55000000000   12.65865    73.24421              -167.887      0.000      32
       1987 16.55833333333   12.49851    73.44746              -167.717      0.000      32
       1988 16.56666666667   12.33846    73.65057              -167.634      0.000      32
       1989 16.57500000000   12.17849    73.85353              -167.533      0.000      32
       1990 16.58333333333   12.01861    74.05636              -167.444      0.000      32
       1991 16.59166666667   11.85882    74.25905              -167.315      0.000      32
       1992 16.60000000000   11.69912    74.46161              -167.279      0.000      32
       1993 16.60833333333   11.53952    74.66404              -167.163      0.000      32
       1994 16.61666666667   11.38000    74.86635              -167.067      0.000      32
       1995 16.62500000000   11.22059    75.06854              -166.931      0.000      32
       1996 16.63333333333   11.06127    75.27061              -166.918      0.000      32
       1997 16.64166666667   10.90204    75.47256              -166.818      0.000      32
       1998 16.65000000000   10.74292    75.67441              -166.747      0.000      32
       1999 16.65833333333   10.58390    75.87614              -166.643      0.000      32
       2000 16.66666666667   10.42499    76.07777              -166.641      0.000      32
       2001 16.67500000000   10.26618    76.27930              -166.484      0.000      32
       2002 16.68333333333   10.10747    76.48073              -166.387      0.000      32
       2003 16.69166666667    9.94888    76.68206              -166.312      0.000      32
       2004 16.70000000000    9.79039    76.88330              -166.347      0.000      32
       2005 16.70833333333    9.63202    77.08445              -166.243      0.000      32
       2006 16.71666666667    9.47377    77.28551              -166.118      0.000      32
       2007 16.72500000000    9.31562    77.48649              -166.103      0.000      32
       2008 16.73333333333    9.15760    77.68739              -165.965      0.000      32
       2009 16.74166666667    8.99970    77.88820              -165.908      0.000      32
       2010 16.75000000000    8.84191    78.08895              -165.911      0.000      32
       2011 16.75833333333    8.68425    78.28961              -165.755      0.000      32
       2012 16.76666666667    8.52672    78.49021              -165.692      0.000      32
       2013 16.77500000000    8.36931    78.69074              -165.641      0.000      32
       2014 16.78333333333    8.21203    78.89121              -165.576      0.000      32
       2015 16.79166666667    8.05488    79.09161              -165.541      0.000      32
       2016 16.80000000000    7.89787    79.29196              -165.410      0.000      32
       2017 16.80833333333    7.74098    79.49225              -165.331      0.000      32
       2018 16.81666666667    7.58424    79.69248              -165.346      0.000      32
       2019 16.82500000000    7.42763    79.89266              -165.172      0.000      32
       2020 16.83333333333    7.27116    80.09279              -165.081      0.000      32
       2021 16.84166666667    7.11483    80.29288              -164.953      0.000      32
       2022 16.85000000000    6.95865    80.49292              -159.346      0.000      32
       2023 16.85833333333    6.80261    80.69292              -159.233      0.000      32
       2024 16.86666666667    6.64672    80.89288               -93.627      0.000      32
       2025 16.87500000000    6.49098    81.09281               -93.740      0.000      32
       2026 16.88333333333    6.33539    81.29270               -93.740      0.000      32
       2027 16.89166666667    6.17996    81.49255               -93.740      0.000      32
       2028 16.90000000000    6.02468    81.69238               -93.740      0.000      32
       2029 16.90833333333    5.86956    81.89218               -93.740      0.000      32
       2030 16.91666666667    5.71460    82.09196               -93.740      0.000      32
       2031 16.92500000000    5.55979    82.29171               -93.740      0.000      32
       2032 16.93333333333    5.40516    82.49144               -93.740      0.000      32
       2033 16.94166666667    5.25068    82.69116               -93.740      0.000      32
       2034 16.95000000000    5.09638    82.89085               -93.740      0.000      32
       2035 16.95833333333    4.94225    83.09054               -93.740      0.000      32
       2036 16.96666666667    4.78828    83.29021               -93.740      0.000      32
       2037 16.97500000000    4.63449    83.48987               -93.740      0.000      32
       2038 16.98333333333    4.48088    83.68953               -93.740      0.000      32
       2039 16.99166666667    4.32744    83.88918               -93.740      0.000      32
       2040 17.00000000000    4.17419    84.08882               -93.740      0.000      32
