# Created on 2022-09-14 14:18:03 
# Sources: obs\AAV40321.22O, nav\AAV40321.22G
# Satellite: R17 (k = 4.0)
# Interval: 30.0
# Sampling interval: 0.0 (not used).
# Site: AAV4
# Position (L, B, H): 74.61783822493432, 43.02329917686259, 585.248198849149
# Position (X, Y, Z): 1238908.5437, 4503304.8915, 4329793.7299
# datetime format: %Y-%m-%dT%H:%M:%S
# Columns: tsn, hour, el, az, tec.l1l2, tec.p1p2, validity
# (I11,1X,F14.11,1X,F10.5,1X,F11.5,1X,F21.3,1X,F10.3,1X,I7)
       1025  8.54166666667    6.01665   158.96195               -48.067      0.000      32
       1026  8.55000000000    6.25016   158.88510               -48.239      0.000      32
       1027  8.55833333333    6.48406   158.80833              -126.785      0.000      32
       1028  8.56666666667    6.71836   158.73162              -148.596      0.000      32
       1029  8.57500000000    6.95304   158.65498              -148.559      0.000      32
       1030  8.58333333333    7.18812   158.57841              -148.581      0.000      32
       1031  8.59166666667    7.42360   158.50189              -148.518      0.000      32
       1032  8.60000000000    7.65947   158.42544              -148.425      0.000      32
       1033  8.60833333333    7.89573   158.34905              -148.647      0.000      32
       1034  8.61666666667    8.13239   158.27271              -149.005      0.000      32
       1035  8.62500000000    8.36945   158.19642              -149.930      0.000      32
       1036  8.63333333333    8.60691   158.12018              -150.636      0.000      32
       1037  8.64166666667    8.84477   158.04400             11954.603      0.000      32
       1038  8.65000000000    9.08303   157.96786              -508.255      0.000      32
       1039  8.65833333333    9.32169   157.89176              -508.980      0.000      32
       1040  8.66666666667    9.56075   157.81571              -509.829      0.000      32
       1041  8.67500000000    9.80021   157.73969              -510.343      0.000      32
       1042  8.68333333333   10.04008   157.66371              -510.806      0.000      32
       1043  8.69166666667   10.28035   157.58777              -511.112      0.000      32
       1044  8.70000000000   10.52102   157.51186              -511.318      0.000      32
       1045  8.70833333333   10.76210   157.43599              -511.318      0.000      32
       1046  8.71666666667   11.00359   157.36014              -511.318      0.000      32
       1047  8.72500000000   11.24548   157.28431              -511.318      0.000      32
       1048  8.73333333333   11.48778   157.20851              -596.588      0.000      32
       1049  8.74166666667   11.73048   157.13274              -595.529      0.000      32
       1050  8.75000000000   11.97360   157.05698              -595.409      0.000      32
       1051  8.75833333333   12.21712   156.98124              -595.398      0.000      32
       1052  8.76666666667   12.46105   156.90551              -595.374      0.000      32
       1053  8.77500000000   12.70539   156.82979              -597.489      0.000      32
       1054  8.78333333333   12.95014   156.75409              -597.405      0.000      32
       1055  8.79166666667   13.19529   156.67839              -597.745      0.000      32
       1056  8.80000000000   13.44086   156.60270              -597.968      0.000      32
       1057  8.80833333333   13.68684   156.52701              -598.219      0.000      32
       1058  8.81666666667   13.93323   156.45132              -598.561      0.000      32
       1059  8.82500000000   14.18004   156.37563              -598.859      0.000      32
       1060  8.83333333333   14.42725   156.29993              -599.106      0.000      32
       1061  8.84166666667   14.67488   156.22423              -599.741      0.000      32
       1062  8.85000000000   14.92291   156.14852              -600.033      0.000      32
       1063  8.85833333333   15.17136   156.07280              -600.448      0.000      32
       1064  8.86666666667   15.42022   155.99706              -600.830      0.000      32
       1065  8.87500000000   15.66950   155.92130              -601.325      0.000      32
       1066  8.88333333333   15.91919   155.84553              -601.843      0.000      32
       1067  8.89166666667   16.16929   155.76973              -602.334      0.000      32
       1068  8.90000000000   16.41980   155.69391              -602.655      0.000      32
       1069  8.90833333333   16.67072   155.61807              -603.023      0.000      32
       1070  8.91666666667   16.92206   155.54219              -603.330      0.000      32
       1071  8.92500000000   17.17381   155.46628              -603.517      0.000      32
       1072  8.93333333333   17.42598   155.39034              -603.523      0.000      32
       1073  8.94166666667   17.67855   155.31436              -603.830      0.000      32
       1074  8.95000000000   17.93154   155.23834              -603.954      0.000      32
       1075  8.95833333333   18.18494   155.16227              -604.123      0.000      32
       1076  8.96666666667   18.43876   155.08617              -604.263      0.000      32
       1077  8.97500000000   18.69298   155.01001              -604.422      0.000      32
       1078  8.98333333333   18.94762   154.93380              -604.360      0.000      32
       1079  8.99166666667   19.20267   154.85754              -604.402      0.000      32
       1080  9.00000000000   19.45813   154.78123              -604.481      0.000      32
       1081  9.00833333333   19.69703   154.66132              -604.459      0.000      32
       1082  9.01666666667   19.95301   154.58449              -604.595      0.000      32
       1083  9.02500000000   20.20930   154.50731              -604.488      0.000      32
       1084  9.03333333333   20.46588   154.42975              -604.478      0.000      32
       1085  9.04166666667   20.72276   154.35183              -604.407      0.000      32
       1086  9.05000000000   20.97994   154.27352              -604.414      0.000      32
       1087  9.05833333333   21.23742   154.19484              -604.383      0.000      32
       1088  9.06666666667   21.49519   154.11577              -604.542      0.000      32
       1089  9.07500000000   21.75326   154.03630              -604.666      0.000      32
       1090  9.08333333333   22.01163   153.95643              -604.876      0.000      32
       1091  9.09166666667   22.27029   153.87616              -604.929      0.000      32
       1092  9.10000000000   22.52924   153.79548              -605.297      0.000      32
       1093  9.10833333333   22.78848   153.71438              -605.558      0.000      32
       1094  9.11666666667   23.04801   153.63285              -605.887      0.000      32
       1095  9.12500000000   23.30784   153.55090              -606.278      0.000      32
       1096  9.13333333333   23.56795   153.46851              -606.580      0.000      32
       1097  9.14166666667   23.82834   153.38568              -606.887      0.000      32
       1098  9.15000000000   24.08903   153.30239              -607.219      0.000      32
       1099  9.15833333333   24.35000   153.21866              -607.559      0.000      32
       1100  9.16666666667   24.61125   153.13446              -607.833      0.000      32
       1101  9.17500000000   24.87278   153.04979              -608.071      0.000      32
       1102  9.18333333333   25.13459   152.96465              -608.155      0.000      32
       1103  9.19166666667   25.39669   152.87902              -608.377      0.000      32
       1104  9.20000000000   25.65906   152.79290              -608.601      0.000      32
       1105  9.20833333333   25.92170   152.70629              -608.617      0.000      32
       1106  9.21666666667   26.18462   152.61917              -608.706      0.000      32
       1107  9.22500000000   26.44782   152.53154              -608.903      0.000      32
       1108  9.23333333333   26.71128   152.44339              -608.900      0.000      32
       1109  9.24166666667   26.97502   152.35471              -608.845      0.000      32
       1110  9.25000000000   27.23902   152.26550              -608.876      0.000      32
       1111  9.25833333333   27.50329   152.17575              -608.909      0.000      32
       1112  9.26666666667   27.76782   152.08544              -608.954      0.000      32
       1113  9.27500000000   28.03261   151.99457              -609.056      0.000      32
       1114  9.28333333333   28.29767   151.90314              -609.220      0.000      32
       1115  9.29166666667   28.56298   151.81112              -609.289      0.000      32
       1116  9.30000000000   28.82855   151.71853              -609.542      0.000      32
       1117  9.30833333333   29.09438   151.62533              -609.857      0.000      32
       1118  9.31666666667   29.36045   151.53154              -610.028      0.000      32
       1119  9.32500000000   29.62678   151.43713              -610.250      0.000      32
       1120  9.33333333333   29.89336   151.34210              -610.528      0.000      32
       1121  9.34166666667   30.16018   151.24644              -610.749      0.000      32
       1122  9.35000000000   30.42724   151.15014              -610.944      0.000      32
       1123  9.35833333333   30.69455   151.05319              -611.102      0.000      32
       1124  9.36666666667   30.96209   150.95558              -611.230      0.000      32
       1125  9.37500000000   31.22987   150.85730              -611.327      0.000      32
       1126  9.38333333333   31.49789   150.75833              -611.426      0.000      32
       1127  9.39166666667   31.76613   150.65868              -611.510      0.000      32
       1128  9.40000000000   32.03461   150.55832              -611.512      0.000      32
       1129  9.40833333333   32.30331   150.45725              -611.553      0.000      32
       1130  9.41666666667   32.57224   150.35545              -611.570      0.000      32
       1131  9.42500000000   32.84138   150.25292              -611.585      0.000      32
       1132  9.43333333333   33.11075   150.14964              -611.621      0.000      32
       1133  9.44166666667   33.38032   150.04560              -611.667      0.000      32
       1134  9.45000000000   33.65012   149.94079              -611.771      0.000      32
       1135  9.45833333333   33.92012   149.83519              -611.955      0.000      32
       1136  9.46666666667   34.19033   149.72880              -612.135      0.000      32
       1137  9.47500000000   34.46074   149.62160              -612.263      0.000      32
       1138  9.48333333333   34.73135   149.51358              -612.471      0.000      32
       1139  9.49166666667   35.00216   149.40472              -612.671      0.000      32
       1140  9.50000000000   35.27316   149.29502              -612.952      0.000      32
       1141  9.50833333333   35.52710   149.12981              -613.177      0.000      32
       1142  9.51666666667   35.79813   149.01753              -613.402      0.000      32
       1143  9.52500000000   36.06922   148.90399             18629.867      0.000      32
       1144  9.53333333333   36.34039   148.78917              -613.763      0.000      32
       1145  9.54166666667   36.61161   148.67304              -613.873      0.000      32
       1146  9.55000000000   36.88288   148.55559              -614.064      0.000      32
       1147  9.55833333333   37.15420   148.43680              -614.241      0.000      32
       1148  9.56666666667   37.42556   148.31665              -614.392      0.000      32
       1149  9.57500000000   37.69695   148.19511              -614.601      0.000      32
       1150  9.58333333333   37.96837   148.07217              -614.790      0.000      32
       1151  9.59166666667   38.23982   147.94780              -614.978      0.000      32
       1152  9.60000000000   38.51128   147.82198              -615.179      0.000      32
       1153  9.60833333333   38.78274   147.69470              -615.375      0.000      32
       1154  9.61666666667   39.05422   147.56592              -615.494      0.000      32
       1155  9.62500000000   39.32568   147.43562              -615.640      0.000      32
       1156  9.63333333333   39.59714   147.30379              -615.767      0.000      32
       1157  9.64166666667   39.86858   147.17039              -615.908      0.000      32
       1158  9.65000000000   40.13999   147.03540              -615.983      0.000      32
       1159  9.65833333333   40.41138   146.89880              -616.063      0.000      32
       1160  9.66666666667   40.68272   146.76055              -616.188      0.000      32
       1161  9.67500000000   40.95402   146.62065              -616.170      0.000      32
       1162  9.68333333333   41.22526   146.47904              -616.288      0.000      32
       1163  9.69166666667   41.49644   146.33572              -616.317      0.000      32
       1164  9.70000000000   41.76755   146.19065              -616.368      0.000      32
       1165  9.70833333333   42.03858   146.04381              -616.411      0.000      32
       1166  9.71666666667   42.30953   145.89515              -616.525      0.000      32
       1167  9.72500000000   42.58038   145.74467              -616.672      0.000      32
       1168  9.73333333333   42.85113   145.59232              -616.770      0.000      32
       1169  9.74166666667   43.12177   145.43807              -616.977      0.000      32
       1170  9.75000000000   43.39229   145.28189              -617.080      0.000      32
       1171  9.75833333333   43.66269   145.12376              -617.221      0.000      32
       1172  9.76666666667   43.93294   144.96363             18626.088      0.000      32
       1173  9.77500000000   44.20305   144.80147              -617.489      0.000      32
       1174  9.78333333333   44.47300   144.63726              -617.574      0.000      32
       1175  9.79166666667   44.74278   144.47095              -617.744      0.000      32
       1176  9.80000000000   45.01239   144.30251              -617.784      0.000      32
       1177  9.80833333333   45.28182   144.13190              -617.854      0.000      32
       1178  9.81666666667   45.55105   143.95909              -617.908      0.000      32
       1179  9.82500000000   45.82007   143.78404              -618.018      0.000      32
       1180  9.83333333333   46.08888   143.60670              -618.108      0.000      32
       1181  9.84166666667   46.35746   143.42705              -618.252      0.000      32
       1182  9.85000000000   46.62580   143.24504              -618.393      0.000      32
       1183  9.85833333333   46.89389   143.06062              -618.572      0.000      32
       1184  9.86666666667   47.16173   142.87376              -618.817      0.000      32
       1185  9.87500000000   47.42929   142.68441              -618.925      0.000      32
       1186  9.88333333333   47.69657   142.49253              -619.186      0.000      32
       1187  9.89166666667   47.96355   142.29808              -619.371      0.000      32
       1188  9.90000000000   48.23022   142.10101              -619.559      0.000      32
       1189  9.90833333333   48.49658   141.90127              -619.721      0.000      32
       1190  9.91666666667   48.76260   141.69881              -619.849      0.000      32
       1191  9.92500000000   49.02827   141.49359              -620.007      0.000      32
       1192  9.93333333333   49.29359   141.28556              -620.127      0.000      32
       1193  9.94166666667   49.55853   141.07466              -620.227      0.000      32
       1194  9.95000000000   49.82309   140.86085              -620.402      0.000      32
       1195  9.95833333333   50.08725   140.64407              -620.478      0.000      32
       1196  9.96666666667   50.35099   140.42426              -620.624      0.000      32
       1197  9.97500000000   50.61430   140.20138              -620.751      0.000      32
       1198  9.98333333333   50.87716   139.97536              -620.862      0.000      32
       1199  9.99166666667   51.13957   139.74616              -620.990      0.000      32
       1200 10.00000000000   51.40150   139.51370              -621.113      0.000      32
       1201 10.00833333333   51.63806   139.21822              -621.210      0.000      32
       1202 10.01666666667   51.89843   138.97783              -621.336      0.000      32
       1203 10.02500000000   52.15810   138.73360              -621.445      0.000      32
       1204 10.03333333333   52.41706   138.48546              -621.529      0.000      32
       1205 10.04166666667   52.67527   138.23335              -621.602      0.000      32
       1206 10.05000000000   52.93271   137.97720              -621.640      0.000      32
       1207 10.05833333333   53.18937   137.71693              -621.755      0.000      32
       1208 10.06666666667   53.44521   137.45248              -621.780      0.000      32
       1209 10.07500000000   53.70022   137.18378             18621.575      0.000      32
       1210 10.08333333333   53.95437   136.91074              -621.905      0.000      32
       1211 10.09166666667   54.20763   136.63330              -621.989      0.000      32
       1212 10.10000000000   54.45998   136.35138              -622.071      0.000      32
       1213 10.10833333333   54.71139   136.06490              -622.140      0.000      32
       1214 10.11666666667   54.96184   135.77379              -622.229      0.000      32
       1215 10.12500000000   55.21130   135.47795              -622.307      0.000      32
       1216 10.13333333333   55.45973   135.17733              -622.427      0.000      32
       1217 10.14166666667   55.70712   134.87182              -622.468      0.000      32
       1218 10.15000000000   55.95343   134.56136              -622.627      0.000      32
       1219 10.15833333333   56.19863   134.24585              -622.704      0.000      32
       1220 10.16666666667   56.44269   133.92521              -622.761      0.000      32
       1221 10.17500000000   56.68559   133.59936             18620.565      0.000      32
       1222 10.18333333333   56.92729   133.26820              -622.901      0.000      32
       1223 10.19166666667   57.16775   132.93166              -622.946      0.000      32
       1224 10.20000000000   57.40695   132.58965              -622.982      0.000      32
       1225 10.20833333333   57.64484   132.24207              -623.014      0.000      32
       1226 10.21666666667   57.88141   131.88883              -623.032      0.000      32
       1227 10.22500000000   58.11660   131.52985              -623.090      0.000      32
       1228 10.23333333333   58.35040   131.16503              -623.120      0.000      32
       1229 10.24166666667   58.58275   130.79428              -623.155      0.000      32
       1230 10.25000000000   58.81362   130.41752              -623.169      0.000      32
       1231 10.25833333333   59.04297   130.03464              -623.280      0.000      32
       1232 10.26666666667   59.27077   129.64555              -623.393      0.000      32
       1233 10.27500000000   59.49698   129.25017              -623.467      0.000      32
       1234 10.28333333333   59.72155   128.84840              -623.555      0.000      32
       1235 10.29166666667   59.94444   128.44015              -623.674      0.000      32
       1236 10.30000000000   60.16562   128.02532              -623.805      0.000      32
       1237 10.30833333333   60.38503   127.60382              -623.888      0.000      32
       1238 10.31666666667   60.60264   127.17557              -624.011      0.000      32
       1239 10.32500000000   60.81840   126.74047              -624.131      0.000      32
       1240 10.33333333333   61.03226   126.29843              -624.252      0.000      32
       1241 10.34166666667   61.24418   125.84936              -624.353      0.000      32
       1242 10.35000000000   61.45411   125.39318              -624.444      0.000      32
       1243 10.35833333333   61.66201   124.92980              -624.522      0.000      32
       1244 10.36666666667   61.86782   124.45913              -624.615      0.000      32
       1245 10.37500000000   62.07150   123.98110              -624.676      0.000      32
       1246 10.38333333333   62.27299   123.49563              -624.723      0.000      32
       1247 10.39166666667   62.47225   123.00263              -624.778      0.000      32
       1248 10.40000000000   62.66922   122.50203              -624.862      0.000      32
       1249 10.40833333333   62.86384   121.99376              -624.909      0.000      32
       1250 10.41666666667   63.05607   121.47776              -624.949      0.000      32
       1251 10.42500000000   63.24586   120.95395              -624.962      0.000      32
       1252 10.43333333333   63.43314   120.42228              -625.048      0.000      32
       1253 10.44166666667   63.61785   119.88269              -625.073      0.000      32
       1254 10.45000000000   63.79996   119.33513              -625.113      0.000      32
       1255 10.45833333333   63.97938   118.77955              -625.158      0.000      32
       1256 10.46666666667   64.15608   118.21591              -625.216      0.000      32
       1257 10.47500000000   64.32999   117.64419              -625.259      0.000      32
       1258 10.48333333333   64.50104   117.06433              -625.320      0.000      32
       1259 10.49166666667   64.66919   116.47634              -625.411      0.000      32
       1260 10.50000000000   64.83437   115.88018              -625.453      0.000      32
       1261 10.50833333333   64.96156   115.25122              -625.526      0.000      32
       1262 10.51666666667   65.11979   114.63850              -625.598      0.000      32
       1263 10.52500000000   65.27463   114.01753              -625.671      0.000      32
       1264 10.53333333333   65.42602   113.38834              -625.737      0.000      32
       1265 10.54166666667   65.57388   112.75098              -625.776      0.000      32
       1266 10.55000000000   65.71817   112.10551              -625.839      0.000      32
       1267 10.55833333333   65.85880   111.45201              -625.874      0.000      32
       1268 10.56666666667   65.99573   110.79055              -625.929      0.000      32
       1269 10.57500000000   66.12888   110.12123              -625.980      0.000      32
       1270 10.58333333333   66.25819   109.44416              -626.034      0.000      32
       1271 10.59166666667   66.38360   108.75946              -626.077      0.000      32
       1272 10.60000000000   66.50506   108.06725              -626.136      0.000      32
       1273 10.60833333333   66.62249   107.36768              -626.169      0.000      32
       1274 10.61666666667   66.73585   106.66091              -626.280      0.000      32
       1275 10.62500000000   66.84507   105.94712              -626.346      0.000      32
       1276 10.63333333333   66.95010   105.22647             18617.004      0.000      32
       1277 10.64166666667   67.05088   104.49918              -626.477      0.000      32
       1278 10.65000000000   67.14735   103.76545              -626.521      0.000      32
       1279 10.65833333333   67.23948   103.02551              -626.601      0.000      32
       1280 10.66666666667   67.32720   102.27959              -626.639      0.000      32
       1281 10.67500000000   67.41046   101.52794              -626.730      0.000      32
       1282 10.68333333333   67.48923   100.77083              -626.744      0.000      32
       1283 10.69166666667   67.56346   100.00854              -626.811      0.000      32
       1284 10.70000000000   67.63311    99.24134              -626.841      0.000      32
       1285 10.70833333333   67.69813    98.46954              -626.886      0.000      32
       1286 10.71666666667   67.75850    97.69345              -626.888      0.000      32
       1287 10.72500000000   67.81417    96.91339              -626.918      0.000      32
       1288 10.73333333333   67.86512    96.12969              -626.962      0.000      32
       1289 10.74166666667   67.91132    95.34269              -626.991      0.000      32
       1290 10.75000000000   67.95275    94.55273              -627.060      0.000      32
       1291 10.75833333333   67.98938    93.76018              -627.074      0.000      32
       1292 10.76666666667   68.02119    92.96539              -627.144      0.000      32
       1293 10.77500000000   68.04817    92.16874              -627.234      0.000      32
       1294 10.78333333333   68.07030    91.37059              -627.255      0.000      32
       1295 10.79166666667   68.08758    90.57133              -627.315      0.000      32
       1296 10.80000000000   68.10000    89.77133              -627.367      0.000      32
       1297 10.80833333333   68.10756    88.97097              -627.408      0.000      32
       1298 10.81666666667   68.11026    88.17065              -627.475      0.000      32
       1299 10.82500000000   68.10811    87.37074              -627.531      0.000      32
       1300 10.83333333333   68.10110    86.57163              -627.615      0.000      32
       1301 10.84166666667   68.08925    85.77369              -627.654      0.000      32
       1302 10.85000000000   68.07258    84.97730              -627.731      0.000      32
       1303 10.85833333333   68.05111    84.18284              -627.779      0.000      32
       1304 10.86666666667   68.02485    83.39068              -627.826      0.000      32
       1305 10.87500000000   67.99382    82.60117              -627.850      0.000      32
       1306 10.88333333333   67.95806    81.81467              -627.871      0.000      32
       1307 10.89166666667   67.91760    81.03153              -627.912      0.000      32
       1308 10.90000000000   67.87246    80.25209              -627.938      0.000      32
       1309 10.90833333333   67.82268    79.47668              -627.956      0.000      32
       1310 10.91666666667   67.76830    78.70562              -627.996      0.000      32
       1311 10.92500000000   67.70937    77.93922              -628.015      0.000      32
       1312 10.93333333333   67.64592    77.17778              -628.005      0.000      32
       1313 10.94166666667   67.57799    76.42157              -628.019      0.000      32
       1314 10.95000000000   67.50565    75.67089              -628.030      0.000      32
       1315 10.95833333333   67.42893    74.92599              -628.032      0.000      32
       1316 10.96666666667   67.34788    74.18712              -628.044      0.000      32
       1317 10.97500000000   67.26257    73.45452              -628.035      0.000      32
       1318 10.98333333333   67.17304    72.72841              -628.076      0.000      32
       1319 10.99166666667   67.07936    72.00901              -628.120      0.000      32
       1320 11.00000000000   66.98158    71.29650             18615.257      0.000      32
       1321 11.00833333333   66.86452    70.65585              -628.182      0.000      32
       1322 11.01666666667   66.75835    69.95879              -628.207      0.000      32
       1323 11.02500000000   66.64817    69.26958              -628.212      0.000      32
       1324 11.03333333333   66.53405    68.58838              -628.225      0.000      32
       1325 11.04166666667   66.41607    67.91532              -628.222      0.000      32
       1326 11.05000000000   66.29429    67.25052              -628.227      0.000      32
       1327 11.05833333333   66.16879    66.59410              -628.225      0.000      32
       1328 11.06666666667   66.03964    65.94614              -628.234      0.000      32
       1329 11.07500000000   65.90690    65.30674              -628.258      0.000      32
       1330 11.08333333333   65.77065    64.67595              -628.246      0.000      32
       1331 11.09166666667   65.63096    64.05384              -628.260      0.000      32
       1332 11.10000000000   65.48791    63.44046              -628.267      0.000      32
       1333 11.10833333333   65.34155    62.83584              -628.254      0.000      32
       1334 11.11666666667   65.19197    62.24000              -628.272      0.000      32
       1335 11.12500000000   65.03923    61.65296              -628.321      0.000      32
       1336 11.13333333333   64.88340    61.07472              -628.334      0.000      32
       1337 11.14166666667   64.72456    60.50528              -628.365      0.000      32
       1338 11.15000000000   64.56276    59.94462              -628.369      0.000      32
       1339 11.15833333333   64.39809    59.39274              -628.384      0.000      32
       1340 11.16666666667   64.23060    58.84958              -628.415      0.000      32
       1341 11.17500000000   64.06036    58.31513              -628.425      0.000      32
       1342 11.18333333333   63.88744    57.78933              -628.443      0.000      32
       1343 11.19166666667   63.71190    57.27214              -628.495      0.000      32
       1344 11.20000000000   63.53381    56.76350              -628.438      0.000      32
       1345 11.20833333333   63.35323    56.26336              -628.469      0.000      32
       1346 11.21666666667   63.17022    55.77164              -628.483      0.000      32
       1347 11.22500000000   62.98484    55.28827              -628.490      0.000      32
       1348 11.23333333333   62.79715    54.81318              -628.493      0.000      32
       1349 11.24166666667   62.60721    54.34630              -628.549      0.000      32
       1350 11.25000000000   62.41507    53.88754              -628.526      0.000      32
       1351 11.25833333333   62.22080    53.43681              -628.530      0.000      32
       1352 11.26666666667   62.02445    52.99403              -628.513      0.000      32
       1353 11.27500000000   61.82607    52.55910              -628.557      0.000      32
       1354 11.28333333333   61.62572    52.13194              -628.531      0.000      32
       1355 11.29166666667   61.42344    51.71245              -628.541      0.000      32
       1356 11.30000000000   61.21929    51.30053              -628.535      0.000      32
       1357 11.30833333333   61.01333    50.89608              -628.531      0.000      32
       1358 11.31666666667   60.80558    50.49901              -628.533      0.000      32
       1359 11.32500000000   60.59612    50.10922              -628.580      0.000      32
       1360 11.33333333333   60.38497    49.72660              -628.558      0.000      32
       1361 11.34166666667   60.17219    49.35105              -628.609      0.000      32
       1362 11.35000000000   59.95783    48.98247              -628.613      0.000      32
       1363 11.35833333333   59.74191    48.62077             18614.740      0.000      32
       1364 11.36666666667   59.52450    48.26583              -628.684      0.000      32
       1365 11.37500000000   59.30562    47.91755              -628.674      0.000      32
       1366 11.38333333333   59.08531    47.57584              -628.706      0.000      32
       1367 11.39166666667   58.86363    47.24059              -628.732      0.000      32
       1368 11.40000000000   58.64060    46.91170              -628.787      0.000      32
       1369 11.40833333333   58.41626    46.58907             18614.637      0.000      32
       1370 11.41666666667   58.19065    46.27260              -628.797      0.000      32
       1371 11.42500000000   57.96381    45.96219              -628.828      0.000      32
       1372 11.43333333333   57.73576    45.65775              -628.864      0.000      32
       1373 11.44166666667   57.50655    45.35916              -628.895      0.000      32
       1374 11.45000000000   57.27620    45.06635              -628.898      0.000      32
       1375 11.45833333333   57.04475    44.77920              -628.894      0.000      32
       1376 11.46666666667   56.81222    44.49764              -628.900      0.000      32
       1377 11.47500000000   56.57865    44.22155              -628.906      0.000      32
       1378 11.48333333333   56.34407    43.95086              -628.868      0.000      32
       1379 11.49166666667   56.10850    43.68548              -628.837      0.000      32
       1380 11.50000000000   55.87198    43.42530              -628.869      0.000      32
       1381 11.50833333333   55.64955    43.21182             18614.552      0.000      32
       1382 11.51666666667   55.41111    42.96258             18614.566      0.000      32
       1383 11.52500000000   55.17191    42.71856              -628.868      0.000      32
       1384 11.53333333333   54.93196    42.47966              -628.873      0.000      32
       1385 11.54166666667   54.69130    42.24579              -628.823      0.000      32
       1386 11.55000000000   54.44995    42.01686              -628.910      0.000      32
       1387 11.55833333333   54.20793    41.79279              -628.907      0.000      32
       1388 11.56666666667   53.96528    41.57349              -628.918      0.000      32
       1389 11.57500000000   53.72202    41.35888              -628.943      0.000      32
       1390 11.58333333333   53.47816    41.14887              -628.969      0.000      32
       1391 11.59166666667   53.23373    40.94339              -629.040      0.000      32
       1392 11.60000000000   52.98875    40.74235              -629.065      0.000      32
       1393 11.60833333333   52.74324    40.54568              -629.022      0.000      32
       1394 11.61666666667   52.49723    40.35330              -629.036      0.000      32
       1395 11.62500000000   52.25073    40.16513              -629.088      0.000      32
       1396 11.63333333333   52.00377    39.98111              -629.098      0.000      32
       1397 11.64166666667   51.75635    39.80116              -629.122      0.000      32
       1398 11.65000000000   51.50850    39.62520              -629.076      0.000      32
       1399 11.65833333333   51.26024    39.45318              -629.125      0.000      32
       1400 11.66666666667   51.01158    39.28502              -629.080      0.000      32
       1401 11.67500000000   50.76255    39.12065              -629.056      0.000      32
       1402 11.68333333333   50.51314    38.96001              -629.063      0.000      32
       1403 11.69166666667   50.26339    38.80304              -629.011      0.000      32
       1404 11.70000000000   50.01331    38.64967              -629.016      0.000      32
       1405 11.70833333333   49.76291    38.49984              -629.060      0.000      32
       1406 11.71666666667   49.51220    38.35349              -629.033      0.000      32
       1407 11.72500000000   49.26120    38.21056              -629.045      0.000      32
       1408 11.73333333333   49.00993    38.07100              -628.965      0.000      32
       1409 11.74166666667   48.75839    37.93474              -629.018      0.000      32
       1410 11.75000000000   48.50659    37.80174              -629.060      0.000      32
       1411 11.75833333333   48.25456    37.67193              -629.068      0.000      32
       1412 11.76666666667   48.00230    37.54526              -628.984      0.000      32
       1413 11.77500000000   47.74982    37.42169              -628.993      0.000      32
       1414 11.78333333333   47.49714    37.30115              -629.021      0.000      32
       1415 11.79166666667   47.24426    37.18361              -629.008      0.000      32
       1416 11.80000000000   46.99120    37.06900              -628.980      0.000      32
       1417 11.80833333333   46.73797    36.95729              -628.967      0.000      32
       1418 11.81666666667   46.48456    36.84843              -628.943      0.000      32
       1419 11.82500000000   46.23101    36.74236              -628.950      0.000      32
       1420 11.83333333333   45.97731    36.63905              -628.935      0.000      32
       1421 11.84166666667   45.72347    36.53845              -628.938      0.000      32
       1422 11.85000000000   45.46950    36.44051              -628.891      0.000      32
       1423 11.85833333333   45.21541    36.34521              -628.897      0.000      32
       1424 11.86666666667   44.96121    36.25248              -628.863      0.000      32
       1425 11.87500000000   44.70691    36.16230              -628.859      0.000      32
       1426 11.88333333333   44.45251    36.07462              -628.882      0.000      32
       1427 11.89166666667   44.19802    35.98940              -628.821      0.000      32
       1428 11.90000000000   43.94345    35.90661              -628.695      0.000      32
       1429 11.90833333333   43.68881    35.82621              -628.679      0.000      32
       1430 11.91666666667   43.43409    35.74816              -628.679      0.000      32
       1431 11.92500000000   43.17932    35.67243              -628.686      0.000      32
       1432 11.93333333333   42.92449    35.59898              -628.574      0.000      32
       1433 11.94166666667   42.66961    35.52777              -628.531      0.000      32
       1434 11.95000000000   42.41468    35.45878              -628.442      0.000      32
       1435 11.95833333333   42.15972    35.39197              -628.455      0.000      32
       1436 11.96666666667   41.90473    35.32731             18614.971      0.000      32
       1437 11.97500000000   41.64971    35.26476              -628.405      0.000      32
       1438 11.98333333333   41.39467    35.20430              -628.346      0.000      32
       1439 11.99166666667   41.13961    35.14589              -628.322      0.000      32
       1440 12.00000000000   40.88454    35.08951              -628.276      0.000      32
       1441 12.00833333333   40.65425    35.04514              -628.255      0.000      32
       1442 12.01666666667   40.39933    34.99341              -628.252      0.000      32
       1443 12.02500000000   40.14458    34.94368              -628.247      0.000      32
       1444 12.03333333333   39.89001    34.89592              -628.203      0.000      32
       1445 12.04166666667   39.63561    34.85010              -628.133      0.000      32
       1446 12.05000000000   39.38139    34.80619              -628.143      0.000      32
       1447 12.05833333333   39.12736    34.76417              -628.115      0.000      32
       1448 12.06666666667   38.87352    34.72401              -628.102      0.000      32
       1449 12.07500000000   38.61986    34.68568              -628.108      0.000      32
       1450 12.08333333333   38.36640    34.64917              -628.046      0.000      32
       1451 12.09166666667   38.11314    34.61443              -628.008      0.000      32
       1452 12.10000000000   37.86008    34.58146              -628.013      0.000      32
       1453 12.10833333333   37.60722    34.55023              -628.021      0.000      32
       1454 12.11666666667   37.35457    34.52071              -627.985      0.000      32
       1455 12.12500000000   37.10212    34.49289              -627.954      0.000      32
       1456 12.13333333333   36.84988    34.46673              -627.905      0.000      32
       1457 12.14166666667   36.59786    34.44222              -627.896      0.000      32
       1458 12.15000000000   36.34604    34.41935              -627.874      0.000      32
       1459 12.15833333333   36.09445    34.39807              -627.846      0.000      32
       1460 12.16666666667   35.84307    34.37839              -627.806      0.000      32
       1461 12.17500000000   35.59191    34.36027              -627.802      0.000      32
       1462 12.18333333333   35.34097    34.34370              -627.789      0.000      32
       1463 12.19166666667   35.09025    34.32866              -627.750      0.000      32
       1464 12.20000000000   34.83976    34.31513              -627.693      0.000      32
       1465 12.20833333333   34.58949    34.30309              -627.697      0.000      32
       1466 12.21666666667   34.33945    34.29253              -627.638      0.000      32
       1467 12.22500000000   34.08964    34.28342              -627.670      0.000      32
       1468 12.23333333333   33.84006    34.27575              -627.630      0.000      32
       1469 12.24166666667   33.59070    34.26950              -627.629      0.000      32
       1470 12.25000000000   33.34158    34.26467              -627.640      0.000      32
       1471 12.25833333333   33.09269    34.26122              -627.587      0.000      32
       1472 12.26666666667   32.84404    34.25914              -627.587      0.000      32
       1473 12.27500000000   32.59562    34.25843              -627.531      0.000      32
       1474 12.28333333333   32.34743    34.25906              -627.577      0.000      32
       1475 12.29166666667   32.09949    34.26102              -627.567      0.000      32
       1476 12.30000000000   31.85177    34.26429              -627.547      0.000      32
       1477 12.30833333333   31.60430    34.26887              -627.531      0.000      32
       1478 12.31666666667   31.35706    34.27473              -627.502      0.000      32
       1479 12.32500000000   31.11007    34.28186              -627.499      0.000      32
       1480 12.33333333333   30.86331    34.29026              -627.512      0.000      32
       1481 12.34166666667   30.61679    34.29990              -627.531      0.000      32
       1482 12.35000000000   30.37052    34.31077              -627.490      0.000      32
       1483 12.35833333333   30.12448    34.32287              -627.471      0.000      32
       1484 12.36666666667   29.87869    34.33617              -627.408      0.000      32
       1485 12.37500000000   29.63313    34.35067             18616.056      0.000      32
       1486 12.38333333333   29.38782    34.36636              -627.345      0.000      32
       1487 12.39166666667   29.14276    34.38322             18616.079      0.000      32
       1488 12.40000000000   28.89793    34.40124              -627.327      0.000      32
       1489 12.40833333333   28.65335    34.42041              -627.260      0.000      32
       1490 12.41666666667   28.40901    34.44072              -627.247      0.000      32
       1491 12.42500000000   28.16492    34.46216              -627.239      0.000      32
       1492 12.43333333333   27.92107    34.48472              -627.171      0.000      32
       1493 12.44166666667   27.67746    34.50839              -627.140      0.000      32
       1494 12.45000000000   27.43410    34.53315              -627.096      0.000      32
       1495 12.45833333333   27.19099    34.55901             18616.281      0.000      32
       1496 12.46666666667   26.94812    34.58594              -627.094      0.000      32
       1497 12.47500000000   26.70550    34.61394              -627.080      0.000      32
       1498 12.48333333333   26.46312    34.64300              -627.052      0.000      32
       1499 12.49166666667   26.22098    34.67311              -627.038      0.000      32
       1500 12.50000000000   25.97910    34.70426              -627.004      0.000      32
       1501 12.50833333333   25.75791    34.72818              -627.062      0.000      32
       1502 12.51666666667   25.51681    34.76187              -627.087      0.000      32
       1503 12.52500000000   25.27610    34.79651              -627.071      0.000      32
       1504 12.53333333333   25.03576    34.83210              -627.077      0.000      32
       1505 12.54166666667   24.79580    34.86864              -627.059      0.000      32
       1506 12.55000000000   24.55622    34.90610              -627.102      0.000      32
       1507 12.55833333333   24.31702    34.94449             18616.333      0.000      32
       1508 12.56666666667   24.07819    34.98380              -627.136      0.000      32
       1509 12.57500000000   23.83973    35.02402              -627.133      0.000      32
       1510 12.58333333333   23.60165    35.06514              -627.174      0.000      32
       1511 12.59166666667   23.36393    35.10717              -627.148      0.000      32
       1512 12.60000000000   23.12659    35.15008              -627.142      0.000      32
       1513 12.60833333333   22.88961    35.19389              -627.183      0.000      32
       1514 12.61666666667   22.65300    35.23857              -627.153      0.000      32
       1515 12.62500000000   22.41676    35.28413              -627.131      0.000      32
       1516 12.63333333333   22.18087    35.33056              -627.195      0.000      32
       1517 12.64166666667   21.94536    35.37785              -627.270      0.000      32
       1518 12.65000000000   21.71020    35.42599              -627.178      0.000      32
       1519 12.65833333333   21.47541    35.47499              -627.176      0.000      32
       1520 12.66666666667   21.24097    35.52484              -627.224      0.000      32
       1521 12.67500000000   21.00690    35.57553              -627.191      0.000      32
       1522 12.68333333333   20.77318    35.62705              -627.189      0.000      32
       1523 12.69166666667   20.53982    35.67941              -627.198      0.000      32
       1524 12.70000000000   20.30681    35.73259              -627.222      0.000      32
       1525 12.70833333333   20.07415    35.78659              -627.269      0.000      32
       1526 12.71666666667   19.84185    35.84142              -627.260      0.000      32
       1527 12.72500000000   19.60990    35.89705              -627.219      0.000      32
       1528 12.73333333333   19.37830    35.95349              -627.286      0.000      32
       1529 12.74166666667   19.14705    36.01074              -627.339      0.000      32
       1530 12.75000000000   18.91615    36.06878              -627.400      0.000      32
       1531 12.75833333333   18.68560    36.12762              -627.441      0.000      32
       1532 12.76666666667   18.45540    36.18726              -627.440      0.000      32
       1533 12.77500000000   18.22553    36.24768              -627.440      0.000      32
       1534 12.78333333333   17.99602    36.30888              -627.444      0.000      32
       1535 12.79166666667   17.76685    36.37086              -627.368      0.000      32
       1536 12.80000000000   17.53802    36.43362              -627.332      0.000      32
       1537 12.80833333333   17.30953    36.49715              -627.335      0.000      32
       1538 12.81666666667   17.08139    36.56144              -627.389      0.000      32
       1539 12.82500000000   16.85358    36.62651              -627.347      0.000      32
       1540 12.83333333333   16.62612    36.69233              -627.321      0.000      32
       1541 12.84166666667   16.39899    36.75892              -627.402      0.000      32
       1542 12.85000000000   16.17220    36.82625              -627.386      0.000      32
       1543 12.85833333333   15.94575    36.89434              -627.430      0.000      32
       1544 12.86666666667   15.71964    36.96318              -627.477      0.000      32
       1545 12.87500000000   15.49386    37.03276              -627.536      0.000      32
       1546 12.88333333333   15.26842    37.10309              -627.554      0.000      32
       1547 12.89166666667   15.04332    37.17416              -627.520      0.000      32
       1548 12.90000000000   14.81854    37.24596              -627.472      0.000      32
       1549 12.90833333333   14.59411    37.31849              -627.351      0.000      32
       1550 12.91666666667   14.37000    37.39176              -627.385      0.000      32
       1551 12.92500000000   14.14623    37.46576              -627.414      0.000      32
       1552 12.93333333333   13.92280    37.54048              -627.364      0.000      32
       1553 12.94166666667   13.69969    37.61593              -627.302      0.000      32
       1554 12.95000000000   13.47692    37.69209              -627.328      0.000      32
       1555 12.95833333333   13.25448    37.76898              -627.377      0.000      32
       1556 12.96666666667   13.03237    37.84658              -627.379      0.000      32
       1557 12.97500000000   12.81059    37.92489              -627.364      0.000      32
       1558 12.98333333333   12.58914    38.00392              -627.391      0.000      32
       1559 12.99166666667   12.36803    38.08365              -627.400      0.000      32
       1560 13.00000000000   12.14724    38.16409              -627.454      0.000      32
       1561 13.00833333333   11.93562    38.22624              -627.480      0.000      32
       1562 13.01666666667   11.71580    38.30835              -627.486      0.000      32
       1563 13.02500000000   11.49637    38.39104              -627.511      0.000      32
       1564 13.03333333333   11.27732    38.47430              -627.585      0.000      32
       1565 13.04166666667   11.05866    38.55813              -627.618      0.000      32
       1566 13.05000000000   10.84037    38.64254              -627.653      0.000      32
       1567 13.05833333333   10.62246    38.72751              -627.694      0.000      32
       1568 13.06666666667   10.40493    38.81305              -627.680      0.000      32
       1569 13.07500000000   10.18778    38.89916              -627.780      0.000      32
       1570 13.08333333333    9.97100    38.98583              -627.820      0.000      32
       1571 13.09166666667    9.75459    39.07308             18615.543      0.000      32
       1572 13.10000000000    9.53856    39.16089              -627.875      0.000      32
       1573 13.10833333333    9.32290    39.24926              -627.921      0.000      32
       1574 13.11666666667    9.10761    39.33821              -627.981      0.000      32
       1575 13.12500000000    8.89269    39.42772              -628.102      0.000      32
       1576 13.13333333333    8.67813    39.51779              -630.001      0.000      32
       1577 13.14166666667    8.46394    39.60844              -630.015      0.000      32
       1578 13.15000000000    8.25012    39.69964              -628.188      0.000      32
       1579 13.15833333333    8.03667    39.79142              -628.377      0.000      32
       1580 13.16666666667    7.82358    39.88375              -619.182      0.000      32
       1581 13.17500000000    7.61085    39.97666              -613.881      0.000      32
       1582 13.18333333333    7.39848    40.07012              -618.472      0.000      32
       1583 13.19166666667    7.18648    40.16416              -619.429      0.000      32
       1584 13.20000000000    6.97483    40.25875              -621.296      0.000      32
       1585 13.20833333333    6.76355    40.35392              -621.560      0.000      32
       1586 13.21666666667    6.55263    40.44964              -621.542      0.000      32
       1587 13.22500000000    6.34206    40.54593              -630.563      0.000      32
       1588 13.23333333333    6.13186    40.64279              -641.816      0.000      32
       1589 13.24166666667    5.92201    40.74021              -645.617      0.000      32
       1590 13.25000000000    5.71252    40.83820              -645.724      0.000      32
       1591 13.25833333333    5.50339    40.93675              -737.179      0.000      32
       1592 13.26666666667    5.29461    41.03586              8501.155      0.000      32
       1593 13.27500000000    5.08619    41.13555              8501.155      0.000      32
       1594 13.28333333333    4.87813    41.23579              8501.155      0.000      32
       1595 13.29166666667    4.67042    41.33661              5618.895      0.000      32
       1596 13.30000000000    4.46306    41.43799              2853.733      0.000      32
       1597 13.30833333333    4.25606    41.53993              2853.733      0.000      32
       1598 13.31666666667    4.04942    41.64244              2853.733      0.000      32
       1599 13.32500000000    3.84313    41.74552              2853.733      0.000      32
       1600 13.33333333333    3.63720    41.84917              2853.733      0.000      32
       1601 13.34166666667    3.43162    41.95338              2853.733      0.000      32
       1602 13.35000000000    3.22639    42.05817              2853.733      0.000      32
       1603 13.35833333333    3.02152    42.16352              2853.733      0.000      32
       1604 13.36666666667    2.81701    42.26943              2853.733      0.000      32
       1605 13.37500000000    2.61285    42.37592              2853.733      0.000      32
       1606 13.38333333333    2.40904    42.48298              2853.733      0.000      32
       1607 13.39166666667    2.20559    42.59061              2853.733      0.000      32
       1608 13.40000000000    2.00249    42.69881              2853.733      0.000      32
       1609 13.40833333333    1.79976    42.80757              2853.733      0.000      32
       1610 13.41666666667    1.59737    42.91691              2853.733      0.000      32
       1611 13.42500000000    1.39535    43.02682              2853.733      0.000      32
       1612 13.43333333333    1.19368    43.13731              2853.733      0.000      32
       1613 13.44166666667    0.99236    43.24836              2853.733      0.000      32
       1614 13.45000000000    0.79141    43.35999              2853.733      0.000      32
       1615 13.45833333333    0.59081    43.47220              2853.733      0.000      32
       1616 13.46666666667    0.39057    43.58498              2853.733      0.000      32
       1617 13.47500000000    0.19070    43.69833              2853.733      0.000      32
       2714 22.61666666667   47.54947   314.67031             -1254.305      0.000      32
       2715 22.62500000000   47.74918   314.39989             -1254.305      0.000      32
       2716 22.63333333333   47.94764   314.12578             -1254.305      0.000      32
       2717 22.64166666667   48.14483   313.84795             -1254.305      0.000      32
       2718 22.65000000000   48.34073   313.56638             -1254.305      0.000      32
       2719 22.65833333333   48.53530   313.28103             -1254.305      0.000      32
       2720 22.66666666667   48.72853   312.99187             -1254.305      0.000      32
       2721 22.67500000000   48.92038   312.69887             -1254.305      0.000      32
       2722 22.68333333333   49.11083   312.40200             -1254.305      0.000      32
       2723 22.69166666667   49.29985   312.10124             -1254.305      0.000      32
       2724 22.70000000000   49.48742   311.79655             -1254.305      0.000      32
       2725 22.70833333333   49.67351   311.48791             -1254.305      0.000      32
       2726 22.71666666667   49.85809   311.17529                 5.910      0.000      32
       2727 22.72500000000   50.04113   310.85866                -5.102      0.000      32
       2728 22.73333333333   50.22260   310.53801                -3.238      0.000      32
       2729 22.74166666667   50.40248   310.21330                -3.130      0.000      32
       2730 22.75000000000   50.58073   309.88452                -2.984      0.000      32
       2731 22.75833333333   50.75732   309.55164                -8.300      0.000      32
       2732 22.76666666667   50.93223   309.21464                -8.264      0.000      32
       2733 22.77500000000   51.10542   308.87350                -8.150      0.000      32
       2734 22.78333333333   51.27686   308.52820                -8.143      0.000      32
       2735 22.79166666667   51.44652   308.17873                -8.079      0.000      32
       2736 22.80000000000   51.61437   307.82506                -8.030      0.000      32
       2737 22.80833333333   51.78037   307.46719                -8.048      0.000      32
       2738 22.81666666667   51.94450   307.10510                -8.012      0.000      32
       2739 22.82500000000   52.10672   306.73879                -7.970      0.000      32
       2740 22.83333333333   52.26700   306.36823                -7.971      0.000      32
       2741 22.84166666667   52.42530   305.99342                -7.988      0.000      32
       2742 22.85000000000   52.58159   305.61436                -8.002      0.000      32
       2743 22.85833333333   52.73583   305.23105                -8.033      0.000      32
       2744 22.86666666667   52.88800   304.84347                -8.020      0.000      32
       2745 22.87500000000   53.03806   304.45163                -8.083      0.000      32
       2746 22.88333333333   53.18597   304.05554                -8.089      0.000      32
       2747 22.89166666667   53.33170   303.65519                -8.074      0.000      32
       2748 22.90000000000   53.47521   303.25059                -8.049      0.000      32
       2749 22.90833333333   53.61647   302.84175                -8.000      0.000      32
       2750 22.91666666667   53.75544   302.42868                -7.952      0.000      32
       2751 22.92500000000   53.89209   302.01140                -7.840      0.000      32
       2752 22.93333333333   54.02638   301.58991                -7.774      0.000      32
       2753 22.94166666667   54.15828   301.16425                -7.678      0.000      32
       2754 22.95000000000   54.28775   300.73443                -7.575      0.000      32
       2755 22.95833333333   54.41475   300.30047                -7.635      0.000      32
       2756 22.96666666667   54.53925   299.86241                -7.675      0.000      32
       2757 22.97500000000   54.66122   299.42027                -7.710      0.000      32
       2758 22.98333333333   54.78062   298.97408                -7.722      0.000      32
       2759 22.99166666667   54.89740   298.52389                -7.703      0.000      32
       2760 23.00000000000   55.01155   298.06972                -7.687      0.000      32
       2761 23.00833333333   55.13092   297.65654                -7.660      0.000      32
       2762 23.01666666667   55.23943   297.19481                -7.610      0.000      32
       2763 23.02500000000   55.34525   296.72955                -7.514      0.000      32
       2764 23.03333333333   55.44836   296.26081                -7.499      0.000      32
       2765 23.04166666667   55.54872   295.78863                -7.439      0.000      32
       2766 23.05000000000   55.64631   295.31307                -7.388      0.000      32
       2767 23.05833333333   55.74109   294.83419                -7.436      0.000      32
       2768 23.06666666667   55.83304   294.35205                -7.457      0.000      32
       2769 23.07500000000   55.92213   293.86671                -7.525      0.000      32
       2770 23.08333333333   56.00833   293.37824                -7.445      0.000      32
       2771 23.09166666667   56.09162   292.88670                -7.425      0.000      32
       2772 23.10000000000   56.17196   292.39217                -7.425      0.000      32
       2773 23.10833333333   56.24933   291.89473                -7.419      0.000      32
       2774 23.11666666667   56.32371   291.39444                -7.380      0.000      32
       2775 23.12500000000   56.39506   290.89139                -7.430      0.000      32
       2776 23.13333333333   56.46337   290.38567                -7.418      0.000      32
       2777 23.14166666667   56.52862   289.87736                -7.392      0.000      32
       2778 23.15000000000   56.59076   289.36655                -7.451      0.000      32
       2779 23.15833333333   56.64980   288.85333                -7.457      0.000      32
       2780 23.16666666667   56.70569   288.33779                -7.548      0.000      32
       2781 23.17500000000   56.75843   287.82004                -7.531      0.000      32
       2782 23.18333333333   56.80799   287.30016                -7.546      0.000      32
       2783 23.19166666667   56.85435   286.77827                -7.585      0.000      32
       2784 23.20000000000   56.89749   286.25447                -7.639      0.000      32
       2785 23.20833333333   56.93740   285.72885                -7.650      0.000      32
       2786 23.21666666667   56.97406   285.20154                -7.769      0.000      32
       2787 23.22500000000   57.00745   284.67263                -7.745      0.000      32
       2788 23.23333333333   57.03755   284.14225                -7.782      0.000      32
       2789 23.24166666667   57.06437   283.61051                -7.805      0.000      32
       2790 23.25000000000   57.08787   283.07751                -7.875      0.000      32
       2791 23.25833333333   57.10805   282.54339                -7.883      0.000      32
       2792 23.26666666667   57.12490   282.00825                -7.917      0.000      32
       2793 23.27500000000   57.13841   281.47221                -7.888      0.000      32
       2794 23.28333333333   57.14857   280.93540                -7.902      0.000      32
       2795 23.29166666667   57.15537   280.39794                -7.977      0.000      32
       2796 23.30000000000   57.15881   279.85995                -8.006      0.000      32
       2797 23.30833333333   57.15888   279.32156                -7.995      0.000      32
       2798 23.31666666667   57.15557   278.78287                -7.979      0.000      32
       2799 23.32500000000   57.14889   278.24403                -8.021      0.000      32
       2800 23.33333333333   57.13883   277.70515                -8.016      0.000      32
       2801 23.34166666667   57.12539   277.16636                -7.969      0.000      32
       2802 23.35000000000   57.10857   276.62778                -8.030      0.000      32
       2803 23.35833333333   57.08837   276.08954                -8.025      0.000      32
       2804 23.36666666667   57.06480   275.55175                -8.054      0.000      32
       2805 23.37500000000   57.03785   275.01455                -8.021      0.000      32
       2806 23.38333333333   57.00754   274.47804                -8.001      0.000      32
       2807 23.39166666667   56.97387   273.94236                -7.995      0.000      32
       2808 23.40000000000   56.93684   273.40762                -7.938      0.000      32
       2809 23.40833333333   56.89647   272.87395                -7.953      0.000      32
       2810 23.41666666667   56.85277   272.34145                -7.972      0.000      32
       2811 23.42500000000   56.80573   271.81024                -7.906      0.000      32
       2812 23.43333333333   56.75539   271.28045                -7.934      0.000      32
       2813 23.44166666667   56.70174   270.75217                -7.953      0.000      32
       2814 23.45000000000   56.64481   270.22553                -7.921      0.000      32
       2815 23.45833333333   56.58460   269.70063                -7.906      0.000      32
       2816 23.46666666667   56.52113   269.17757                -7.891      0.000      32
       2817 23.47500000000   56.45442   268.65647                -7.925      0.000      32
       2818 23.48333333333   56.38449   268.13741                -7.888      0.000      32
       2819 23.49166666667   56.31136   267.62052                -7.918      0.000      32
       2820 23.50000000000   56.23504   267.10587                -7.901      0.000      32
       2821 23.50833333333   56.18665   266.59989                -7.907      0.000      32
       2822 23.51666666667   56.10390   266.08997                -7.902      0.000      32
       2823 23.52500000000   56.01824   265.58261                -7.950      0.000      32
       2824 23.53333333333   55.92969   265.07787                -7.906      0.000      32
       2825 23.54166666667   55.83826   264.57584                -7.855      0.000      32
       2826 23.55000000000   55.74400   264.07658                -7.853      0.000      32
       2827 23.55833333333   55.64691   263.58015                -7.847      0.000      32
       2828 23.56666666667   55.54702   263.08662                -7.825      0.000      32
       2829 23.57500000000   55.44436   262.59605                -7.817      0.000      32
       2830 23.58333333333   55.33895   262.10850                -7.839      0.000      32
       2831 23.59166666667   55.23082   261.62402                -7.771      0.000      32
       2832 23.60000000000   55.12000   261.14266                -7.763      0.000      32
       2833 23.60833333333   55.00650   260.66449                -7.787      0.000      32
       2834 23.61666666667   54.89037   260.18954                -7.782      0.000      32
       2835 23.62500000000   54.77161   259.71786                -7.782      0.000      32
       2836 23.63333333333   54.65027   259.24949                -7.735      0.000      32
       2837 23.64166666667   54.52637   258.78448                -7.735      0.000      32
       2838 23.65000000000   54.39994   258.32286                -7.715      0.000      32
       2839 23.65833333333   54.27100   257.86466                -7.732      0.000      32
       2840 23.66666666667   54.13959   257.40992                -7.775      0.000      32
       2841 23.67500000000   54.00573   256.95867                -7.770      0.000      32
       2842 23.68333333333   53.86945   256.51094                -7.750      0.000      32
       2843 23.69166666667   53.73078   256.06675                -7.740      0.000      32
       2844 23.70000000000   53.58976   255.62613                -7.770      0.000      32
       2845 23.70833333333   53.44640   255.18910                -7.801      0.000      32
       2846 23.71666666667   53.30074   254.75568                -7.771      0.000      32
       2847 23.72500000000   53.15281   254.32588                -7.824      0.000      32
       2848 23.73333333333   53.00263   253.89972                -7.794      0.000      32
       2849 23.74166666667   52.85025   253.47721                -7.812      0.000      32
       2850 23.75000000000   52.69568   253.05836                -7.795      0.000      32
       2851 23.75833333333   52.53896   252.64319                -7.841      0.000      32
       2852 23.76666666667   52.38011   252.23170                -7.900      0.000      32
       2853 23.77500000000   52.21917   251.82389                -7.897      0.000      32
       2854 23.78333333333   52.05616   251.41976                -7.914      0.000      32
       2855 23.79166666667   51.89112   251.01933                -7.914      0.000      32
       2856 23.80000000000   51.72407   250.62259                -7.949      0.000      32
       2857 23.80833333333   51.55504   250.22953                -7.910      0.000      32
       2858 23.81666666667   51.38407   249.84016                -7.918      0.000      32
       2859 23.82500000000   51.21118   249.45448                -7.952      0.000      32
       2860 23.83333333333   51.03640   249.07246                -7.949      0.000      32
       2861 23.84166666667   50.85976   248.69412                -7.981      0.000      32
       2862 23.85000000000   50.68129   248.31943                -8.023      0.000      32
       2863 23.85833333333   50.50101   247.94840                -8.015      0.000      32
       2864 23.86666666667   50.31896   247.58100                -8.047      0.000      32
       2865 23.87500000000   50.13516   247.21723                -8.055      0.000      32
       2866 23.88333333333   49.94965   246.85707                -8.035      0.000      32
       2867 23.89166666667   49.76244   246.50051                -8.075      0.000      32
       2868 23.90000000000   49.57357   246.14754                -8.119      0.000      32
       2869 23.90833333333   49.38307   245.79813                -8.087      0.000      32
       2870 23.91666666667   49.19096   245.45227                -8.065      0.000      32
       2871 23.92500000000   48.99726   245.10994                -8.140      0.000      32
       2872 23.93333333333   48.80202   244.77113                -8.123      0.000      32
       2873 23.94166666667   48.60525   244.43581                -8.102      0.000      32
       2874 23.95000000000   48.40697   244.10396                -8.108      0.000      32
       2875 23.95833333333   48.20723   243.77556                -8.118      0.000      32
       2876 23.96666666667   48.00603   243.45060                -8.117      0.000      32
       2877 23.97500000000   47.80342   243.12904                -8.071      0.000      32
       2878 23.98333333333   47.59940   242.81087                -8.039      0.000      32
       2879 23.99166666667   47.39402   242.49606                -8.027      0.000      32
