# Created on 2022-09-14 14:18:06 
# Sources: obs\AAV40321.22O, nav\AAV40321.22G
# Satellite: R20 (k = 2.0)
# Interval: 30.0
# Sampling interval: 0.0 (not used).
# Site: AAV4
# Position (L, B, H): 74.61783822493432, 43.02329917686259, 585.248198849149
# Position (X, Y, Z): 1238908.5437, 4503304.8915, 4329793.7299
# datetime format: %Y-%m-%dT%H:%M:%S
# Columns: tsn, hour, el, az, tec.l1l2, tec.p1p2, validity
# (I11,1X,F14.11,1X,F10.5,1X,F11.5,1X,F21.3,1X,F10.3,1X,I7)
       1560 13.00000000000    6.40616   220.73927                 0.000      0.000    5232
       1561 13.00833333333    6.61807   220.87742                 0.000      0.000    5232
       1562 13.01666666667    6.83002   221.01612                 0.000      0.000    5232
       1563 13.02500000000    7.04203   221.15539               -47.183      0.000      32
       1564 13.03333333333    7.25408   221.29523               -47.703      0.000      32
       1565 13.04166666667    7.46617   221.43565               -48.148      0.000      32
       1566 13.05000000000    7.67831   221.57664               -48.468      0.000      32
       1567 13.05833333333    7.89048   221.71822               -48.937      0.000      32
       1568 13.06666666667    8.10269   221.86039               -49.474      0.000      32
       1569 13.07500000000    8.31493   222.00316               -50.090      0.000      32
       1570 13.08333333333    8.52720   222.14653               -50.558      0.000      32
       1571 13.09166666667    8.73950   222.29051               -50.828      0.000      32
       1572 13.10000000000    8.95183   222.43510              -469.636      0.000      32
       1573 13.10833333333    9.16417   222.58031               -29.877      0.000      32
       1574 13.11666666667    9.37654   222.72614               -30.313      0.000      32
       1575 13.12500000000    9.58893   222.87261               -30.606      0.000      32
       1576 13.13333333333    9.80133   223.01971               -30.866      0.000      32
       1577 13.14166666667   10.01374   223.16745               -31.121      0.000      32
       1578 13.15000000000   10.22616   223.31584               -31.462      0.000      32
       1579 13.15833333333   10.43858   223.46489               -31.614      0.000      32
       1580 13.16666666667   10.65101   223.61460               -31.884      0.000      32
       1581 13.17500000000   10.86344   223.76497               -32.013      0.000      32
       1582 13.18333333333   11.07586   223.91601               -32.184      0.000      32
       1583 13.19166666667   11.28827   224.06773               -32.361      0.000      32
       1584 13.20000000000   11.50068   224.22014               -32.528      0.000      32
       1585 13.20833333333   11.71307   224.37324               -32.737      0.000      32
       1586 13.21666666667   11.92544   224.52703               -32.889      0.000      32
       1587 13.22500000000   12.13779   224.68153               -32.983      0.000      32
       1588 13.23333333333   12.35011   224.83673               -33.176      0.000      32
       1589 13.24166666667   12.56241   224.99265               -33.467      0.000      32
       1590 13.25000000000   12.77468   225.14930               -33.553      0.000      32
       1591 13.25833333333   12.98691   225.30667               -33.693      0.000      32
       1592 13.26666666667   13.19910   225.46478               -33.912      0.000      32
       1593 13.27500000000   13.41124   225.62362               -34.007      0.000      32
       1594 13.28333333333   13.62334   225.78322               -34.225      0.000      32
       1595 13.29166666667   13.83539   225.94357               -34.289      0.000      32
       1596 13.30000000000   14.04738   226.10468               -32.612      0.000      32
       1597 13.30833333333   14.25931   226.26657               -29.074      0.000      32
       1598 13.31666666667   14.47117   226.42922               -29.391      0.000      32
       1599 13.32500000000   14.68297   226.59266               -29.384      0.000      32
       1600 13.33333333333   14.89470   226.75689               -34.827      0.000      32
       1601 13.34166666667   15.10635   226.92191               -27.719      0.000      32
       1602 13.35000000000   15.31792   227.08773               -27.924      0.000      32
       1603 13.35833333333   15.52940   227.25436               -33.621      0.000      32
       1604 13.36666666667   15.74079   227.42181               -31.909      0.000      32
       1605 13.37500000000   15.95208   227.59009               -31.912      0.000      32
       1606 13.38333333333   16.16328   227.75919               -32.006      0.000      32
       1607 13.39166666667   16.37437   227.92913               -35.768      0.000      32
       1608 13.40000000000   16.58535   228.09992               -35.847      0.000      32
       1609 13.40833333333   16.79622   228.27156               -35.954      0.000      32
       1610 13.41666666667   17.00696   228.44406               -36.022      0.000      32
       1611 13.42500000000   17.21758   228.61742               -36.156      0.000      32
       1612 13.43333333333   17.42807   228.79166               -36.150      0.000      32
       1613 13.44166666667   17.63843   228.96678               -36.255      0.000      32
       1614 13.45000000000   17.84865   229.14279               -36.391      0.000      32
       1615 13.45833333333   18.05872   229.31970               -36.514      0.000      32
       1616 13.46666666667   18.26863   229.49751               -36.537      0.000      32
       1617 13.47500000000   18.47840   229.67623               -36.652      0.000      32
       1618 13.48333333333   18.68800   229.85588               -36.522      0.000      32
       1619 13.49166666667   18.89743   230.03645               -36.682      0.000      32
       1620 13.50000000000   19.10668   230.21795               -36.687      0.000      32
       1621 13.50833333333   19.34042   230.36024               -36.723      0.000      32
       1622 13.51666666667   19.54953   230.54322               -36.734      0.000      32
       1623 13.52500000000   19.75863   230.72688               -36.850      0.000      32
       1624 13.53333333333   19.96770   230.91125               -36.967      0.000      32
       1625 13.54166666667   20.17674   231.09632               -37.008      0.000      32
       1626 13.55000000000   20.38574   231.28211               -37.190      0.000      32
       1627 13.55833333333   20.59471   231.46862               -37.310      0.000      32
       1628 13.56666666667   20.80364   231.65586               -37.413      0.000      32
       1629 13.57500000000   21.01253   231.84383               -37.381      0.000      32
       1630 13.58333333333   21.22136   232.03255               -37.468      0.000      32
       1631 13.59166666667   21.43013   232.22203               -37.633      0.000      32
       1632 13.60000000000   21.63885   232.41226               -37.696      0.000      32
       1633 13.60833333333   21.84750   232.60326               -37.806      0.000      32
       1634 13.61666666667   22.05609   232.79503               -37.946      0.000      32
       1635 13.62500000000   22.26460   232.98759               -38.093      0.000      32
       1636 13.63333333333   22.47303   233.18094               -38.271      0.000      32
       1637 13.64166666667   22.68137   233.37509               -38.357      0.000      32
       1638 13.65000000000   22.88963   233.57005               -38.525      0.000      32
       1639 13.65833333333   23.09780   233.76582               -38.641      0.000      32
       1640 13.66666666667   23.30586   233.96241               -38.713      0.000      32
       1641 13.67500000000   23.51382   234.15984               -38.734      0.000      32
       1642 13.68333333333   23.72167   234.35811               -38.790      0.000      32
       1643 13.69166666667   23.92941   234.55723               -38.946      0.000      32
       1644 13.70000000000   24.13703   234.75720               -39.040      0.000      32
       1645 13.70833333333   24.34452   234.95804               -39.130      0.000      32
       1646 13.71666666667   24.55189   235.15976               -39.172      0.000      32
       1647 13.72500000000   24.75911   235.36236               -39.251      0.000      32
       1648 13.73333333333   24.96620   235.56585               -39.345      0.000      32
       1649 13.74166666667   25.17314   235.77024               -39.372      0.000      32
       1650 13.75000000000   25.37992   235.97554               -39.401      0.000      32
       1651 13.75833333333   25.58655   236.18176               -39.477      0.000      32
       1652 13.76666666667   25.79302   236.38890               -39.646      0.000      32
       1653 13.77500000000   25.99931   236.59699               -39.647      0.000      32
       1654 13.78333333333   26.20543   236.80601               -39.765      0.000      32
       1655 13.79166666667   26.41136   237.01600               -39.792      0.000      32
       1656 13.80000000000   26.61711   237.22694               -39.841      0.000      32
       1657 13.80833333333   26.82267   237.43886               -39.900      0.000      32
       1658 13.81666666667   27.02802   237.65177               -39.993      0.000      32
       1659 13.82500000000   27.23317   237.86566               -40.029      0.000      32
       1660 13.83333333333   27.43811   238.08056               -40.125      0.000      32
       1661 13.84166666667   27.64283   238.29647               -40.271      0.000      32
       1662 13.85000000000   27.84732   238.51339               -40.324      0.000      32
       1663 13.85833333333   28.05159   238.73135               -40.445      0.000      32
       1664 13.86666666667   28.25561   238.95035             19189.530      0.000      32
       1665 13.87500000000   28.45939   239.17040               -40.569      0.000      32
       1666 13.88333333333   28.66292   239.39151               -40.596      0.000      32
       1667 13.89166666667   28.86619   239.61369               -40.732      0.000      32
       1668 13.90000000000   29.06920   239.83695               -40.791      0.000      32
       1669 13.90833333333   29.27193   240.06130               -40.933      0.000      32
       1670 13.91666666667   29.47439   240.28675               -40.939      0.000      32
       1671 13.92500000000   29.67656   240.51331               -41.055      0.000      32
       1672 13.93333333333   29.87844   240.74099               -41.095      0.000      32
       1673 13.94166666667   30.08002   240.96981               -41.194      0.000      32
       1674 13.95000000000   30.28130   241.19976               -41.209      0.000      32
       1675 13.95833333333   30.48226   241.43087               -37.714      0.000      32
       1676 13.96666666667   30.68290   241.66314               -37.742      0.000      32
       1677 13.97500000000   30.88321   241.89658               -37.813      0.000      32
       1678 13.98333333333   31.08319   242.13120               -37.833      0.000      32
       1679 13.99166666667   31.28282   242.36702               -37.943      0.000      32
       1680 14.00000000000   31.48210   242.60405               -37.965      0.000      32
       1681 14.00833333333   31.71143   242.80019               -38.050      0.000      32
       1682 14.01666666667   31.91049   243.03910               -38.126      0.000      32
       1683 14.02500000000   32.10938   243.27896               -38.236      0.000      32
       1684 14.03333333333   32.30810   243.51979               -38.248      0.000      32
       1685 14.04166666667   32.50664   243.76161               -38.418      0.000      32
       1686 14.05000000000   32.70500   244.00441               -38.423      0.000      32
       1687 14.05833333333   32.90317   244.24822               -38.521      0.000      32
       1688 14.06666666667   33.10114   244.49303               -38.553      0.000      32
       1689 14.07500000000   33.29891   244.73887               -38.585      0.000      32
       1690 14.08333333333   33.49647   244.98573               -38.696      0.000      32
       1691 14.09166666667   33.69382   245.23364               -38.771      0.000      32
       1692 14.10000000000   33.89095   245.48260               -38.845      0.000      32
       1693 14.10833333333   34.08785   245.73263               -38.841      0.000      32
       1694 14.11666666667   34.28451   245.98372               -39.010      0.000      32
       1695 14.12500000000   34.48093   246.23590               -38.990      0.000      32
       1696 14.13333333333   34.67711   246.48918               -39.156      0.000      32
       1697 14.14166666667   34.87303   246.74356               -39.188      0.000      32
       1698 14.15000000000   35.06869   246.99906               -39.275      0.000      32
       1699 14.15833333333   35.26408   247.25569               -39.323      0.000      32
       1700 14.16666666667   35.45920   247.51346               -39.374      0.000      32
       1701 14.17500000000   35.65403   247.77238               -39.510      0.000      32
       1702 14.18333333333   35.84858   248.03246               -39.529      0.000      32
       1703 14.19166666667   36.04283   248.29371               -39.659      0.000      32
       1704 14.20000000000   36.23677   248.55616               -39.710      0.000      32
       1705 14.20833333333   36.43041   248.81979               -39.795      0.000      32
       1706 14.21666666667   36.62373   249.08464               -39.924      0.000      32
       1707 14.22500000000   36.81673   249.35071               -40.039      0.000      32
       1708 14.23333333333   37.00939   249.61801               -40.180      0.000      32
       1709 14.24166666667   37.20172   249.88656               -40.202      0.000      32
       1710 14.25000000000   37.39369   250.15636               -40.272      0.000      32
       1711 14.25833333333   37.58532   250.42743               -40.384      0.000      32
       1712 14.26666666667   37.77658   250.69979               -40.492      0.000      32
       1713 14.27500000000   37.96748   250.97343               -40.585      0.000      32
       1714 14.28333333333   38.15800   251.24839               -40.718      0.000      32
       1715 14.29166666667   38.34813   251.52466               -40.773      0.000      32
       1716 14.30000000000   38.53787   251.80226               -40.901      0.000      32
       1717 14.30833333333   38.72721   252.08121               -41.026      0.000      32
       1718 14.31666666667   38.91615   252.36151               -41.074      0.000      32
       1719 14.32500000000   39.10467   252.64319               -41.224      0.000      32
       1720 14.33333333333   39.29276   252.92625               -41.333      0.000      32
       1721 14.34166666667   39.48043   253.21070               -41.385      0.000      32
       1722 14.35000000000   39.66765   253.49656               -41.488      0.000      32
       1723 14.35833333333   39.85443   253.78384               -41.576      0.000      32
       1724 14.36666666667   40.04075   254.07256               -41.738      0.000      32
       1725 14.37500000000   40.22661   254.36273               -41.801      0.000      32
       1726 14.38333333333   40.41199   254.65435               -41.923      0.000      32
       1727 14.39166666667   40.59690   254.94746               -41.980      0.000      32
       1728 14.40000000000   40.78131   255.24205               -42.068      0.000      32
       1729 14.40833333333   40.96522   255.53814               -42.098      0.000      32
       1730 14.41666666667   41.14863   255.83575               -42.165      0.000      32
       1731 14.42500000000   41.33153   256.13489               -42.207      0.000      32
       1732 14.43333333333   41.51390   256.43557               -42.324      0.000      32
       1733 14.44166666667   41.69573   256.73781               -42.293      0.000      32
       1734 14.45000000000   41.87703   257.04161               -42.464      0.000      32
       1735 14.45833333333   42.05777   257.34701               -42.535      0.000      32
       1736 14.46666666667   42.23796   257.65400               -42.606      0.000      32
       1737 14.47500000000   42.41757   257.96260               -42.685      0.000      32
       1738 14.48333333333   42.59661   258.27283               -42.778      0.000      32
       1739 14.49166666667   42.77506   258.58470               -42.858      0.000      32
       1740 14.50000000000   42.95291   258.89823               -42.958      0.000      32
       1741 14.50833333333   43.15912   259.17022               -43.045      0.000      32
       1742 14.51666666667   43.33647   259.48644               -43.150      0.000      32
       1743 14.52500000000   43.51339   259.80408               -43.253      0.000      32
       1744 14.53333333333   43.68987   260.12315               -43.375      0.000      32
       1745 14.54166666667   43.86591   260.44366               -43.424      0.000      32
       1746 14.55000000000   44.04150   260.76562               -45.324      0.000      32
       1747 14.55833333333   44.21663   261.08905               -45.430      0.000      32
       1748 14.56666666667   44.39130   261.41396               -45.606      0.000      32
       1749 14.57500000000   44.56549   261.74035               -45.650      0.000      32
       1750 14.58333333333   44.73919   262.06826               -45.758      0.000      32
       1751 14.59166666667   44.91240   262.39768               -45.858      0.000      32
       1752 14.60000000000   45.08512   262.72863               -45.961      0.000      32
       1753 14.60833333333   45.25732   263.06113               -45.987      0.000      32
       1754 14.61666666667   45.42901   263.39519               -46.104      0.000      32
       1755 14.62500000000   45.60017   263.73081               -46.179      0.000      32
       1756 14.63333333333   45.77080   264.06803               -46.314      0.000      32
       1757 14.64166666667   45.94089   264.40684               -46.389      0.000      32
       1758 14.65000000000   46.11043   264.74726               -46.469      0.000      32
       1759 14.65833333333   46.27941   265.08931               -46.560      0.000      32
       1760 14.66666666667   46.44782   265.43300               -46.640      0.000      32
       1761 14.67500000000   46.61565   265.77835               -46.731      0.000      32
       1762 14.68333333333   46.78290   266.12536               -46.765      0.000      32
       1763 14.69166666667   46.94956   266.47405               -46.872      0.000      32
       1764 14.70000000000   47.11561   266.82444               -46.932      0.000      32
       1765 14.70833333333   47.28106   267.17653               -47.018      0.000      32
       1766 14.71666666667   47.44588   267.53035               -47.159      0.000      32
       1767 14.72500000000   47.61007   267.88591               -47.219      0.000      32
       1768 14.73333333333   47.77362   268.24321               -47.322      0.000      32
       1769 14.74166666667   47.93653   268.60228               -47.418      0.000      32
       1770 14.75000000000   48.09878   268.96313               -47.516      0.000      32
       1771 14.75833333333   48.26036   269.32577               -47.576      0.000      32
       1772 14.76666666667   48.42127   269.69021               -47.645      0.000      32
       1773 14.77500000000   48.58149   270.05648               -47.722      0.000      32
       1774 14.78333333333   48.74102   270.42458               -47.845      0.000      32
       1775 14.79166666667   48.89984   270.79453             19182.032      0.000      32
       1776 14.80000000000   49.05795   271.16634               -47.988      0.000      32
       1777 14.80833333333   49.21534   271.54002               -48.064      0.000      32
       1778 14.81666666667   49.37199   271.91560               -48.131      0.000      32
       1779 14.82500000000   49.52791   272.29308               -48.178      0.000      32
       1780 14.83333333333   49.68307   272.67247               -48.250      0.000      32
       1781 14.84166666667   49.83746   273.05379               -48.349      0.000      32
       1782 14.85000000000   49.99109   273.43706               -48.392      0.000      32
       1783 14.85833333333   50.14393   273.82229               -48.482      0.000      32
       1784 14.86666666667   50.29598   274.20948               -48.475      0.000      32
       1785 14.87500000000   50.44723   274.59866               -48.542      0.000      32
       1786 14.88333333333   50.59766   274.98984               -48.567      0.000      32
       1787 14.89166666667   50.74727   275.38303               -48.663      0.000      32
       1788 14.90000000000   50.89605   275.77824               -48.740      0.000      32
       1789 14.90833333333   51.04398   276.17549               -48.781      0.000      32
       1790 14.91666666667   51.19106   276.57478               -48.860      0.000      32
       1791 14.92500000000   51.33727   276.97614               -48.947      0.000      32
       1792 14.93333333333   51.48261   277.37957               -49.031      0.000      32
       1793 14.94166666667   51.62706   277.78509               -49.045      0.000      32
       1794 14.95000000000   51.77061   278.19270               -49.119      0.000      32
       1795 14.95833333333   51.91325   278.60243               -49.157      0.000      32
       1796 14.96666666667   52.05497   279.01428               -49.222      0.000      32
       1797 14.97500000000   52.19577   279.42826               -49.235      0.000      32
       1798 14.98333333333   52.33562   279.84438               -49.299      0.000      32
       1799 14.99166666667   52.47451   280.26266               -49.337      0.000      32
       1800 15.00000000000   52.61245   280.68310               -49.415      0.000      32
       1801 15.00833333333   52.77145   281.06054               -49.409      0.000      32
       1802 15.01666666667   52.90827   281.48471               -49.483      0.000      32
       1803 15.02500000000   53.04425   281.91078               -49.533      0.000      32
       1804 15.03333333333   53.17936   282.33877               -49.611      0.000      32
       1805 15.04166666667   53.31361   282.76868               -49.655      0.000      32
       1806 15.05000000000   53.44698   283.20053             19180.191      0.000      32
       1807 15.05833333333   53.57946   283.63431               -49.766      0.000      32
       1808 15.06666666667   53.71106   284.07004               -49.804      0.000      32
       1809 15.07500000000   53.84174   284.50772               -49.850      0.000      32
       1810 15.08333333333   53.97152   284.94737               -49.862      0.000      32
       1811 15.09166666667   54.10037   285.38898               -49.876      0.000      32
       1812 15.10000000000   54.22829   285.83256               -49.907      0.000      32
       1813 15.10833333333   54.35526   286.27813               -49.992      0.000      32
       1814 15.11666666667   54.48129   286.72568               -49.982      0.000      32
       1815 15.12500000000   54.60636   287.17522               -50.026      0.000      32
       1816 15.13333333333   54.73045   287.62675               -50.088      0.000      32
       1817 15.14166666667   54.85357   288.08029               -50.107      0.000      32
       1818 15.15000000000   54.97569   288.53584               -50.220      0.000      32
       1819 15.15833333333   55.09682   288.99340               -50.096      0.000      32
       1820 15.16666666667   55.21694   289.45297               -50.148      0.000      32
       1821 15.17500000000   55.33604   289.91456               -50.171      0.000      32
       1822 15.18333333333   55.45412   290.37818               -50.187      0.000      32
       1823 15.19166666667   55.57115   290.84382               -50.227      0.000      32
       1824 15.20000000000   55.68714   291.31149               -50.277      0.000      32
       1825 15.20833333333   55.80208   291.78119               -50.283      0.000      32
       1826 15.21666666667   55.91594   292.25293               -50.382      0.000      32
       1827 15.22500000000   56.02873   292.72670               -50.395      0.000      32
       1828 15.23333333333   56.14044   293.20251               -50.372      0.000      32
       1829 15.24166666667   56.25105   293.68035               -50.417      0.000      32
       1830 15.25000000000   56.36055   294.16023               -50.435      0.000      32
       1831 15.25833333333   56.46894   294.64215              4222.858      0.000      32
       1832 15.26666666667   56.57621   295.12611               -50.530      0.000      32
       1833 15.27500000000   56.68234   295.61210               -50.536      0.000      32
       1834 15.28333333333   56.78732   296.10013               -50.540      0.000      32
       1835 15.29166666667   56.89115   296.59018               -50.571      0.000      32
       1836 15.30000000000   56.99382   297.08227               -50.589      0.000      32
       1837 15.30833333333   57.09531   297.57639               -50.578      0.000      32
       1838 15.31666666667   57.19562   298.07253               -50.638      0.000      32
       1839 15.32500000000   57.29474   298.57069               -50.694      0.000      32
       1840 15.33333333333   57.39265   299.07086               -50.650      0.000      32
       1841 15.34166666667   57.48935   299.57305               -50.654      0.000      32
       1842 15.35000000000   57.58482   300.07723               -50.711      0.000      32
       1843 15.35833333333   57.67907   300.58342               -50.763      0.000      32
       1844 15.36666666667   57.77207   301.09160               -50.783      0.000      32
       1845 15.37500000000   57.86381   301.60176               -50.723      0.000      32
       1846 15.38333333333   57.95430   302.11389               -50.803      0.000      32
       1847 15.39166666667   58.04351   302.62800               -50.826      0.000      32
       1848 15.40000000000   58.13145   303.14406               -50.880      0.000      32
       1849 15.40833333333   58.21809   303.66206               -50.880      0.000      32
       1850 15.41666666667   58.30342   304.18201            -15007.430      0.000      32
       1851 15.42500000000   58.38745   304.70388               -50.933      0.000      32
       1852 15.43333333333   58.47016   305.22766               -50.971      0.000      32
       1853 15.44166666667   58.55154   305.75334               -51.044      0.000      32
       1854 15.45000000000   58.63158   306.28091               -51.095      0.000      32
       1855 15.45833333333   58.71027   306.81035               -51.154      0.000      32
       1856 15.46666666667   58.78760   307.34165               -51.185      0.000      32
       1857 15.47500000000   58.86356   307.87480               -51.197      0.000      32
       1858 15.48333333333   58.93814   308.40977               -51.203      0.000      32
       1859 15.49166666667   59.01134   308.94654               -51.221      0.000      32
       1860 15.50000000000   59.08314   309.48511               -51.215      0.000      32
       1861 15.50833333333   59.16799   309.97562               -51.227      0.000      32
       1862 15.51666666667   59.23788   310.51723               -51.306      0.000      32
       1863 15.52500000000   59.30645   311.06027               -51.282      0.000      32
       1864 15.53333333333   59.37369   311.60471               -51.265      0.000      32
       1865 15.54166666667   59.43959   312.15053               -51.284      0.000      32
       1866 15.55000000000   59.50415   312.69771               -51.327      0.000      32
       1867 15.55833333333   59.56737   313.24622               -51.287      0.000      32
       1868 15.56666666667   59.62924   313.79605               -51.255      0.000      32
       1869 15.57500000000   59.68975   314.34717               -51.228      0.000      32
       1870 15.58333333333   59.74890   314.89955               -51.270      0.000      32
       1871 15.59166666667   59.80669   315.45317               -51.321      0.000      32
       1872 15.60000000000   59.86311   316.00801               -51.295      0.000      32
       1873 15.60833333333   59.91816   316.56403               -51.295      0.000      32
       1874 15.61666666667   59.97183   317.12122               -51.300      0.000      32
       1875 15.62500000000   60.02411   317.67955               -51.289      0.000      32
       1876 15.63333333333   60.07502   318.23899               -51.314      0.000      32
       1877 15.64166666667   60.12453   318.79951               -51.369      0.000      32
       1878 15.65000000000   60.17265   319.36108               -51.381      0.000      32
       1879 15.65833333333   60.21937   319.92369               -51.383      0.000      32
       1880 15.66666666667   60.26470   320.48729               -51.365      0.000      32
       1881 15.67500000000   60.30862   321.05186               -51.391      0.000      32
       1882 15.68333333333   60.35113   321.61737               -51.426      0.000      32
       1883 15.69166666667   60.39223   322.18380               -51.453      0.000      32
       1884 15.70000000000   60.43192   322.75111               -51.434      0.000      32
       1885 15.70833333333   60.47020   323.31926               -51.370      0.000      32
       1886 15.71666666667   60.50706   323.88824               -51.351      0.000      32
       1887 15.72500000000   60.54249   324.45801               -51.402      0.000      32
       1888 15.73333333333   60.57650   325.02854               -51.397      0.000      32
       1889 15.74166666667   60.60909   325.59979               -51.394      0.000      32
       1890 15.75000000000   60.64025   326.17174               -51.361      0.000      32
       1891 15.75833333333   60.66998   326.74435               -51.395      0.000      32
       1892 15.76666666667   60.69828   327.31759               -51.395      0.000      32
       1893 15.77500000000   60.72515   327.89143               -51.395      0.000      32
       1894 15.78333333333   60.75058   328.46583               -51.378      0.000      32
       1895 15.79166666667   60.77457   329.04077               -51.391      0.000      32
       1896 15.80000000000   60.79713   329.61621               -51.370      0.000      32
       1897 15.80833333333   60.81825   330.19211               -51.408      0.000      32
       1898 15.81666666667   60.83792   330.76844               -51.386      0.000      32
       1899 15.82500000000   60.85616   331.34517               -51.403      0.000      32
       1900 15.83333333333   60.87295   331.92227               -51.449      0.000      32
       1901 15.84166666667   60.88831   332.49969               -51.431      0.000      32
       1902 15.85000000000   60.90222   333.07742               -51.398      0.000      32
       1903 15.85833333333   60.91468   333.65540               -51.407      0.000      32
       1904 15.86666666667   60.92570   334.23361               -51.504      0.000      32
       1905 15.87500000000   60.93528   334.81202               -51.418      0.000      32
       1906 15.88333333333   60.94341   335.39058               -51.438      0.000      32
       1907 15.89166666667   60.95010   335.96927               -51.433      0.000      32
       1908 15.90000000000   60.95535   336.54806               -51.414      0.000      32
       1909 15.90833333333   60.95915   337.12689               -51.422      0.000      32
       1910 15.91666666667   60.96151   337.70575               -51.404      0.000      32
       1911 15.92500000000   60.96243   338.28460               -51.371      0.000      32
       1912 15.93333333333   60.96190   338.86340               -51.445      0.000      32
       1913 15.94166666667   60.95994   339.44211               -51.392      0.000      32
       1914 15.95000000000   60.95653   340.02072               -53.223      0.000      32
       1915 15.95833333333   60.95169   340.59917               -53.238      0.000      32
       1916 15.96666666667   60.94541   341.17744               -53.221      0.000      32
       1917 15.97500000000   60.93770   341.75549               -53.240      0.000      32
       1918 15.98333333333   60.92855   342.33330               -53.222      0.000      32
       1919 15.99166666667   60.91796   342.91082               -53.240      0.000      32
       1920 16.00000000000   60.90595   343.48802               -53.240      0.000      32
       1921 16.00833333333   60.90238   344.01124               -53.234      0.000      32
       1922 16.01666666667   60.88841   344.58753               -53.258      0.000      32
       1923 16.02500000000   60.87308   345.16307               -53.248      0.000      32
       1924 16.03333333333   60.85641   345.73784               -53.222      0.000      32
       1925 16.04166666667   60.83839   346.31180               -53.232      0.000      32
       1926 16.05000000000   60.81903   346.88492               -53.234      0.000      32
       1927 16.05833333333   60.79834   347.45718               -53.168      0.000      32
       1928 16.06666666667   60.77632   348.02855               -53.167      0.000      32
       1929 16.07500000000   60.75299   348.59900               -53.236      0.000      32
       1930 16.08333333333   60.72835   349.16851               -53.186      0.000      32
       1931 16.09166666667   60.70241   349.73705               -53.217      0.000      32
       1932 16.10000000000   60.67517   350.30459               -53.202      0.000      32
       1933 16.10833333333   60.64664   350.87111               -53.201      0.000      32
       1934 16.11666666667   60.61684   351.43658               -53.210      0.000      32
       1935 16.12500000000   60.58576   352.00099               -53.200      0.000      32
       1936 16.13333333333   60.55341   352.56430               -53.213      0.000      32
       1937 16.14166666667   60.51981   353.12651               -53.184      0.000      32
       1938 16.15000000000   60.48495   353.68757               -53.206      0.000      32
       1939 16.15833333333   60.44885   354.24748               -53.185      0.000      32
       1940 16.16666666667   60.41152   354.80621               -53.188      0.000      32
       1941 16.17500000000   60.37295   355.36374               -53.184      0.000      32
       1942 16.18333333333   60.33317   355.92005               -53.191      0.000      32
       1943 16.19166666667   60.29217   356.47513               -53.205      0.000      32
       1944 16.20000000000   60.24997   357.02895               -53.175      0.000      32
       1945 16.20833333333   60.20657   357.58151               -53.133      0.000      32
       1946 16.21666666667   60.16198   358.13277               -53.127      0.000      32
       1947 16.22500000000   60.11621   358.68273               -53.137      0.000      32
       1948 16.23333333333   60.06926   359.23136               -53.157      0.000      32
       1949 16.24166666667   60.02114   359.77866               -53.151      0.000      32
       1950 16.25000000000   59.97187     0.32461               -53.161      0.000      32
       1951 16.25833333333   59.92144     0.86919               -53.096      0.000      32
       1952 16.26666666667   59.86987     1.41239               -53.107      0.000      32
       1953 16.27500000000   59.81716     1.95420               -53.072      0.000      32
       1954 16.28333333333   59.76332     2.49460               -53.068      0.000      32
       1955 16.29166666667   59.70835     3.03359               -53.034      0.000      32
       1956 16.30000000000   59.65228     3.57114               -53.051      0.000      32
       1957 16.30833333333   59.59509     4.10726               -53.055      0.000      32
       1958 16.31666666667   59.53681     4.64193               -53.110      0.000      32
       1959 16.32500000000   59.47743     5.17513               -53.055      0.000      32
       1960 16.33333333333   59.41697     5.70687               -53.032      0.000      32
       1961 16.34166666667   59.35543     6.23713               -53.055      0.000      32
       1962 16.35000000000   59.29282     6.76590               -53.014      0.000      32
       1963 16.35833333333   59.22915     7.29317               -53.019      0.000      32
       1964 16.36666666667   59.16442     7.81894               -52.997      0.000      32
       1965 16.37500000000   59.09864     8.34320               -52.969      0.000      32
       1966 16.38333333333   59.03182     8.86594               -52.989      0.000      32
       1967 16.39166666667   58.96397     9.38717               -52.959      0.000      32
       1968 16.40000000000   58.89508     9.90686               -52.950      0.000      32
       1969 16.40833333333   58.82518    10.42501               -52.947      0.000      32
       1970 16.41666666667   58.75426    10.94163               -52.933      0.000      32
       1971 16.42500000000   58.68234    11.45671               -52.953      0.000      32
       1972 16.43333333333   58.60942    11.97023               -52.900      0.000      32
       1973 16.44166666667   58.53550    12.48221               -52.898      0.000      32
       1974 16.45000000000   58.46060    12.99263               -52.892      0.000      32
       1975 16.45833333333   58.38471    13.50149               -52.877      0.000      32
       1976 16.46666666667   58.30786    14.00879               -52.824      0.000      32
       1977 16.47500000000   58.23004    14.51453               -52.824      0.000      32
       1978 16.48333333333   58.15125    15.01870               -52.798      0.000      32
       1979 16.49166666667   58.07152    15.52130               -52.809      0.000      32
       1980 16.50000000000   57.99083    16.02234               -52.809      0.000      32
       1981 16.50833333333   57.91503    16.47164               -52.773      0.000      32
       1982 16.51666666667   57.83328    16.96954               -52.766      0.000      32
       1983 16.52500000000   57.75063    17.46555               -52.726      0.000      32
       1984 16.53333333333   57.66711    17.95968               -52.736      0.000      32
       1985 16.54166666667   57.58272    18.45193               -52.666      0.000      32
       1986 16.55000000000   57.49747    18.94231               -52.697      0.000      32
       1987 16.55833333333   57.41136    19.43083               -52.686      0.000      32
       1988 16.56666666667   57.32442    19.91749               -52.696      0.000      32
       1989 16.57500000000   57.23664    20.40230               -52.682      0.000      32
       1990 16.58333333333   57.14803    20.88526               -52.681      0.000      32
       1991 16.59166666667   57.05862    21.36638            -15009.220      0.000      32
       1992 16.60000000000   56.96839    21.84567               -52.634      0.000      32
       1993 16.60833333333   56.87737    22.32314               -52.595      0.000      32
       1994 16.61666666667   56.78556    22.79879               -52.579      0.000      32
       1995 16.62500000000   56.69297    23.27264               -52.620      0.000      32
       1996 16.63333333333   56.59960    23.74468               -52.564      0.000      32
       1997 16.64166666667   56.50547    24.21494               -52.563      0.000      32
       1998 16.65000000000   56.41059    24.68341               -52.561      0.000      32
       1999 16.65833333333   56.31496    25.15011               -52.545      0.000      32
       2000 16.66666666667   56.21859    25.61505               -52.493      0.000      32
       2001 16.67500000000   56.12149    26.07824               -52.477      0.000      32
       2002 16.68333333333   56.02366    26.53968               -52.469      0.000      32
       2003 16.69166666667   55.92512    26.99938               -52.438      0.000      32
       2004 16.70000000000   55.82586    27.45736               -52.431      0.000      32
       2005 16.70833333333   55.72591    27.91363               -52.406      0.000      32
       2006 16.71666666667   55.62526    28.36820               -52.394      0.000      32
       2007 16.72500000000   55.52392    28.82107               -52.378      0.000      32
       2008 16.73333333333   55.42190    29.27225               -52.393      0.000      32
       2009 16.74166666667   55.31921    29.72177               -52.361      0.000      32
       2010 16.75000000000   55.21584    30.16962               -52.328      0.000      32
       2011 16.75833333333   55.11182    30.61582               -52.342      0.000      32
       2012 16.76666666667   55.00715    31.06038               -52.322      0.000      32
       2013 16.77500000000   54.90183    31.50331               -52.250      0.000      32
       2014 16.78333333333   54.79586    31.94463               -52.275      0.000      32
       2015 16.79166666667   54.68926    32.38433               -52.262      0.000      32
       2016 16.80000000000   54.58203    32.82244               -52.225      0.000      32
       2017 16.80833333333   54.47418    33.25897               -52.217      0.000      32
       2018 16.81666666667   54.36571    33.69392               -52.180      0.000      32
       2019 16.82500000000   54.25663    34.12731               -52.117      0.000      32
       2020 16.83333333333   54.14695    34.55914               -52.299      0.000      32
       2021 16.84166666667   54.03666    34.98944               -52.098      0.000      32
       2022 16.85000000000   53.92578    35.41821               -52.108      0.000      32
       2023 16.85833333333   53.81431    35.84546               -52.083      0.000      32
       2024 16.86666666667   53.70226    36.27120               -52.106      0.000      32
       2025 16.87500000000   53.58963    36.69545               -52.057      0.000      32
       2026 16.88333333333   53.47643    37.11821            -15006.779      0.000      32
       2027 16.89166666667   53.36266    37.53950               -50.198      0.000      32
       2028 16.90000000000   53.24833    37.95933               -50.180      0.000      32
       2029 16.90833333333   53.13344    38.37770               -52.022      0.000      32
       2030 16.91666666667   53.01800    38.79464               -52.021      0.000      32
       2031 16.92500000000   52.90201    39.21015               -52.910      0.000      32
       2032 16.93333333333   52.78547    39.62424               -51.954      0.000      32
       2033 16.94166666667   52.66840    40.03692               -51.946      0.000      32
       2034 16.95000000000   52.55080    40.44821               -51.906      0.000      32
       2035 16.95833333333   52.43266    40.85811               -51.877      0.000      32
       2036 16.96666666667   52.31401    41.26664               -51.915      0.000      32
       2037 16.97500000000   52.19483    41.67380               -51.891      0.000      32
       2038 16.98333333333   52.07513    42.07961               -51.881      0.000      32
       2039 16.99166666667   51.95493    42.48408             19178.088      0.000      32
       2040 17.00000000000   51.83422    42.88721               -51.818      0.000      32
       2041 17.00833333333   51.71096    43.24609               -51.822      0.000      32
       2042 17.01666666667   51.58990    43.64658               -51.830      0.000      32
       2043 17.02500000000   51.46833    44.04550               -51.820      0.000      32
       2044 17.03333333333   51.34626    44.44285               -51.787      0.000      32
       2045 17.04166666667   51.22368    44.83867               -51.875      0.000      32
       2046 17.05000000000   51.10062    45.23295               -51.797      0.000      32
       2047 17.05833333333   50.97707    45.62571               -51.810      0.000      32
       2048 17.06666666667   50.85303    46.01698               -51.798      0.000      32
       2049 17.07500000000   50.72853    46.40675               -51.769      0.000      32
       2050 17.08333333333   50.60355    46.79506               -51.747      0.000      32
       2051 17.09166666667   50.47811    47.18190               -51.711      0.000      32
       2052 17.10000000000   50.35221    47.56729               -51.703      0.000      32
       2053 17.10833333333   50.22586    47.95126               -51.706      0.000      32
       2054 17.11666666667   50.09906    48.33380               -51.759      0.000      32
       2055 17.12500000000   49.97182    48.71494               -51.694      0.000      32
       2056 17.13333333333   49.84415    49.09469               -51.728      0.000      32
       2057 17.14166666667   49.71604    49.47307               -51.649      0.000      32
       2058 17.15000000000   49.58750    49.85007               -51.603      0.000      32
       2059 17.15833333333   49.45854    50.22573               -51.570      0.000      32
       2060 17.16666666667   49.32916    50.60005               -51.624      0.000      32
       2061 17.17500000000   49.19937    50.97304               -51.646      0.000      32
       2062 17.18333333333   49.06917    51.34472               -51.649      0.000      32
       2063 17.19166666667   48.93857    51.71511               -51.665      0.000      32
       2064 17.20000000000   48.80756    52.08420               -51.630      0.000      32
       2065 17.20833333333   48.67617    52.45203               -51.572      0.000      32
       2066 17.21666666667   48.54438    52.81859               -51.568      0.000      32
       2067 17.22500000000   48.41221    53.18390               -51.555      0.000      32
       2068 17.23333333333   48.27965    53.54798               -51.517      0.000      32
       2069 17.24166666667   48.14672    53.91083               -51.536      0.000      32
       2070 17.25000000000   48.01341    54.27248               -51.562      0.000      32
       2071 17.25833333333   47.87973    54.63292               -51.570      0.000      32
       2072 17.26666666667   47.74569    54.99217               -51.483      0.000      32
       2073 17.27500000000   47.61129    55.35025               -51.478      0.000      32
       2074 17.28333333333   47.47653    55.70717               -51.458      0.000      32
       2075 17.29166666667   47.34142    56.06293               -51.467      0.000      32
       2076 17.30000000000   47.20595    56.41754               -51.465      0.000      32
       2077 17.30833333333   47.07014    56.77103               -51.390      0.000      32
       2078 17.31666666667   46.93399    57.12340               -51.377      0.000      32
       2079 17.32500000000   46.79750    57.47466               -51.369      0.000      32
       2080 17.33333333333   46.66068    57.82483               -51.362      0.000      32
       2081 17.34166666667   46.52352    58.17391               -51.336      0.000      32
       2082 17.35000000000   46.38604    58.52191               -51.298      0.000      32
       2083 17.35833333333   46.24823    58.86885               -51.217      0.000      32
       2084 17.36666666667   46.11010    59.21473               -51.249      0.000      32
       2085 17.37500000000   45.97165    59.55957               -51.179      0.000      32
       2086 17.38333333333   45.83289    59.90337               -51.197      0.000      32
       2087 17.39166666667   45.69383    60.24615               -51.167      0.000      32
       2088 17.40000000000   45.55445    60.58791               -51.143      0.000      32
       2089 17.40833333333   45.41477    60.92867               -51.087      0.000      32
       2090 17.41666666667   45.27479    61.26844               -51.029      0.000      32
       2091 17.42500000000   45.13452    61.60722               -51.002      0.000      32
       2092 17.43333333333   44.99395    61.94503               -50.999      0.000      32
       2093 17.44166666667   44.85309    62.28187               -50.893      0.000      32
       2094 17.45000000000   44.71194    62.61775               -50.890      0.000      32
       2095 17.45833333333   44.57051    62.95269               -50.879      0.000      32
       2096 17.46666666667   44.42880    63.28668               -50.818      0.000      32
       2097 17.47500000000   44.28682    63.61975               -50.893      0.000      32
       2098 17.48333333333   44.14456    63.95190               -50.909      0.000      32
       2099 17.49166666667   44.00203    64.28313               -50.951      0.000      32
       2100 17.50000000000   43.85923    64.61346               -50.891      0.000      32
       2101 17.50833333333   43.70280    64.90567               -50.847      0.000      32
       2102 17.51666666667   43.55992    65.23415               -50.828      0.000      32
       2103 17.52500000000   43.41669    65.56150               -50.721      0.000      32
       2104 17.53333333333   43.27312    65.88775               -50.621      0.000      32
       2105 17.54166666667   43.12920    66.21291               -50.596      0.000      32
       2106 17.55000000000   42.98494    66.53698               -50.588      0.000      32
       2107 17.55833333333   42.84035    66.85997               -50.510      0.000      32
       2108 17.56666666667   42.69543    67.18190               -50.589      0.000      32
       2109 17.57500000000   42.55019    67.50278               -50.549      0.000      32
       2110 17.58333333333   42.40462    67.82262               -50.518      0.000      32
       2111 17.59166666667   42.25874    68.14143               -50.530      0.000      32
       2112 17.60000000000   42.11254    68.45921               -50.503      0.000      32
       2113 17.60833333333   41.96603    68.77598               -50.442      0.000      32
       2114 17.61666666667   41.81922    69.09175               -50.443      0.000      32
       2115 17.62500000000   41.67210    69.40652               -50.364      0.000      32
       2116 17.63333333333   41.52469    69.72032               -50.356      0.000      32
       2117 17.64166666667   41.37698    70.03314               -50.301      0.000      32
       2118 17.65000000000   41.22898    70.34500               -50.217      0.000      32
       2119 17.65833333333   41.08070    70.65590               -50.211      0.000      32
       2120 17.66666666667   40.93214    70.96586               -50.131      0.000      32
       2121 17.67500000000   40.78329    71.27488               -50.125      0.000      32
       2122 17.68333333333   40.63417    71.58298               -50.060      0.000      32
       2123 17.69166666667   40.48478    71.89017               -50.061      0.000      32
       2124 17.70000000000   40.33512    72.19644               -49.992      0.000      32
       2125 17.70833333333   40.18520    72.50182               -50.031      0.000      32
       2126 17.71666666667   40.03501    72.80631               -50.018      0.000      32
       2127 17.72500000000   39.88457    73.10991               -49.932      0.000      32
       2128 17.73333333333   39.73388    73.41264               -49.917      0.000      32
       2129 17.74166666667   39.58294    73.71451               -49.882      0.000      32
       2130 17.75000000000   39.43175    74.01553               -49.816      0.000      32
       2131 17.75833333333   39.28031    74.31570               -49.838      0.000      32
       2132 17.76666666667   39.12864    74.61503               -49.794      0.000      32
       2133 17.77500000000   38.97674    74.91352               -49.750      0.000      32
       2134 17.78333333333   38.82460    75.21120               -49.707      0.000      32
       2135 17.79166666667   38.67223    75.50806               -49.718      0.000      32
       2136 17.80000000000   38.51964    75.80412               -49.680      0.000      32
       2137 17.80833333333   38.36683    76.09937               -49.663      0.000      32
       2138 17.81666666667   38.21380    76.39384               -49.591      0.000      32
       2139 17.82500000000   38.06055    76.68752               -49.629      0.000      32
       2140 17.83333333333   37.90710    76.98043               -49.537      0.000      32
       2141 17.84166666667   37.75343    77.27256               -49.516      0.000      32
       2142 17.85000000000   37.59956    77.56394               -49.515      0.000      32
       2143 17.85833333333   37.44550    77.85457               -49.526      0.000      32
       2144 17.86666666667   37.29123    78.14445               -49.512      0.000      32
       2145 17.87500000000   37.13677    78.43358               -49.520      0.000      32
       2146 17.88333333333   36.98212    78.72199               -49.427      0.000      32
       2147 17.89166666667   36.82729    79.00967               -48.489      0.000      32
       2148 17.90000000000   36.67227    79.29664               -49.318      0.000      32
       2149 17.90833333333   36.51707    79.58289               -47.527      0.000      32
       2150 17.91666666667   36.36169    79.86844               -45.727      0.000      32
       2151 17.92500000000   36.20614    80.15329               -45.613      0.000      32
       2152 17.93333333333   36.05042    80.43745               -47.523      0.000      32
       2153 17.94166666667   35.89454    80.72092               -47.424      0.000      32
       2154 17.95000000000   35.73849    81.00372               -47.445      0.000      32
       2155 17.95833333333   35.58228    81.28584               -47.392      0.000      32
       2156 17.96666666667   35.42592    81.56730               -47.326      0.000      32
       2157 17.97500000000   35.26940    81.84810               -47.348      0.000      32
       2158 17.98333333333   35.11273    82.12825             19182.636      0.000      32
       2159 17.99166666667   34.95592    82.40774               -47.222      0.000      32
       2160 18.00000000000   34.79897    82.68660               -47.186      0.000      32
       2161 18.00833333333   34.61754    82.93048               -47.117      0.000      32
       2162 18.01666666667   34.46050    83.20793               -47.074      0.000      32
       2163 18.02500000000   34.30317    83.48454               -47.078      0.000      32
       2164 18.03333333333   34.14554    83.76031               -46.968      0.000      32
       2165 18.04166666667   33.98762    84.03525               -47.034      0.000      32
       2166 18.05000000000   33.82942    84.30937               -47.007      0.000      32
       2167 18.05833333333   33.67093    84.58267               -46.923      0.000      32
       2168 18.06666666667   33.51217    84.85516               -46.960      0.000      32
       2169 18.07500000000   33.35314    85.12685               -46.922      0.000      32
       2170 18.08333333333   33.19384    85.39774               -46.841      0.000      32
       2171 18.09166666667   33.03427    85.66784               -46.830      0.000      32
       2172 18.10000000000   32.87445    85.93717               -46.768      0.000      32
       2173 18.10833333333   32.71436    86.20571               -46.708      0.000      32
       2174 18.11666666667   32.55403    86.47350               -46.605      0.000      32
       2175 18.12500000000   32.39345    86.74052               -46.639      0.000      32
       2176 18.13333333333   32.23263    87.00678               -46.550      0.000      32
       2177 18.14166666667   32.07156    87.27230               -46.604      0.000      32
       2178 18.15000000000   31.91026    87.53708               -46.493      0.000      32
       2179 18.15833333333   31.74873    87.80112               -46.393      0.000      32
       2180 18.16666666667   31.58697    88.06444               -46.459      0.000      32
       2181 18.17500000000   31.42499    88.32703               -46.386      0.000      32
       2182 18.18333333333   31.26280    88.58892               -46.354      0.000      32
       2183 18.19166666667   31.10038    88.85009               -46.370      0.000      32
       2184 18.20000000000   30.93776    89.11056               -46.239      0.000      32
       2185 18.20833333333   30.77493    89.37033               -46.202      0.000      32
       2186 18.21666666667   30.61189    89.62942               -46.222      0.000      32
       2187 18.22500000000   30.44866    89.88782               -46.145      0.000      32
       2188 18.23333333333   30.28523    90.14554               -46.069      0.000      32
       2189 18.24166666667   30.12161    90.40260               -45.958      0.000      32
       2190 18.25000000000   29.95781    90.65898               -45.922      0.000      32
       2191 18.25833333333   29.79382    90.91471               -45.821      0.000      32
       2192 18.26666666667   29.62965    91.16979               -45.851      0.000      32
       2193 18.27500000000   29.46531    91.42422               -45.711      0.000      32
       2194 18.28333333333   29.30080    91.67800               -45.596      0.000      32
       2195 18.29166666667   29.13612    91.93116               -45.631      0.000      32
       2196 18.30000000000   28.97128    92.18368               -45.512      0.000      32
       2197 18.30833333333   28.80628    92.43557               -45.498      0.000      32
       2198 18.31666666667   28.64112    92.68685               -45.447      0.000      32
       2199 18.32500000000   28.47581    92.93752               -45.420      0.000      32
       2200 18.33333333333   28.31036    93.18758               -45.351      0.000      32
       2201 18.34166666667   28.14476    93.43703            -15001.831      0.000      32
       2202 18.35000000000   27.97902    93.68589               -45.177      0.000      32
       2203 18.35833333333   27.81315    93.93416               -45.081      0.000      32
       2204 18.36666666667   27.64714    94.18184               -44.986      0.000      32
       2205 18.37500000000   27.48101    94.42894               -44.977      0.000      32
       2206 18.38333333333   27.31475    94.67547               -44.829      0.000      32
       2207 18.39166666667   27.14837    94.92143               -44.742      0.000      32
       2208 18.40000000000   26.98188    95.16682               -44.711      0.000      32
       2209 18.40833333333   26.81527    95.41165               -44.586      0.000      32
       2210 18.41666666667   26.64856    95.65593               -44.587      0.000      32
       2211 18.42500000000   26.48174    95.89966               -44.434      0.000      32
       2212 18.43333333333   26.31482    96.14285               -44.410      0.000      32
       2213 18.44166666667   26.14781    96.38549               -44.279      0.000      32
       2214 18.45000000000   25.98070    96.62760               -44.267      0.000      32
       2215 18.45833333333   25.81350    96.86918               -44.088      0.000      32
       2216 18.46666666667   25.64621    97.11024               -43.980      0.000      32
       2217 18.47500000000   25.47885    97.35078               -43.943      0.000      32
       2218 18.48333333333   25.31140    97.59080               -43.953      0.000      32
       2219 18.49166666667   25.14389    97.83031               -43.799      0.000      32
       2220 18.50000000000   24.97630    98.06932               -43.715      0.000      32
       2221 18.50833333333   24.77791    98.27425               -43.723      0.000      32
       2222 18.51666666667   24.61013    98.51205               -43.640      0.000      32
       2223 18.52500000000   24.44208    98.74914               -43.610      0.000      32
       2224 18.53333333333   24.27377    98.98552               -43.569      0.000      32
       2225 18.54166666667   24.10520    99.22121               -43.500      0.000      32
       2226 18.55000000000   23.93638    99.45620               -43.433      0.000      32
       2227 18.55833333333   23.76731    99.69050               -43.436      0.000      32
       2228 18.56666666667   23.59800    99.92412               -43.343      0.000      32
       2229 18.57500000000   23.42845   100.15706               -43.281      0.000      32
       2230 18.58333333333   23.25867   100.38933               -43.283      0.000      32
       2231 18.59166666667   23.08866   100.62093               -43.196      0.000      32
       2232 18.60000000000   22.91843   100.85187               -43.123      0.000      32
       2233 18.60833333333   22.74797   101.08214               -42.983      0.000      32
       2234 18.61666666667   22.57730   101.31177               -43.009      0.000      32
       2235 18.62500000000   22.40642   101.54075               -42.971      0.000      32
       2236 18.63333333333   22.23533   101.76909               -42.973      0.000      32
       2237 18.64166666667   22.06404   101.99679               -42.791      0.000      32
       2238 18.65000000000   21.89256   102.22386               -42.768      0.000      32
       2239 18.65833333333   21.72088   102.45030               -42.729      0.000      32
       2240 18.66666666667   21.54901   102.67612               -42.651      0.000      32
       2241 18.67500000000   21.37695   102.90133               -42.655      0.000      32
       2242 18.68333333333   21.20472   103.12592               -42.598      0.000      32
       2243 18.69166666667   21.03232   103.34990               -42.546      0.000      32
       2244 18.70000000000   20.85974   103.57329               -42.512      0.000      32
       2245 18.70833333333   20.68699   103.79608               -42.400      0.000      32
       2246 18.71666666667   20.51408   104.01827               -42.390      0.000      32
       2247 18.72500000000   20.34102   104.23988               -42.407      0.000      32
       2248 18.73333333333   20.16780   104.46091               -42.381      0.000      32
       2249 18.74166666667   19.99443   104.68136               -42.337      0.000      32
       2250 18.75000000000   19.82091   104.90124               -42.169      0.000      32
       2251 18.75833333333   19.64726   105.12055               -42.226      0.000      32
       2252 18.76666666667   19.47347   105.33930               -42.239      0.000      32
       2253 18.77500000000   19.29954   105.55749               -42.186      0.000      32
       2254 18.78333333333   19.12548   105.77512               -42.156      0.000      32
       2255 18.79166666667   18.95130   105.99221               -42.099      0.000      32
       2256 18.80000000000   18.77700   106.20876               -41.999      0.000      32
       2257 18.80833333333   18.60259   106.42476               -41.931      0.000      32
       2258 18.81666666667   18.42806   106.64024               -41.997      0.000      32
       2259 18.82500000000   18.25342   106.85518               -32.834      0.000      32
       2260 18.83333333333   18.07868   107.06959               -32.800      0.000      32
       2261 18.84166666667   17.90384   107.28349                12.821      0.000      32
       2262 18.85000000000   17.72890   107.49687                54.969      0.000      32
       2263 18.85833333333   17.55387   107.70974                54.921      0.000      32
       2264 18.86666666667   17.37875   107.92210                64.080      0.000      32
       2265 18.87500000000   17.20354   108.13396                60.428      0.000      32
       2266 18.88333333333   17.02826   108.34533                65.908      0.000      32
       2267 18.89166666667   16.85289   108.55619                65.924      0.000      32
       2268 18.90000000000   16.67746   108.76657                49.520      0.000      32
       2269 18.90833333333   16.50195   108.97647                27.719      0.000      32
       2270 18.91666666667   16.32638   109.18589                31.367      0.000      32
       2271 18.92500000000   16.15075   109.39483                31.348      0.000      32
       2272 18.93333333333   15.97506   109.60329                64.213      0.000      32
       2273 18.94166666667   15.79931   109.81130                66.128      0.000      32
       2274 18.95000000000   15.62351   110.01883                75.346      0.000      32
       2275 18.95833333333   15.44767   110.22591                75.417      0.000      32
       2276 18.96666666667   15.27178   110.43254                80.979      0.000      32
       2277 18.97500000000   15.09586   110.63872                73.653      0.000      32
       2278 18.98333333333   14.91990   110.84445                73.823      0.000      32
       2279 18.99166666667   14.74390   111.04974              -143.374      0.000      32
       2280 19.00000000000   14.56788   111.25459              -178.089      0.000      32
       2281 19.00833333333   14.36171   111.42538              -192.680      0.000      32
       2282 19.01666666667   14.18537   111.62908              -192.501      0.000      32
       2283 19.02500000000   14.00881   111.83213              -258.121      0.000      32
       2284 19.03333333333   13.83204   112.03454              -256.288      0.000      32
       2285 19.04166666667   13.65505   112.23632              -258.056      0.000      32
       2286 19.05000000000   13.47787   112.43746              -257.981      0.000      32
       2287 19.05833333333   13.30047   112.63797              -256.139      0.000      32
       2288 19.06666666667   13.12289   112.83787              -245.022      0.000      32
       2289 19.07500000000   12.94511   113.03714              -228.598      0.000      32
       2290 19.08333333333   12.76714   113.23580              -228.592      0.000      32
       2291 19.09166666667   12.58899   113.43384              -230.254      0.000      32
       2292 19.10000000000   12.41066   113.63128              -230.222      0.000      32
       2293 19.10833333333   12.23216   113.82812              -230.327      0.000      32
       2294 19.11666666667   12.05348   114.02436              -230.251      0.000      32
       2295 19.12500000000   11.87464   114.22001              -230.207      0.000      32
       2296 19.13333333333   11.69564   114.41507              -230.145      0.000      32
       2297 19.14166666667   11.51648   114.60955              -230.058      0.000      32
       2298 19.15000000000   11.33717   114.80345              -230.096      0.000      32
       2299 19.15833333333   11.15771   114.99677              -229.990      0.000      32
       2300 19.16666666667   10.97810   115.18951              -229.867      0.000      32
       2301 19.17500000000   10.79835   115.38170              -229.698      0.000      32
       2302 19.18333333333   10.61847   115.57331              -229.411      0.000      32
       2303 19.19166666667   10.43845   115.76437              -227.519      0.000      32
       2304 19.20000000000   10.25830   115.95488              -227.507      0.000      32
       2305 19.20833333333   10.07803   116.14484              -227.503      0.000      32
       2306 19.21666666667    9.89764   116.33424              -227.356      0.000      32
       2307 19.22500000000    9.71713   116.52311              -227.419      0.000      32
       2308 19.23333333333    9.53650   116.71144              -227.274      0.000      32
       2309 19.24166666667    9.35577   116.89924              -227.225      0.000      32
       2310 19.25000000000    9.17493   117.08651             14729.470      0.000      32
       2311 19.25833333333    8.99399   117.27325              -227.146      0.000      32
       2312 19.26666666667    8.81295   117.45948              -227.003      0.000      32
       2313 19.27500000000    8.63181   117.64518              -227.020      0.000      32
       2314 19.28333333333    8.45058   117.83038              -226.929      0.000      32
       2315 19.29166666667    8.26927   118.01506              -226.848      0.000      32
       2316 19.30000000000    8.08787   118.19924              -226.803      0.000      32
       2317 19.30833333333    7.90638   118.38293              -226.776      0.000      32
       2318 19.31666666667    7.72482   118.56611              -226.784      0.000      32
       2319 19.32500000000    7.54319   118.74881              -226.717      0.000      32
       2320 19.33333333333    7.36149   118.93101              -226.697      0.000      32
       2321 19.34166666667    7.17972   119.11274              -226.765      0.000      32
       2322 19.35000000000    6.99788   119.29398              -226.727      0.000      32
       2323 19.35833333333    6.81598   119.47475              -226.653      0.000      32
       2324 19.36666666667    6.63403   119.65505              -226.630      0.000      32
       2325 19.37500000000    6.45202   119.83488              -226.695      0.000      32
       2326 19.38333333333    6.26996   120.01425              -226.796      0.000      32
       2327 19.39166666667    6.08785   120.19316              -226.612      0.000      32
       2328 19.40000000000    5.90570   120.37161              -226.702      0.000      32
       2329 19.40833333333    5.72350   120.54962              -226.598      0.000      32
       2330 19.41666666667    5.54126   120.72717              -226.730      0.000      32
       2331 19.42500000000    5.35899   120.90429              -226.698      0.000      32
       2332 19.43333333333    5.17669   121.08096              -226.717      0.000      32
       2333 19.44166666667    4.99435   121.25720              -226.721      0.000      32
       2334 19.45000000000    4.81199   121.43301              -226.637      0.000      32
       2335 19.45833333333    4.62960   121.60839              -226.637      0.000      32
       2336 19.46666666667    4.44719   121.78335              -226.637      0.000      32
       2337 19.47500000000    4.26476   121.95789              -226.637      0.000      32
       2338 19.48333333333    4.08232   122.13201              -226.637      0.000      32
       2339 19.49166666667    3.89986   122.30572              -226.637      0.000      32
       2340 19.50000000000    3.71739   122.47903              -226.637      0.000      32
