# Created on 2022-09-14 14:18:05 
# Sources: obs\AAV40321.22O, nav\AAV40321.22N
# Satellite: G24
# Interval: 30.0
# Sampling interval: 0.0 (not used).
# Site: AAV4
# Position (L, B, H): 74.61783822493432, 43.02329917686259, 585.248198849149
# Position (X, Y, Z): 1238908.5437, 4503304.8915, 4329793.7299
# datetime format: %Y-%m-%dT%H:%M:%S
# Columns: tsn, hour, el, az, tec.l1l2, tec.p1p2, validity
# (I11,1X,F14.11,1X,F10.5,1X,F11.5,1X,F21.3,1X,F10.3,1X,I7)
       1320 11.00000000000    2.78994   317.92609               -91.157    142.842    4096
       1321 11.00833333333    2.97995   317.92797               -91.419    147.221    4096
       1322 11.01666666667    3.17001   317.92915               -91.521    144.622    4096
       1323 11.02500000000    3.36011   317.92961               -91.617    145.184    4096
       1324 11.03333333333    3.55026   317.92936               -91.726    140.682    4096
       1325 11.04166666667    3.74045   317.92839               -91.742    136.627    4096
       1326 11.05000000000    3.93069   317.92670               -91.875  -2297.757    4096
       1327 11.05833333333    4.12096   317.92429               -92.013    142.471    4096
       1328 11.06666666667    4.31127   317.92114               -92.231  -2299.537    4096
       1329 11.07500000000    4.50161   317.91727               -92.444    142.024    4096
       1330 11.08333333333    4.69198   317.91266               -92.669    138.226    4096
       1331 11.09166666667    4.88239   317.90730               -92.921    140.948    4096
       1332 11.10000000000    5.07282   317.90121               -93.125    140.539    4096
       1333 11.10833333333    5.26328   317.89437               -93.376    139.197    4096
       1334 11.11666666667    5.45376   317.88678               -93.470    140.986    4096
       1335 11.12500000000    5.64427   317.87843               -93.663    138.683    4096
       1336 11.13333333333    5.83479   317.86933               -93.849  -2298.423    4096
       1337 11.14166666667    6.02534   317.85947               -93.999    135.105    4096
       1338 11.15000000000    6.21589   317.84884               -94.223  -2303.630    4096
       1339 11.15833333333    6.40646   317.83744               -94.463    139.454    4096
       1340 11.16666666667    6.59704   317.82527               -94.652    140.834    4096
       1341 11.17500000000    6.78763   317.81232               -94.899    145.993    4096
       1342 11.18333333333    6.97822   317.79859               -95.088    146.002    4096
       1343 11.19166666667    7.16882   317.78408               -95.190    136.894    4096
       1344 11.20000000000    7.35942   317.76878               -95.366    135.400    4096
       1345 11.20833333333    7.55001   317.75269               -95.413  -2301.697    4096
       1346 11.21666666667    7.74060   317.73580               -95.767    136.294    4096
       1347 11.22500000000    7.93119   317.71811               -95.916    133.582    4097
       1348 11.23333333333    8.12176   317.69961               -96.166    133.325    4096
       1349 11.24166666667    8.31232   317.68031               -96.379    131.945    4096
       1350 11.25000000000    8.50287   317.66020               -96.747    138.226    4096
       1351 11.25833333333    8.69340   317.63926               -96.955    120.133    4096
       1352 11.26666666667    8.88391   317.61751               -97.283    125.035    4096
       1353 11.27500000000    9.07439   317.59493               -97.515    134.552    4096
       1354 11.28333333333    9.26485   317.57152               -97.761    134.552    4096
       1355 11.29166666667    9.45529   317.54728               -98.039    136.485    4096
       1356 11.30000000000    9.64569   317.52220               -98.380    143.547    4096
       1357 11.30833333333    9.83605   317.49628               -98.498    128.157    4096
       1358 11.31666666667   10.02638   317.46951               -98.774    143.394    4096
       1359 11.32500000000   10.21667   317.44188               -99.110    137.674    4096
       1360 11.33333333333   10.40692   317.41341               -99.349    128.975    4096
       1361 11.34166666667   10.59712   317.38407               -99.512    131.164    4096
       1362 11.35000000000   10.78727   317.35386               -99.733    127.747    4096
       1363 11.35833333333   10.97737   317.32279               -99.975    134.248    4096
       1364 11.36666666667   11.16741   317.29084              -100.212    136.599    4096
       1365 11.37500000000   11.35739   317.25802              -100.368    130.317    4096
       1366 11.38333333333   11.54732   317.22431              -100.621    121.761    4096
       1367 11.39166666667   11.73717   317.18971              -100.825    134.667    4096
       1368 11.40000000000   11.92696   317.15422              -101.050    136.180    4096
       1369 11.40833333333   12.11668   317.11783              -101.217    135.105    4096
       1370 11.41666666667   12.30633   317.08054              -101.434    142.205    4096
       1371 11.42500000000   12.49589   317.04234              -101.622    138.521    4096
       1372 11.43333333333   12.68537   317.00323              -101.782    135.361    4096
       1373 11.44166666667   12.87477   316.96321              -101.888    128.299    4096
       1374 11.45000000000   13.06408   316.92226              -102.053    127.224    4096
       1375 11.45833333333   13.25330   316.88038              -102.198  -2308.798    4096
       1376 11.46666666667   13.44242   316.83758              -102.332    126.520    4096
       1377 11.47500000000   13.63145   316.79383              -102.554    130.203    4096
       1378 11.48333333333   13.82036   316.74915              -102.596    125.701    4096
       1379 11.49166666667   14.00918   316.70351              -102.843    131.316    4096
       1380 11.50000000000   14.19788   316.65693              -102.999    122.570    4096
       1381 11.50833333333   14.38647   316.60938              -103.275    124.102    4096
       1382 11.51666666667   14.57494   316.56088              -103.530    122.284    4096
       1383 11.52500000000   14.76329   316.51141              -103.718    119.305    4096
       1384 11.53333333333   14.95151   316.46096              -103.859    119.572    4096
       1385 11.54166666667   15.13960   316.40954              -104.135    119.600    4096
       1386 11.55000000000   15.32756   316.35713              -104.298    127.224    4096
       1387 11.55833333333   15.51538   316.30373              -104.590    128.861    4096
       1388 11.56666666667   15.70306   316.24934              -104.794  -2297.196    4096
       1389 11.57500000000   15.89059   316.19395              -105.026    134.962    4096
       1390 11.58333333333   16.07797   316.13756              -105.168    131.421    4096
       1391 11.59166666667   16.26520   316.08015              -105.293    128.414    4096
       1392 11.60000000000   16.45227   316.02173              -105.459    130.612    4096
       1393 11.60833333333   16.63918   315.96229              -105.609    133.886    4096
       1394 11.61666666667   16.82591   315.90182              -105.619    128.014    4096
       1395 11.62500000000   17.01248   315.84031              -105.810    124.473    4096
       1396 11.63333333333   17.19887   315.77777              -105.874    124.882    4096
       1397 11.64166666667   17.38508   315.71419              -106.078    128.975    4096
       1398 11.65000000000   17.57110   315.64955              -106.154    131.012    4096
       1399 11.65833333333   17.75694   315.58386              -106.257    127.338    4096
       1400 11.66666666667   17.94258   315.51711              -106.329    129.384    4096
       1401 11.67500000000   18.12802   315.44930              -106.442    127.443    4096
       1402 11.68333333333   18.31325   315.38041              -106.520    128.556    4096
       1403 11.69166666667   18.49828   315.31044              -106.668    123.540    4096
       1404 11.70000000000   18.68309   315.23939              -106.810    134.695    4096
       1405 11.70833333333   18.86768   315.16725              -106.922    125.434    4096
       1406 11.71666666667   19.05205   315.09401              -107.081    132.249    4096
       1407 11.72500000000   19.23619   315.01967              -107.281    129.936    4096
       1408 11.73333333333   19.42010   314.94422              -107.489    127.338    4096
       1409 11.74166666667   19.60377   314.86766              -107.714    128.718    4096
       1410 11.75000000000   19.78719   314.78998              -107.846    115.517    4096
       1411 11.75833333333   19.97036   314.71118              -108.026    123.103    4096
       1412 11.76666666667   20.15328   314.63124              -108.193    119.562    4096
       1413 11.77500000000   20.33594   314.55017              -108.423    125.549    4096
       1414 11.78333333333   20.51834   314.46796              -108.564    130.726    4096
       1415 11.79166666667   20.70046   314.38459              -108.687    129.127    4096
       1416 11.80000000000   20.88231   314.30007              -108.893    126.367    4096
       1417 11.80833333333   21.06387   314.21439              -109.017    127.605    4096
       1418 11.81666666667   21.24515   314.12753              -109.118    121.903    4096
       1419 11.82500000000   21.42613   314.03951              -109.220    124.730    4096
       1420 11.83333333333   21.60682   313.95031              -109.301    125.701    4096
       1421 11.84166666667   21.78720   313.85992              -109.370    130.460    4096
       1422 11.85000000000   21.96727   313.76833              -109.541    128.975    4096
       1423 11.85833333333   22.14702   313.67555              -109.537    130.346    4096
       1424 11.86666666667   22.32645   313.58157              -109.540    121.875    4096
       1425 11.87500000000   22.50555   313.48637              -109.731    130.603    4096
       1426 11.88333333333   22.68432   313.38996              -109.834    122.836    4096
       1427 11.89166666667   22.86275   313.29233              -109.922    121.094    4096
       1428 11.90000000000   23.04083   313.19346              -110.009    128.566    4096
       1429 11.90833333333   23.21856   313.09336              -110.099    128.823    4096
       1430 11.91666666667   23.39592   312.99202              -110.210    131.983    4096
       1431 11.92500000000   23.57292   312.88943              -110.389    131.421    4096
       1432 11.93333333333   23.74955   312.78559              -110.451    132.249    4096
       1433 11.94166666667   23.92580   312.68049              -110.520    132.240    4096
       1434 11.95000000000   24.10167   312.57412              -110.637    124.730    4096
       1435 11.95833333333   24.27714   312.46648              -110.703    120.942    4096
       1436 11.96666666667   24.45222   312.35756              -110.768  -2313.414    4096
       1437 11.97500000000   24.62688   312.24735              -110.869    129.784    4096
       1438 11.98333333333   24.80114   312.13586              -111.000    126.929    4096
       1439 11.99166666667   24.97498   312.02306              -111.090  -2311.767    4096
       1440 12.00000000000   25.14839   311.90897              -111.183    119.572    4096
       1441 12.00833333333   25.32137   311.79356              -111.253    122.018    4096
       1442 12.01666666667   25.49391   311.67684              -111.410    129.232    4096
       1443 12.02500000000   25.66600   311.55880              -111.496    122.874    4096
       1444 12.03333333333   25.83764   311.43943              -111.567    124.064    4096
       1445 12.04166666667   26.00881   311.31873              -111.685    126.377    4096
       1446 12.05000000000   26.17952   311.19669              -111.782    128.566    4096
       1447 12.05833333333   26.34975   311.07330              -111.892    125.996    4096
       1448 12.06666666667   26.51950   310.94856              -111.973    121.351    4096
       1449 12.07500000000   26.68876   310.82247              -112.072    124.073    4096
       1450 12.08333333333   26.85752   310.69501              -112.104    120.542    4096
       1451 12.09166666667   27.02577   310.56618              -112.192    116.745    4096
       1452 12.10000000000   27.19351   310.43598              -112.307    125.025    4096
       1453 12.10833333333   27.36072   310.30440              -112.354    121.351    4096
       1454 12.11666666667   27.52741   310.17143              -112.467    117.106    4096
       1455 12.12500000000   27.69356   310.03707              -112.502    120.799    4096
       1456 12.13333333333   27.85916   309.90131              -112.524    122.170    4096
       1457 12.14166666667   28.02422   309.76415              -112.589    123.921    4096
       1458 12.15000000000   28.18871   309.62558              -112.615    123.245    4096
       1459 12.15833333333   28.35263   309.48560              -112.731    122.170    4096
       1460 12.16666666667   28.51597   309.34419              -112.818    123.245    4096
       1461 12.17500000000   28.67873   309.20137              -112.889  -2313.823    4096
       1462 12.18333333333   28.84090   309.05711              -112.986    124.216    4096
       1463 12.19166666667   29.00246   308.91142              -113.093    124.473    4096
       1464 12.20000000000   29.16341   308.76429              -113.149    124.921    4096
       1465 12.20833333333   29.32375   308.61571              -113.230    121.618    4096
       1466 12.21666666667   29.48345   308.46568              -113.323    122.836    4096
       1467 12.22500000000   29.64252   308.31420              -113.403    119.010    4096
       1468 12.23333333333   29.80095   308.16126              -113.503    120.685    4096
       1469 12.24166666667   29.95872   308.00685              -113.533    119.315    4096
       1470 12.25000000000   30.11583   307.85098              -113.623    123.693    4096
       1471 12.25833333333   30.27227   307.69363              -113.685    118.344    4096
       1472 12.26666666667   30.42803   307.53480              -113.781  -2316.688    4096
       1473 12.27500000000   30.58310   307.37449              -113.842    114.813    4096
       1474 12.28333333333   30.73747   307.21270              -113.857    120.828    4096
       1475 12.29166666667   30.89114   307.04941              -113.921    122.018    4096
       1476 12.30000000000   31.04409   306.88463              -113.958    119.191    4096
       1477 12.30833333333   31.19631   306.71835              -113.987    119.048    4096
       1478 12.31666666667   31.34780   306.55057              -114.105    119.153    4096
       1479 12.32500000000   31.49855   306.38129              -114.172    118.496    4096
       1480 12.33333333333   31.64855   306.21049              -114.219    118.896    4096
       1481 12.34166666667   31.79778   306.03818              -114.246    118.601    4096
       1482 12.35000000000   31.94624   305.86436              -114.319    125.596    4096
       1483 12.35833333333   32.09393   305.68901              -114.378    122.313    4096
       1484 12.36666666667   32.24082   305.51215              -114.429  -2310.435    4096
       1485 12.37500000000   32.38691   305.33376              -114.514    118.344    4096
       1486 12.38333333333   32.53219   305.15384              -114.594    119.572    4096
       1487 12.39166666667   32.67666   304.97239              -114.639    113.842    4096
       1488 12.40000000000   32.82029   304.78941              -114.685    122.731    4096
       1489 12.40833333333   32.96309   304.60490              -114.783    120.790    4096
       1490 12.41666666667   33.10504   304.41885              -114.829    126.263    4096
       1491 12.42500000000   33.24614   304.23127              -114.920    121.094    4096
       1492 12.43333333333   33.38636   304.04214              -114.937    118.743    4096
       1493 12.44166666667   33.52571   303.85147              -114.994    125.549    4096
       1494 12.45000000000   33.66417   303.65926              -115.079    123.245    4096
       1495 12.45833333333   33.80174   303.46551              -115.102  -2310.549    4096
       1496 12.46666666667   33.93839   303.27021              -115.156    119.010    4096
       1497 12.47500000000   34.07413   303.07337              -115.180    116.440    4096
       1498 12.48333333333   34.20895   302.87498              -115.193    117.782    4096
       1499 12.49166666667   34.34283   302.67505             18925.679  -2314.527    4096
       1500 12.50000000000   34.47576   302.47357              -115.256    123.950    4096
       1501 12.50833333333   34.60773   302.27055              -115.284    124.359    4096
       1502 12.51666666667   34.73874   302.06598              -115.314    121.199    4096
       1503 12.52500000000   34.86877   301.85987              -115.335    117.973    4096
       1504 12.53333333333   34.99781   301.65222              -115.281    113.994    4096
       1505 12.54166666667   35.12586   301.44302              -115.337    121.085    4096
       1506 12.55000000000   35.25290   301.23228              -115.342    119.971    4096
       1507 12.55833333333   35.37892   301.02001              -115.356    120.790    4096
       1508 12.56666666667   35.50391   300.80619              -115.402    120.124    4096
       1509 12.57500000000   35.62787   300.59084              -115.389    119.305    4096
       1510 12.58333333333   35.75078   300.37396              -115.445    119.305    4096
       1511 12.59166666667   35.87263   300.15555              -115.451    118.753    4096
       1512 12.60000000000   35.99341   299.93561              -115.481    112.462    4096
       1513 12.60833333333   36.11311   299.71415              -115.570    117.525    4096
       1514 12.61666666667   36.23173   299.49117              -115.570    118.743    4096
       1515 12.62500000000   36.34924   299.26667              -115.569    119.867    4096
       1516 12.63333333333   36.46565   299.04066              -115.665    114.394    4096
       1517 12.64166666667   36.58094   298.81314              -115.700    115.365    4096
       1518 12.65000000000   36.69510   298.58412              -115.727    111.691    4096
       1519 12.65833333333   36.80812   298.35359              -115.747    123.664    4096
       1520 12.66666666667   36.92000   298.12158              -115.803    121.351    4096
       1521 12.67500000000   37.03071   297.88808              -115.796    120.533    4096
       1522 12.68333333333   37.14025   297.65309              -115.838    116.592    4096
       1523 12.69166666667   37.24862   297.41663              -115.867    116.592    4096
       1524 12.70000000000   37.35579   297.17870              -115.858    114.394    4096
       1525 12.70833333333   37.46177   296.93931              -115.897    113.318    4096
       1526 12.71666666667   37.56654   296.69846              -115.887    122.950    4096
       1527 12.72500000000   37.67009   296.45616              -115.911    118.601    4096
       1528 12.73333333333   37.77241   296.21243              -115.899    125.330    4096
       1529 12.74166666667   37.87350   295.96726              -115.928    120.533    4096
       1530 12.75000000000   37.97333   295.72067              -115.977    120.124    4096
       1531 12.75833333333   38.07191   295.47266              -115.981    121.504    4096
       1532 12.76666666667   38.16922   295.22325              -115.995    115.631    4096
       1533 12.77500000000   38.26526   294.97244              -115.990    119.457    4096
       1534 12.78333333333   38.36001   294.72024              -116.035    118.753    4096
       1535 12.79166666667   38.45346   294.46667              -116.071  -2311.663    4096
       1536 12.80000000000   38.54561   294.21173              -116.116    114.803    4096
       1537 12.80833333333   38.63645   293.95544              -116.121    118.782    4096
       1538 12.81666666667   38.72596   293.69780              -116.111    116.592    4096
       1539 12.82500000000   38.81414   293.43883              -116.153    118.896    4096
       1540 12.83333333333   38.90098   293.17854              -116.120    117.925    4096
       1541 12.84166666667   38.98647   292.91694              -116.159    117.259    4096
       1542 12.85000000000   39.07061   292.65405              -116.143    116.040    4096
       1543 12.85833333333   39.15337   292.38987              -116.118    115.888    4096
       1544 12.86666666667   39.23476   292.12442              -116.145    117.411    4096
       1545 12.87500000000   39.31476   291.85772              -116.143    116.155    4096
       1546 12.88333333333   39.39338   291.58977              -116.078    117.668    4096
       1547 12.89166666667   39.47059   291.32060              -116.115    119.572    4096
       1548 12.90000000000   39.54639   291.05021              -116.097    119.572    4096
       1549 12.90833333333   39.62077   290.77862              -116.127    120.828    4096
       1550 12.91666666667   39.69373   290.50585              -116.138    121.351    4096
       1551 12.92500000000   39.76526   290.23191              -116.155  -2316.831    4096
       1552 12.93333333333   39.83534   289.95683              -116.140    116.288    4096
       1553 12.94166666667   39.90398   289.68060              -116.178    116.707    4096
       1554 12.95000000000   39.97116   289.40326              -116.207    118.334    4096
       1555 12.95833333333   40.03688   289.12481             18924.716  -2323.265    4096
       1556 12.96666666667   40.10112   288.84529              -116.216    120.676    4096
       1557 12.97500000000   40.16389   288.56469              -116.212    119.572    4096
       1558 12.98333333333   40.22518   288.28305              -116.256    113.214    4096
       1559 12.99166666667   40.28497   288.00037              -116.248    114.556    4096
       1560 13.00000000000   40.34327   287.71669              -116.250    118.896    4096
       1561 13.00833333333   40.40007   287.43201              -116.296    115.783    4096
       1562 13.01666666667   40.45535   287.14635              -116.268    120.228    4096
       1563 13.02500000000   40.50912   286.85975              -116.272    118.601    4096
       1564 13.03333333333   40.56136   286.57220              -116.273    117.411    4096
       1565 13.04166666667   40.61208   286.28375              -116.309    117.259    4096
       1566 13.05000000000   40.66126   285.99439              -116.326    116.745    4096
       1567 13.05833333333   40.70891   285.70417              -116.276    118.743    4096
       1568 13.06666666667   40.75501   285.41309              -116.290    114.660    4096
       1569 13.07500000000   40.79956   285.12118              -116.323    117.668    4096
       1570 13.08333333333   40.84255   284.82846              -116.347    110.568    4096
       1571 13.09166666667   40.88399   284.53494              -116.337    119.714    4096
       1572 13.10000000000   40.92387   284.24067              -116.329    122.988    4096
       1573 13.10833333333   40.96217   283.94564              -116.359  -2320.400    4096
       1574 13.11666666667   40.99891   283.64990              -116.335    116.849    4096
       1575 13.12500000000   41.03407   283.35345              -116.344    119.857    4096
       1576 13.13333333333   41.06765   283.05632              -116.333    114.546    4096
       1577 13.14166666667   41.09964   282.75854             18924.637  -2322.970    4096
       1578 13.15000000000   41.13005   282.46013              -116.323    118.896    4096
       1579 13.15833333333   41.15887   282.16111            -14953.390    115.622    4096
       1580 13.16666666667   41.18610   281.86150              -116.307    120.790    4096
       1581 13.17500000000   41.21173   281.56134              -116.296    116.707    4096
       1582 13.18333333333   41.23577   281.26063              -116.325    119.971    4096
       1583 13.19166666667   41.25820   280.95941              -116.343    121.247    4096
       1584 13.20000000000   41.27903   280.65770              -116.307    122.018    4096
       1585 13.20833333333   41.29826   280.35552              -116.333    117.782    4096
       1586 13.21666666667   41.31588   280.05290              -116.380    116.336    4096
       1587 13.22500000000   41.33190   279.74986              -116.366    117.002    4096
       1588 13.23333333333   41.34630   279.44643              -116.362    123.807    4096
       1589 13.24166666667   41.35910   279.14263              -116.367    114.137    4096
       1590 13.25000000000   41.37028   278.83848              -116.382    120.381    4096
       1591 13.25833333333   41.37986   278.53401              -116.328    109.235    4096
       1592 13.26666666667   41.38782   278.22925              -116.355    119.857    4096
       1593 13.27500000000   41.39417   277.92422              -116.331    114.955    4096
       1594 13.28333333333   41.39891   277.61894              -116.288    115.917    4096
       1595 13.29166666667   41.40203   277.31344             18924.647  -2324.854    4096
       1596 13.30000000000   41.40355   277.00774              -116.315    118.591    4096
       1597 13.30833333333   41.40345   276.70187              -116.257    116.964    4096
       1598 13.31666666667   41.40175   276.39585              -116.252    120.533    4096
       1599 13.32500000000   41.39843   276.08971              -116.286    120.133    4096
       1600 13.33333333333   41.39351   275.78347              -116.227    113.176    4096
       1601 13.34166666667   41.38699   275.47716              -116.259    121.865    4096
       1602 13.35000000000   41.37886   275.17080            -14953.307    111.539    4096
       1603 13.35833333333   41.36912   274.86441              -116.207    120.942    4096
       1604 13.36666666667   41.35779   274.55802              -116.177    112.909    4096
       1605 13.37500000000   41.34486   274.25165              -116.174    116.297    4096
       1606 13.38333333333   41.33033   273.94533              -116.132    109.940    4096
       1607 13.39166666667   41.31422   273.63909              -116.141    113.842    4096
       1608 13.40000000000   41.29651   273.33293              -116.096    122.018    4096
       1609 13.40833333333   41.27722   273.02690              -116.079    120.685    4096
       1610 13.41666666667   41.25634   272.72101              -116.034    112.766    4096
       1611 13.42500000000   41.23389   272.41528              -116.005    122.170    4096
       1612 13.43333333333   41.20986   272.10974              -115.963    119.048    4096
       1613 13.44166666667   41.18426   271.80442              -115.947    112.509    4096
       1614 13.45000000000   41.15710   271.49933              -115.909    123.807    4096
       1615 13.45833333333   41.12837   271.19450              -115.908    113.471    4096
       1616 13.46666666667   41.09808   270.88994              -115.890    112.871    4096
       1617 13.47500000000   41.06624   270.58569              -115.862    116.592    4096
       1618 13.48333333333   41.03285   270.28177              -115.837    114.803    4096
       1619 13.49166666667   40.99792   269.97819              -115.832    113.728    4096
       1620 13.50000000000   40.96146   269.67498              -115.838    121.466    4096
       1621 13.50833333333   40.92346   269.37216              -115.785    117.554    4096
       1622 13.51666666667   40.88393   269.06974              -115.797    116.964    4096
       1623 13.52500000000   40.84289   268.76776              -115.773    113.166    4096
       1624 13.53333333333   40.80033   268.46623              -115.768    115.212    4096
       1625 13.54166666667   40.75626   268.16518              -115.735    116.326    4096
       1626 13.55000000000   40.71069   267.86461              -115.723    113.880    4096
       1627 13.55833333333   40.66363   267.56456              -115.702    114.403    4096
       1628 13.56666666667   40.61508   267.26504              -115.652    122.018    4096
       1629 13.57500000000   40.56505   266.96607              -115.631    113.585    4096
       1630 13.58333333333   40.51354   266.66767              -115.577    116.707    4096
       1631 13.59166666667   40.46057   266.36985              -115.521    110.158    4096
       1632 13.60000000000   40.40614   266.07264              -115.471    118.230    4096
       1633 13.60833333333   40.35025   265.77606              -115.428    119.162    4096
       1634 13.61666666667   40.29293   265.48012              -115.380    118.344    4096
       1635 13.62500000000   40.23416   265.18484              -115.341    120.133    4096
       1636 13.63333333333   40.17397   264.89023              -115.289    120.942    4096
       1637 13.64166666667   40.11236   264.59632              -115.220    118.087    4096
       1638 13.65000000000   40.04933   264.30312              -115.220    117.411    4096
       1639 13.65833333333   39.98490   264.01064              -115.208    117.002    4096
       1640 13.66666666667   39.91908   263.71890              -115.169    121.913    4096
       1641 13.67500000000   39.85187   263.42792              -115.099    116.859    4096
       1642 13.68333333333   39.78328   263.13771              -115.095    117.002    4096
       1643 13.69166666667   39.71332   262.84828              -115.088    111.015    4096
       1644 13.70000000000   39.64201   262.55966              -115.053    117.411    4096
       1645 13.70833333333   39.56934   262.27184              -115.071    116.859    4096
       1646 13.71666666667   39.49533   261.98486              -115.065    117.678    4096
       1647 13.72500000000   39.41999   261.69872              -115.015    117.782    4096
       1648 13.73333333333   39.34332   261.41343              -115.076    116.592    4096
       1649 13.74166666667   39.26534   261.12900              -115.025    111.529    4096
       1650 13.75000000000   39.18606   260.84546              -115.042  -2318.725    4096
       1651 13.75833333333   39.10548   260.56280              -115.013    115.622    4096
       1652 13.76666666667   39.02361   260.28105              -115.024    122.170    4096
       1653 13.77500000000   38.94047   260.00020              -114.995    113.728    4096
       1654 13.78333333333   38.85607   259.72029              -114.998    119.410    4096
       1655 13.79166666667   38.77041   259.44130              -114.942    118.487    4096
       1656 13.80000000000   38.68350   259.16326              -114.925    118.230    4096
       1657 13.80833333333   38.59536   258.88617              -114.876    118.191    4096
       1658 13.81666666667   38.50600   258.61005              -114.829    119.981    4096
       1659 13.82500000000   38.41541   258.33489              -114.785    113.880    4096
       1660 13.83333333333   38.32363   258.06072              -114.767    116.440    4096
       1661 13.84166666667   38.23065   257.78754              -114.709    118.496    4096
       1662 13.85000000000   38.13648   257.51535              -114.645    117.002    4096
       1663 13.85833333333   38.04115   257.24417              -114.608    114.289    4096
       1664 13.86666666667   37.94464   256.97400              -114.544    114.689    4096
       1665 13.87500000000   37.84699   256.70485              -114.490    113.985    4096
       1666 13.88333333333   37.74819   256.43672              -114.450    120.533    4096
       1667 13.89166666667   37.64827   256.16963              -114.386    117.525    4096
       1668 13.90000000000   37.54722   255.90357              -114.304    122.170    4096
       1669 13.90833333333   37.44506   255.63856              -114.318    117.259    4096
       1670 13.91666666667   37.34180   255.37460              -114.287    120.533    4096
       1671 13.92500000000   37.23745   255.11169              -114.199    119.457    4096
       1672 13.93333333333   37.13202   254.84984              -114.188    117.116    4096
       1673 13.94166666667   37.02552   254.58905              -114.197    116.183    4096
       1674 13.95000000000   36.91797   254.32933              -114.109    120.942    4096
       1675 13.95833333333   36.80937   254.07069              -114.066    110.158    4096
       1676 13.96666666667   36.69974   253.81311              -114.027    122.693    4096
       1677 13.97500000000   36.58908   253.55662              -113.960    116.297    4096
       1678 13.98333333333   36.47741   253.30121              -113.970    115.365    4096
       1679 13.99166666667   36.36473   253.04688              -113.919    123.655    4096
       1680 14.00000000000   36.25105   252.79363              -113.916    120.685    4096
       1681 14.00833333333   36.13641   252.54148              -113.805    119.971    4096
       1682 14.01666666667   36.02079   252.29042              -113.801    116.440    4096
       1683 14.02500000000   35.90421   252.04045              -113.768    117.002    4096
       1684 14.03333333333   35.78667   251.79157              -113.707    118.601    4096
       1685 14.04166666667   35.66820   251.54379              -113.645    126.110    4096
       1686 14.05000000000   35.54881   251.29710              -113.583    119.714    4096
       1687 14.05833333333   35.42849   251.05151              -113.505    115.774    4096
       1688 14.06666666667   35.30727   250.80701              -113.451    114.023    4096
       1689 14.07500000000   35.18515   250.56362              -113.424    127.186    4096
       1690 14.08333333333   35.06214   250.32132              -113.368    115.365    4096
       1691 14.09166666667   34.93826   250.08011              -113.315    117.820    4096
       1692 14.10000000000   34.81352   249.84000              -113.264    124.102    4096
       1693 14.10833333333   34.68792   249.60099              -113.226    118.191    4096
       1694 14.11666666667   34.56148   249.36307              -113.192    117.106    4096
       1695 14.12500000000   34.43421   249.12625              -113.140    118.334    4096
       1696 14.13333333333   34.30611   248.89051              -113.140    122.722    4096
       1697 14.14166666667   34.17720   248.65587              -113.153    120.533    4096
       1698 14.15000000000   34.04750   248.42231              -113.119    123.093    4096
       1699 14.15833333333   33.91700   248.18985              -113.105    116.707    4096
       1700 14.16666666667   33.78572   247.95846              -113.045    114.698    4096
       1701 14.17500000000   33.65367   247.72816              -113.025    113.728    4096
       1702 14.18333333333   33.52086   247.49893              -112.982    121.504    4096
       1703 14.19166666667   33.38730   247.27079              -112.952    116.707    4096
       1704 14.20000000000   33.25300   247.04372              -112.932    110.454    4096
       1705 14.20833333333   33.11797   246.81771              -112.935  -2313.442    4096
       1706 14.21666666667   32.98222   246.59278              -112.840    117.116    4096
       1707 14.22500000000   32.84576   246.36891              -112.803    116.297    4096
       1708 14.23333333333   32.70860   246.14610              -112.822    118.077    4096
       1709 14.24166666667   32.57076   245.92435              -112.777    123.502    4096
       1710 14.25000000000   32.43223   245.70365              -112.718    125.958    4096
       1711 14.25833333333   32.29303   245.48401              -112.639    107.998    4096
       1712 14.26666666667   32.15318   245.26540              -112.651    119.572    4096
       1713 14.27500000000   32.01267   245.04784              -112.581    124.321    4096
       1714 14.28333333333   31.87152   244.83132              -112.510    118.191    4096
       1715 14.29166666667   31.72975   244.61583              -112.435    121.646    4096
       1716 14.30000000000   31.58735   244.40136              -112.414    118.230    4096
       1717 14.30833333333   31.44434   244.18792              -112.366    116.964    4096
       1718 14.31666666667   31.30072   243.97550              -112.326    116.183    4096
       1719 14.32500000000   31.15652   243.76409              -112.325    118.230    4096
       1720 14.33333333333   31.01173   243.55369              -112.238    118.077    4096
       1721 14.34166666667   30.86637   243.34430              -112.245    120.790    4096
       1722 14.35000000000   30.72044   243.13590              -112.223    128.414    4096
       1723 14.35833333333   30.57396   242.92850              -112.135    116.450    4096
       1724 14.36666666667   30.42693   242.72208              -112.108  -2321.180    4096
       1725 14.37500000000   30.27936   242.51665              -112.107    118.077    4096
       1726 14.38333333333   30.13126   242.31219              -112.003    117.145    4096
       1727 14.39166666667   29.98265   242.10871              -111.969    117.820    4096
       1728 14.40000000000   29.83352   241.90619              -111.948    132.087    4096
       1729 14.40833333333   29.68390   241.70462              -111.880    120.685    4096
       1730 14.41666666667   29.53378   241.50402              -111.893    117.668    4096
       1731 14.42500000000   29.38317   241.30436              -111.829    117.668    4096
       1732 14.43333333333   29.23209   241.10564              -111.766    115.631    4096
       1733 14.44166666667   29.08055   240.90786              -111.747    115.774    4096
       1734 14.45000000000   28.92854   240.71101              -111.726    122.979    4096
       1735 14.45833333333   28.77609   240.51508              -111.710    125.177    4096
       1736 14.46666666667   28.62319   240.32006              -111.636    125.844    4096
       1737 14.47500000000   28.46986   240.12596              -111.642    118.087    4096
       1738 14.48333333333   28.31611   239.93277              -111.639    118.487    4096
       1739 14.49166666667   28.16194   239.74047              -111.586    121.199    4096
       1740 14.50000000000   28.00736   239.54906              -111.565    114.546    4096
       1741 14.50833333333   27.85238   239.35854              -111.579    111.272    4096
       1742 14.51666666667   27.69701   239.16890              -111.567    114.813    4096
       1743 14.52500000000   27.54125   238.98013              -111.486    126.253    4096
       1744 14.53333333333   27.38512   238.79222              -111.502    118.344    4096
       1745 14.54166666667   27.22862   238.60517              -111.485    117.820    4096
       1746 14.55000000000   27.07176   238.41898              -111.428    130.051    4096
       1747 14.55833333333   26.91455   238.23363              -111.461  -2315.603    4096
       1748 14.56666666667   26.75699   238.04912              -111.380    127.081    4096
       1749 14.57500000000   26.59909   237.86544              -111.379    123.245    4096
       1750 14.58333333333   26.44087   237.68259              -111.385    125.587    4096
       1751 14.59166666667   26.28232   237.50056              -111.377    126.110    4096
       1752 14.60000000000   26.12346   237.31933              -111.311    125.558    4096
       1753 14.60833333333   25.96429   237.13892              -111.324    123.912    4096
       1754 14.61666666667   25.80482   236.95930              -111.271    121.723    4096
       1755 14.62500000000   25.64505   236.78047              -111.272    118.896    4096
       1756 14.63333333333   25.48501   236.60243              -111.277    126.520    4096
       1757 14.64166666667   25.32468   236.42516              -111.262    132.763    4096
       1758 14.65000000000   25.16408   236.24866              -111.249    114.813    4096
       1759 14.65833333333   25.00321   236.07293              -111.286    118.753    4096
       1760 14.66666666667   24.84209   235.89796              -111.207    127.900    4096
       1761 14.67500000000   24.68072   235.72373             18929.737  -2324.188    4096
       1762 14.68333333333   24.51911   235.55025              -111.226    122.170    4096
       1763 14.69166666667   24.35725   235.37750              -111.184    122.579    4096
       1764 14.70000000000   24.19517   235.20548              -111.257    108.674    4096
       1765 14.70833333333   24.03286   235.03419              -111.153    131.431    4096
       1766 14.71666666667   23.87034   234.86361              -111.132    128.157    4096
       1767 14.72500000000   23.70761   234.69374              -111.098  -2299.137    4096
       1768 14.73333333333   23.54467   234.52457             18929.846  -2313.404    4096
       1769 14.74166666667   23.38154   234.35609              -111.024    122.275    4096
       1770 14.75000000000   23.21821   234.18830              -111.086    114.803    4096
       1771 14.75833333333   23.05470   234.02120              -111.117    123.921    4096
       1772 14.76666666667   22.89101   233.85476              -111.033    122.836    4096
       1773 14.77500000000   22.72715   233.68900              -111.083    118.782    4096
       1774 14.78333333333   22.56313   233.52389              -110.991    120.533    4096
       1775 14.79166666667   22.39894   233.35944              -111.019    130.051    4096
       1776 14.80000000000   22.23460   233.19563              -111.000    132.249    4096
       1777 14.80833333333   22.07011   233.03247              -110.914    123.807    4096
       1778 14.81666666667   21.90549   232.86993              -110.928    133.877    4096
       1779 14.82500000000   21.74072   232.70803              -110.933    114.546    4096
       1780 14.83333333333   21.57583   232.54674              -110.861  -2311.663    4096
       1781 14.84166666667   21.41081   232.38606             18930.126  -2316.421    4096
       1782 14.85000000000   21.24567   232.22599              -110.701    124.064    4096
       1783 14.85833333333   21.08042   232.06652              -110.724    122.465    4096
       1784 14.86666666667   20.91507   231.90764              -110.782    114.251    4096
       1785 14.87500000000   20.74961   231.74935              -110.871    123.655    4096
       1786 14.88333333333   20.58406   231.59164              -110.819  -2308.760    4096
       1787 14.89166666667   20.41842   231.43450              -110.739    122.436    4096
       1788 14.90000000000   20.25269   231.27792              -110.806    126.253    4096
       1789 14.90833333333   20.08688   231.12190              -110.669    117.525    4096
       1790 14.91666666667   19.92100   230.96644              -110.671    117.668    4096
       1791 14.92500000000   19.75505   230.81152              -110.565    115.222    4096
       1792 14.93333333333   19.58904   230.65714              -110.590    121.875    4096
       1793 14.94166666667   19.42297   230.50329              -110.552    127.747    4096
       1794 14.95000000000   19.25685   230.34997              -110.449    112.243    4096
       1795 14.95833333333   19.09067   230.19717              -110.453    125.149    4096
       1796 14.96666666667   18.92446   230.04489              -110.475    128.261    4096
       1797 14.97500000000   18.75821   229.89311              -110.450    130.193    4096
       1798 14.98333333333   18.59193   229.74183              -110.444    127.338    4096
       1799 14.99166666667   18.42561   229.59104              -110.468    112.614    4096
       1800 15.00000000000   18.25928   229.44075              -110.507    118.191    4096
       1801 15.00833333333   18.09293   229.29093              -110.554    121.199    4096
       1802 15.01666666667   17.92656   229.14159              -110.491    125.292    4096
       1803 15.02500000000   17.76019   228.99272              -110.475    123.245    4096
       1804 15.03333333333   17.59381   228.84431              -110.476    126.263    4096
       1805 15.04166666667   17.42744   228.69636              -110.308    129.384    4096
       1806 15.05000000000   17.26107   228.54886              -110.320    120.942    4096
       1807 15.05833333333   17.09471   228.40180              -110.250    132.392    4096
       1808 15.06666666667   16.92837   228.25518              -110.129    123.655    4096
       1809 15.07500000000   16.76205   228.10899              -110.099    118.077    4096
       1810 15.08333333333   16.59575   227.96323              -110.078    126.110    4096
       1811 15.09166666667   16.42948   227.81789              -110.051    115.774    4096
       1812 15.10000000000   16.26324   227.67296              -109.995    125.035    4096
       1813 15.10833333333   16.09704   227.52844              -110.005    122.988    4096
       1814 15.11666666667   15.93088   227.38432              -109.966    127.081    4096
       1815 15.12500000000   15.76477   227.24060              -109.943    119.600    4096
       1816 15.13333333333   15.59871   227.09726              -109.928    123.245    4096
       1817 15.14166666667   15.43270   226.95431              -109.989    108.264    4096
       1818 15.15000000000   15.26676   226.81174              -109.879    138.493    4096
       1819 15.15833333333   15.10087   226.66954              -109.749    125.149    4096
       1820 15.16666666667   14.93506   226.52771              -109.717    119.162    4096
       1821 15.17500000000   14.76931   226.38624              -109.816    121.903    4096
       1822 15.18333333333   14.60364   226.24513              -109.789    124.882    4096
       1823 15.19166666667   14.43805   226.10436              -109.655    125.853    4096
       1824 15.20000000000   14.27255   225.96394              -109.732    118.896    4096
       1825 15.20833333333   14.10713   225.82385              -109.663    112.357    4096
       1826 15.21666666667   13.94180   225.68410              -109.702    117.782    4096
       1827 15.22500000000   13.77657   225.54468              -109.692    114.403    4096
       1828 15.23333333333   13.61143   225.40557              -109.667    134.848    4096
       1829 15.24166666667   13.44641   225.26679              -109.632    135.666    4096
       1830 15.25000000000   13.28148   225.12831              -109.621    128.975    4096
       1831 15.25833333333   13.11667   224.99014              -109.561    113.023    4096
       1832 15.26666666667   12.95197   224.85226              -109.500    132.801    4096
       1833 15.27500000000   12.78739   224.71469              -109.403    119.981    4096
       1834 15.28333333333   12.62294   224.57740              -109.337    114.651    4096
       1835 15.29166666667   12.45860   224.44039              -109.313    117.116    4096
       1836 15.30000000000   12.29440   224.30366              -109.297    130.308    4096
       1837 15.30833333333   12.13033   224.16721              -109.165    127.043    4096
       1838 15.31666666667   11.96640   224.03102              -109.290    116.859    4096
       1839 15.32500000000   11.80261   223.89509              -109.296  -2298.309    4096
       1840 15.33333333333   11.63895   223.75942              -109.167    136.180    4096
       1841 15.34166666667   11.47545   223.62401              -109.097    118.487    4096
       1842 15.35000000000   11.31210   223.48884              -109.126    110.311    4096
       1843 15.35833333333   11.14890   223.35391              -109.167    125.025    4096
       1844 15.36666666667   10.98586   223.21922              -109.167    119.419    4096
       1845 15.37500000000   10.82298   223.08476              -109.094    114.251    4096
       1846 15.38333333333   10.66026   222.95053              -108.943    111.129    4096
       1847 15.39166666667   10.49771   222.81652              -109.046    124.625    4096
       1848 15.40000000000   10.33533   222.68272              -108.943    106.665    4096
       1849 15.40833333333   10.17313   222.54914              -108.861    120.238    4096
       1850 15.41666666667   10.01110   222.41576              -108.991    116.707    4096
       1851 15.42500000000    9.84925   222.28259              -108.917    124.616    4096
       1852 15.43333333333    9.68759   222.14961              -108.898    115.222    4096
       1853 15.44166666667    9.52611   222.01683              -108.839    134.962    4096
       1854 15.45000000000    9.36482   221.88423              -108.637    124.216    4096
       1855 15.45833333333    9.20373   221.75182              -108.798    135.514    4096
       1856 15.46666666667    9.04283   221.61958              -108.783     99.718    4096
       1857 15.47500000000    8.88214   221.48752              -108.863     92.465    4096
       1858 15.48333333333    8.72164   221.35563                 0.000      0.000    5752
       1859 15.49166666667    8.56135   221.22390               -68.541    115.774    4099
       1860 15.50000000000    8.40127   221.09233               -68.445    116.031    4096
       1861 15.50833333333    8.24140   220.96091               -68.409    119.572    4096
       1862 15.51666666667    8.08175   220.82965               -68.293    125.853    4096
       1863 15.52500000000    7.92231   220.69853               -68.346     93.027    4096
       1864 15.53333333333    7.76309   220.56755               -68.226    112.757    4096
       1865 15.54166666667    7.60410   220.43671               -68.107    121.723    4096
       1866 15.55000000000    7.44534   220.30600               -68.203    123.655    4096
       1867 15.55833333333    7.28680   220.17542               -68.103    125.330    4096
       1868 15.56666666667    7.12850   220.04497               -68.107    119.048    4096
       1869 15.57500000000    6.97043   219.91463               -68.122    110.044    4096
       1870 15.58333333333    6.81260   219.78441               -68.096    108.264    4096
       1871 15.59166666667    6.65501   219.65429               -68.275    145.860    4096
       1872 15.60000000000    6.49766   219.52429               -68.265    115.774    4096
       1873 15.60833333333    6.34056   219.39439               -68.099    130.203    4096
       2434 20.28333333333    3.81173   133.42774               -85.409    121.761    4096
       2435 20.29166666667    3.96148   133.28087               -85.369    114.660    4096
       2436 20.30000000000    4.11144   133.13389               -85.240  -2318.572    4096
       2437 20.30833333333    4.26163   132.98677               -85.295    116.297    4096
       2438 20.31666666667    4.41202   132.83951               -85.184    105.809    4096
       2439 20.32500000000    4.56263   132.69212               -85.276    133.734    4096
       2440 20.33333333333    4.71345   132.54459               -85.261    108.112    4096
       2441 20.34166666667    4.86448   132.39692               -85.163    122.570    4096
       2442 20.35000000000    5.01570   132.24909               -85.103    109.521    4096
       2443 20.35833333333    5.16712   132.10110               -85.058    123.921    4096
       2444 20.36666666667    5.31873   131.95296               -85.051    116.297    4096
       2445 20.37500000000    5.47054   131.80466               -84.964  -2310.949    4096
       2446 20.38333333333    5.62253   131.65619               -85.043    118.487    4096
       2447 20.39166666667    5.77470   131.50754               -85.053    120.533    4096
       2448 20.40000000000    5.92706   131.35873               -84.946    116.745    4096
       2449 20.40833333333    6.07959   131.20973               -85.020    115.212    4096
       2450 20.41666666667    6.23228   131.06054               -84.963    117.554    4096
       2451 20.42500000000    6.38515   130.91117               -84.888    113.575    4096
       2452 20.43333333333    6.53818   130.76160               -84.751    123.655    4096
       2453 20.44166666667    6.69138   130.61184               -84.758    119.276    4096
       2454 20.45000000000    6.84473   130.46187               -84.682    114.813    4096
       2455 20.45833333333    6.99823   130.31170               -84.624    119.048    4096
       2456 20.46666666667    7.15188   130.16132               -84.551    114.518    4096
       2457 20.47500000000    7.30567   130.01071               -84.547    121.351    4096
       2458 20.48333333333    7.45961   129.85989               -84.570    118.601    4096
       2459 20.49166666667    7.61368   129.70885               -84.536    117.525    4096
       2460 20.50000000000    7.76789   129.55757               -84.630    116.745    4096
       2461 20.50833333333    7.92222   129.40606               -84.707    115.888    4096
       2462 20.51666666667    8.07668   129.25431               -84.706    116.145    4096
       2463 20.52500000000    8.23126   129.10232               -84.734    119.410    4096
       2464 20.53333333333    8.38596   128.95008               -84.767    116.849    4096
       2465 20.54166666667    8.54077   128.79759               -84.723    124.169    4096
       2466 20.55000000000    8.69569   128.64484               -84.801    120.086    4096
       2467 20.55833333333    8.85071   128.49182               -84.799    103.096    4096
       2468 20.56666666667    9.00583   128.33854               -84.779    113.575    4096
       2469 20.57500000000    9.16105   128.18499               -84.817    118.639    4096
       2470 20.58333333333    9.31636   128.03116               -84.826    122.170    4096
       2471 20.59166666667    9.47176   127.87705               -84.904    120.276    4096
       2472 20.60000000000    9.62724   127.72265               -84.894    118.344    4096
       2473 20.60833333333    9.78280   127.56797               -84.950    125.035    4096
       2474 20.61666666667    9.93843   127.41298               -84.947    120.837    4096
       2475 20.62500000000   10.09414   127.25770               -85.085    118.782    4096
       2476 20.63333333333   10.24991   127.10211               -85.098    109.749    4096
       2477 20.64166666667   10.40574   126.94620               -85.191    131.021    4096
       2478 20.65000000000   10.56162   126.78999               -85.236    114.394    4096
       2479 20.65833333333   10.71756   126.63345               -85.322    115.108    4096
       2480 20.66666666667   10.87355   126.47658               -85.390    118.487    4096
       2481 20.67500000000   11.02958   126.31939               -85.529    120.419    4096
       2482 20.68333333333   11.18564   126.16186               -85.449    114.108    4096
       2483 20.69166666667   11.34174   126.00399               -85.457    125.739    4096
       2484 20.70000000000   11.49787   125.84577               -85.472    123.807    4096
       2485 20.70833333333   11.65403   125.68721               -85.567    126.263    4096
       2486 20.71666666667   11.81020   125.52828               -85.557    103.801    4096
       2487 20.72500000000   11.96639   125.36900               -85.488    121.351    4096
       2488 20.73333333333   12.12258   125.20935               -85.542    128.975    4096
       2489 20.74166666667   12.27879   125.04933               -85.556    116.040    4096
       2490 20.75000000000   12.43499   124.88893               -85.637    123.255    4096
       2491 20.75833333333   12.59118   124.72815               -85.886    120.428    4096
       2492 20.76666666667   12.74737   124.56699               -85.851    118.639    4096
       2493 20.77500000000   12.90354   124.40543               -85.915  -2306.228    4096
       2494 20.78333333333   13.05969   124.24348               -85.970    117.782    4096
       2495 20.79166666667   13.21582   124.08112               -86.081    123.245    4096
       2496 20.80000000000   13.37191   123.91836               -86.159    119.971    4096
       2497 20.80833333333   13.52797   123.75518               -86.324    114.251    4096
       2498 20.81666666667   13.68399   123.59158               -86.428    126.110    4096
       2499 20.82500000000   13.83997   123.42757               -86.563    123.702    4096
       2500 20.83333333333   13.99589   123.26312               -86.503    117.925    4096
       2501 20.84166666667   14.15176   123.09824               -86.538  -2314.518    4096
       2502 20.85000000000   14.30756   122.93293               -86.678    130.089    4096
       2503 20.85833333333   14.46330   122.76716               -86.757    108.816    4096
       2504 20.86666666667   14.61896   122.60095               -86.692    120.124    4096
       2505 20.87500000000   14.77455   122.43429               -86.835    119.714    4096
       2506 20.88333333333   14.93005   122.26716               -86.748    101.345    4096
       2507 20.89166666667   15.08547   122.09957            -14923.700    119.714    4096
       2508 20.90000000000   15.24078   121.93151               -86.738    128.709    4096
       2509 20.90833333333   15.39600   121.76297               -86.951    129.375    4096
       2510 20.91666666667   15.55112   121.59395               -86.981    126.110    4096
       2511 20.92500000000   15.70612   121.42445               -87.059    125.149    4096
       2512 20.93333333333   15.86100   121.25445               -87.011    110.197    4096
       2513 20.94166666667   16.01576   121.08396               -86.982    112.100    4096
       2514 20.95000000000   16.17039   120.91296               -86.998    125.967    4096
       2515 20.95833333333   16.32489   120.74146               -86.939    121.199    4096
       2516 20.96666666667   16.47924   120.56944               -87.065    124.587    4096
       2517 20.97500000000   16.63345   120.39690               -87.078    118.487    4096
       2518 20.98333333333   16.78751   120.22384               -87.153    123.912    4096
       2519 20.99166666667   16.94140   120.05026               -87.213    123.950    4096
       2520 21.00000000000   17.09514   119.87613               -87.241    126.405    4096
       2521 21.00833333333   17.24870   119.70147               -87.161    110.977    4096
       2522 21.01666666667   17.40208   119.52626               -87.278    114.813    4096
       2523 21.02500000000   17.55528   119.35051               -87.219    115.745    4096
       2524 21.03333333333   17.70829   119.17419               -87.280    115.774    4096
       2525 21.04166666667   17.86110   118.99732               -87.285    119.829    4096
       2526 21.05000000000   18.01372   118.81988               -87.337    117.002    4096
       2527 21.05833333333   18.16612   118.64187               -87.328    119.714    4096
       2528 21.06666666667   18.31831   118.46328               -87.442    122.579    4096
       2529 21.07500000000   18.47027   118.28412               -87.414    126.110    4096
       2530 21.08333333333   18.62201   118.10436               -87.389    107.589    4096
       2531 21.09166666667   18.77351   117.92401               -87.499    116.297    4096
       2532 21.10000000000   18.92477   117.74307               -87.414    116.183    4096
       2533 21.10833333333   19.07579   117.56152               -87.538    121.351    4096
       2534 21.11666666667   19.22655   117.37937               -87.506    112.919    4096
       2535 21.12500000000   19.37704   117.19660               -87.490    119.971    4096
       2536 21.13333333333   19.52727   117.01321               -87.485    107.855    4096
       2537 21.14166666667   19.67722   116.82921               -87.507    123.141    4096
       2538 21.15000000000   19.82690   116.64457               -87.595    126.367    4096
       2539 21.15833333333   19.97628   116.45930               -87.551    101.716    4096
       2540 21.16666666667   20.12536   116.27339               -87.653    124.625    4096
       2541 21.17500000000   20.27415   116.08684               -87.637    111.129    4096
       2542 21.18333333333   20.42262   115.89965               -87.592    112.643    4096
       2543 21.19166666667   20.57077   115.71179               -87.696    123.245    4096
       2544 21.20000000000   20.71861   115.52329               -87.678    115.070    4096
       2545 21.20833333333   20.86610   115.33412               -87.731    118.382    4096
       2546 21.21666666667   21.01327   115.14428               -87.734    114.546    4096
       2547 21.22500000000   21.16008   114.95377               -87.759    117.963    4096
       2548 21.23333333333   21.30654   114.76258               -87.836    124.625    4096
       2549 21.24166666667   21.45264   114.57071               -87.880    112.462    4096
       2550 21.25000000000   21.59837   114.37816               -87.887    111.529    4096
       2551 21.25833333333   21.74373   114.18491               -87.878    112.357    4096
       2552 21.26666666667   21.88870   113.99097               -87.814    116.031    4096
       2553 21.27500000000   22.03328   113.79633               -87.860    115.212    4096
       2554 21.28333333333   22.17746   113.60098               -87.952    123.502    4096
       2555 21.29166666667   22.32124   113.40493               -88.091    118.496    4096
       2556 21.30000000000   22.46460   113.20816               -88.120    111.424    4096
       2557 21.30833333333   22.60754   113.01068               -88.177    120.685    4096
       2558 21.31666666667   22.75006   112.81247               -88.197    106.894    4096
       2559 21.32500000000   22.89213   112.61354               -88.291    118.639    4096
       2560 21.33333333333   23.03376   112.41387               -88.383    120.086    4096
       2561 21.34166666667   23.17494   112.21348               -88.353    116.031    4096
       2562 21.35000000000   23.31565   112.01234               -88.401    119.200    4096
       2563 21.35833333333   23.45590   111.81046               -88.420    108.674    4096
       2564 21.36666666667   23.59566   111.60784               -88.485    116.440    4096
       2565 21.37500000000   23.73495   111.40447               -88.514    109.492    4096
       2566 21.38333333333   23.87374   111.20034               -88.538    119.562    4096
       2567 21.39166666667   24.01203   110.99546               -88.593    117.411    4096
       2568 21.40000000000   24.14980   110.78981               -88.639    111.938    4096
       2569 21.40833333333   24.28706   110.58340               -88.715    114.965    4096
       2570 21.41666666667   24.42380   110.37623               -88.720    113.737    4096
       2571 21.42500000000   24.56000   110.16828               -88.764    122.988    4096
       2572 21.43333333333   24.69565   109.95955               -88.807    113.433    4096
       2573 21.44166666667   24.83076   109.75005               -88.870    118.791    4096
       2574 21.45000000000   24.96530   109.53977               -88.884    115.365    4096
       2575 21.45833333333   25.09928   109.32871               -88.912    116.554    4096
       2576 21.46666666667   25.23268   109.11686               -88.943    121.209    4096
       2577 21.47500000000   25.36549   108.90422               -88.992    113.585    4096
       2578 21.48333333333   25.49771   108.69078               -89.065    120.942    4096
       2579 21.49166666667   25.62933   108.47656               -89.067    116.707    4096
       2580 21.50000000000   25.76034   108.26153               -89.110    113.471    4096
       2581 21.50833333333   25.89072   108.04571               -89.141    121.351    4096
       2582 21.51666666667   26.02048   107.82908               -89.123    116.592    4096
       2583 21.52500000000   26.14960   107.61165               -89.239    118.230    4096
       2584 21.53333333333   26.27807   107.39342               -89.271    110.044    4096
       2585 21.54166666667   26.40589   107.17438             18951.680  -2314.232    4096
       2586 21.55000000000   26.53304   106.95452               -89.364    118.077    4096
       2587 21.55833333333   26.65952   106.73386               -89.384    110.311    4096
       2588 21.56666666667   26.78532   106.51238               -89.391    120.381    4096
       2589 21.57500000000   26.91043   106.29009               -89.400  -2317.383    4096
       2590 21.58333333333   27.03484   106.06698               -89.483    116.707    4096
       2591 21.59166666667   27.15854   105.84306               -89.529    111.805    4096
       2592 21.60000000000   27.28152   105.61831               -89.522    114.651    4096
       2593 21.60833333333   27.40377   105.39275               -89.535    114.660    4096
       2594 21.61666666667   27.52529   105.16637               -89.648    116.592    4096
       2595 21.62500000000   27.64607   104.93917               -89.636    109.940    4096
       2596 21.63333333333   27.76609   104.71115               -89.653    115.365    4096
       2597 21.64166666667   27.88535   104.48231               -89.796    119.315    4096
       2598 21.65000000000   28.00383   104.25264               -89.759    110.454    4096
       2599 21.65833333333   28.12153   104.02216               -89.817  -2312.072    4096
       2600 21.66666666667   28.23845   103.79085               -89.853    112.500    4096
       2601 21.67500000000   28.35456   103.55872               -89.883    112.652    4096
       2602 21.68333333333   28.46987   103.32578               -89.912    117.678    4096
       2603 21.69166666667   28.58435   103.09201               -89.994    113.023    4096
       2604 21.70000000000   28.69801   102.85742               -90.025    111.244    4096
       2605 21.70833333333   28.81084   102.62202               -90.051    119.600    4096
       2606 21.71666666667   28.92281   102.38580               -90.072  -2324.340    4096
       2607 21.72500000000   29.03394   102.14877               -90.093    112.614    4096
       2608 21.73333333333   29.14420   101.91092               -90.131    117.668    4096
       2609 21.74166666667   29.25358   101.67225               -90.192    106.627    4096
       2610 21.75000000000   29.36209   101.43278               -90.186    112.348    4096
       2611 21.75833333333   29.46970   101.19250               -90.197    109.635    4096
       2612 21.76666666667   29.57641   100.95142               -90.253    117.925    4096
       2613 21.77500000000   29.68221   100.70953               -90.310    112.500    4096
       2614 21.78333333333   29.78709   100.46684               -90.295    110.758    4096
       2615 21.79166666667   29.89105   100.22335               -90.294    109.492    4096
       2616 21.80000000000   29.99407    99.97906               -90.339    108.969    4096
       2617 21.80833333333   30.09614    99.73399               -90.358    116.859    4096
       2618 21.81666666667   30.19725    99.48812               -90.419    108.303    4096
       2619 21.82500000000   30.29740    99.24147               -90.387    109.940    4096
       2620 21.83333333333   30.39658    98.99404               -90.438    111.529    4096
       2621 21.84166666667   30.49477    98.74584               -90.496    115.070    4096
       2622 21.85000000000   30.59197    98.49686               -90.488    114.108    4096
       2623 21.85833333333   30.68817    98.24711               -90.550    110.720    4096
       2624 21.86666666667   30.78336    97.99659               -90.563    108.417    4096
       2625 21.87500000000   30.87753    97.74532               -90.536  -2321.742    4096
       2626 21.88333333333   30.97067    97.49330               -90.652    110.197    4096
       2627 21.89166666667   31.06278    97.24052               -90.674  -2330.441    4096
       2628 21.90000000000   31.15384    96.98701               -90.670    111.681    4096
       2629 21.90833333333   31.24384    96.73275               -90.743    108.521    4096
       2630 21.91666666667   31.33279    96.47777               -90.745    113.328    4096
       2631 21.92500000000   31.42066    96.22206               -90.764    109.902    4096
       2632 21.93333333333   31.50745    95.96563               -90.798    118.639    4096
       2633 21.94166666667   31.59315    95.70849               -90.847    107.855    4096
       2634 21.95000000000   31.67775    95.45064               -90.864    113.994    4096
       2635 21.95833333333   31.76124    95.19209               -90.919    118.077    4096
       2636 21.96666666667   31.84363    94.93286               -90.922    112.205    4096
       2637 21.97500000000   31.92488    94.67294               -90.884    109.235    4096
       2638 21.98333333333   32.00501    94.41235               -90.926    120.533    4096
       2639 21.99166666667   32.08399    94.15109               -90.945    115.888    4096
       2640 22.00000000000   32.16183    93.88917               -90.961    106.627    4096
       2641 22.00833333333   32.23851    93.62660               -90.978  -2321.209    4096
       2642 22.01666666667   32.31402    93.36338               -91.002    117.411    4096
       2643 22.02500000000   32.38837    93.09954               -90.982    105.961    4096
       2644 22.03333333333   32.46153    92.83507               -90.931  -2320.105    4096
       2645 22.04166666667   32.53350    92.56998               -91.008    120.533    4096
       2646 22.05000000000   32.60428    92.30430               -91.015    108.569    4096
       2647 22.05833333333   32.67385    92.03801               -90.992    118.896    4096
       2648 22.06666666667   32.74221    91.77114               -91.040    110.977    4096
       2649 22.07500000000   32.80935    91.50370               -91.039    116.183    4096
       2650 22.08333333333   32.87526    91.23569               -91.094    112.500    4096
       2651 22.09166666667   32.93994    90.96713               -91.090    119.010    4096
       2652 22.10000000000   33.00338    90.69803               -91.118    114.556    4096
       2653 22.10833333333   33.06556    90.42839               -91.089    109.787    4096
       2654 22.11666666667   33.12650    90.15824               -91.106    118.344    4096
       2655 22.12500000000   33.18616    89.88758               -91.135  -2322.665    4096
       2656 22.13333333333   33.24456    89.61642               -91.111    113.842    4096
       2657 22.14166666667   33.30168    89.34478               -91.178    112.100    4096
       2658 22.15000000000   33.35752    89.07266               -91.181    116.592    4096
       2659 22.15833333333   33.41207    88.80009               -91.181    110.720    4096
       2660 22.16666666667   33.46532    88.52707               -91.211    117.525    4096
       2661 22.17500000000   33.51726    88.25362               -91.229    117.268    4096
       2662 22.18333333333   33.56790    87.97974               -91.221    111.529    4096
       2663 22.19166666667   33.61722    87.70546               -91.258    122.284    4096
       2664 22.20000000000   33.66522    87.43079               -91.270    112.243    4096
       2665 22.20833333333   33.71189    87.15573               -91.236    110.311    4096
       2666 22.21666666667   33.75723    86.88031               -91.273    117.116    4096
       2667 22.22500000000   33.80123    86.60454               -91.313    111.681    4096
       2668 22.23333333333   33.84388    86.32843               -91.305    110.711    4096
       2669 22.24166666667   33.88519    86.05199               -91.349    113.585    4096
       2670 22.25000000000   33.92514    85.77525               -91.348    113.842    4096
       2671 22.25833333333   33.96372    85.49822               -91.376    108.940    4096
       2672 22.26666666667   34.00095    85.22090               -91.453    112.766    4096
       2673 22.27500000000   34.03680    84.94332               -91.480    112.091    4096
       2674 22.28333333333   34.07127    84.66550               -91.495    113.842    4096
       2675 22.29166666667   34.10437    84.38744               -91.526    112.652    4096
       2676 22.30000000000   34.13608    84.10917               -91.508    112.766    4096
       2677 22.30833333333   34.16641    83.83069               -91.583    117.668    4096
       2678 22.31666666667   34.19534    83.55203               -91.614    111.129    4096
       2679 22.32500000000   34.22287    83.27320               -91.575    113.842    4096
       2680 22.33333333333   34.24900    82.99421               -91.610    108.826    4096
       2681 22.34166666667   34.27373    82.71509               -91.621  -2321.847    4096
       2682 22.35000000000   34.29705    82.43585               -91.666    112.614    4096
       2683 22.35833333333   34.31896    82.15651               -91.652    112.509    4096
       2684 22.36666666667   34.33945    81.87708               -91.717    116.145    4096
       2685 22.37500000000   34.35852    81.59758             18949.227  -2321.847    4096
       2686 22.38333333333   34.37618    81.31802               -91.705    119.562    4096
       2687 22.39166666667   34.39241    81.03843               -91.731    114.689    4096
       2688 22.40000000000   34.40721    80.75882               -91.736    111.653    4096
       2689 22.40833333333   34.42059    80.47921               -91.683    114.251    4096
       2690 22.41666666667   34.43253    80.19962               -91.719    117.525    4096
       2691 22.42500000000   34.44304    79.92005               -91.716    112.205    4096
       2692 22.43333333333   34.45211    79.64054               -91.733    116.440    4096
       2693 22.44166666667   34.45975    79.36110               -91.808    113.842    4096
       2694 22.45000000000   34.46595    79.08174               -91.798    117.963    4096
       2695 22.45833333333   34.47070    78.80248               -91.809    109.340    4096
       2696 22.46666666667   34.47402    78.52334               -91.851  -2318.315    4096
       2697 22.47500000000   34.47589    78.24434               -91.904    116.440    4096
       2698 22.48333333333   34.47632    77.96550               -91.911    116.440    4096
       2699 22.49166666667   34.47530    77.68683               -91.888    111.834    4096
       2700 22.50000000000   34.47283    77.40835               -91.906    114.394    4096
       2701 22.50833333333   34.46892    77.13008               -91.954    114.546    4096
       2702 22.51666666667   34.46357    76.85204               -91.959  -2320.771    4096
       2703 22.52500000000   34.45676    76.57424               -91.936    119.162    4096
       2704 22.53333333333   34.44851    76.29670               -91.929    109.378    4096
       2705 22.54166666667   34.43882    76.01945               -91.945    117.411    4096
       2706 22.55000000000   34.42767    75.74249               -91.953    112.053    4096
       2707 22.55833333333   34.41508    75.46584               -91.996  -2324.340    4096
       2708 22.56666666667   34.40105    75.18953               -92.016  -2324.454    4096
       2709 22.57500000000   34.38557    74.91357               -92.021    114.955    4096
       2710 22.58333333333   34.36864    74.63798               -92.025    110.711    4096
       2711 22.59166666667   34.35027    74.36277               -92.037    111.282    4096
       2712 22.60000000000   34.33047    74.08797               -92.007    111.834    4096
       2713 22.60833333333   34.30922    73.81358               -92.041    115.070    4096
       2714 22.61666666667   34.28653    73.53964               -92.071  -2324.302    4096
       2715 22.62500000000   34.26241    73.26615               -92.110    117.106    4096
       2716 22.63333333333   34.23685    72.99313               -92.110    111.386    4096
       2717 22.64166666667   34.20986    72.72060               -92.175    111.272    4096
       2718 22.65000000000   34.18144    72.44857               -92.172    114.137    4096
       2719 22.65833333333   34.15159    72.17707               -92.208    112.757    4096
       2720 22.66666666667   34.12031    71.90611               -92.200    110.872    4096
       2721 22.67500000000   34.08762    71.63571               -92.235    116.297    4096
       2722 22.68333333333   34.05350    71.36587               -92.265    109.902    4096
       2723 22.69166666667   34.01797    71.09663               -92.289    113.318    4096
       2724 22.70000000000   33.98102    70.82800               -92.302    109.083    4096
       2725 22.70833333333   33.94266    70.55998               -92.351    109.902    4096
       2726 22.71666666667   33.90289    70.29261               -92.367    114.660    4096
       2727 22.72500000000   33.86172    70.02588               -92.398    109.635    4096
       2728 22.73333333333   33.81916    69.75983               -92.419    112.091    4096
       2729 22.74166666667   33.77519    69.49446               -92.440    110.454    4096
       2730 22.75000000000   33.72983    69.22980               -92.478    111.015    4096
       2731 22.75833333333   33.68309    68.96585               -92.516    109.749    4096
       2732 22.76666666667   33.63496    68.70263             18948.384  -2321.323    4096
       2733 22.77500000000   33.58546    68.44016               -92.612    111.129    4096
       2734 22.78333333333   33.53458    68.17844               -92.584    113.176    4096
       2735 22.79166666667   33.48233    67.91751               -92.636    115.060    4096
       2736 22.80000000000   33.42871    67.65736             18948.301  -2325.121    4096
       2737 22.80833333333   33.37374    67.39802               -92.704    110.863    4096
       2738 22.81666666667   33.31741    67.13950               -92.714    111.120    4096
       2739 22.82500000000   33.25973    66.88181               -92.724    111.796    4096
       2740 22.83333333333   33.20070    66.62496               -92.743    108.379    4096
       2741 22.84166666667   33.14034    66.36898               -92.837    109.940    4096
       2742 22.85000000000   33.07865    66.11387               -92.907    111.129    4096
       2743 22.85833333333   33.01562    65.85964               -92.932    106.665    4096
       2744 22.86666666667   32.95128    65.60632               -92.997    111.129    4096
       2745 22.87500000000   32.88562    65.35390               -92.983    109.940    4096
       2746 22.88333333333   32.81865    65.10241               -93.010    112.652    4096
       2747 22.89166666667   32.75037    64.85186               -92.982    117.516    4096
       2748 22.90000000000   32.68080    64.60225               -93.008    113.585    4096
       2749 22.90833333333   32.60994    64.35361               -93.018    112.757    4096
       2750 22.91666666667   32.53779    64.10593               -93.048    115.070    4096
       2751 22.92500000000   32.46436    63.85924               -93.040    108.674    4096
       2752 22.93333333333   32.38967    63.61355               -93.092    109.235    4096
       2753 22.94166666667   32.31370    63.36886               -93.119    106.218    4096
       2754 22.95000000000   32.23648    63.12519               -93.196    108.969    4096
       2755 22.95833333333   32.15801    62.88254               -93.216    107.332    4096
       2756 22.96666666667   32.07830    62.64094               -93.313    106.513    4096
       2757 22.97500000000   31.99734    62.40038               -93.332    105.285    4096
       2758 22.98333333333   31.91516    62.16087               -93.402    110.311    4096
       2759 22.99166666667   31.83175    61.92244               -93.403    111.015    4096
       2760 23.00000000000   31.74713    61.68508               -93.419    117.154    4096
       2761 23.00833333333   31.66130    61.44881               -93.404    114.289    4096
       2762 23.01666666667   31.57427    61.21363               -93.448    112.909    4096
       2763 23.02500000000   31.48605    60.97955               -93.423    114.137    4096
       2764 23.03333333333   31.39664    60.74659               -93.475    113.061    4096
       2765 23.04166666667   31.30605    60.51475               -93.461    110.054    4096
       2766 23.05000000000   31.21430    60.28403               -93.536    116.031    4096
       2767 23.05833333333   31.12138    60.05446               -93.559    109.787    4096
       2768 23.06666666667   31.02730    59.82602               -93.574    114.394    4096
       2769 23.07500000000   30.93208    59.59874               -93.636    115.212    4096
       2770 23.08333333333   30.83572    59.37262               -93.611    114.394    4096
       2771 23.09166666667   30.73823    59.14766               -93.657    116.297    4096
       2772 23.10000000000   30.63961    58.92387               -93.627    113.318    4096
       2773 23.10833333333   30.53988    58.70126               -93.681    118.487    4096
       2774 23.11666666667   30.43904    58.47984               -93.709    114.546    4096
       2775 23.12500000000   30.33711    58.25961               -93.797    112.881    4096
       2776 23.13333333333   30.23408    58.04058               -93.835    115.917    4096
       2777 23.14166666667   30.12998    57.82275               -93.859    113.728    4096
       2778 23.15000000000   30.02479    57.60613               -93.857    114.955    4096
       2779 23.15833333333   29.91855    57.39072               -93.866    114.803    4096
       2780 23.16666666667   29.81124    57.17653               -93.867    116.183    4096
       2781 23.17500000000   29.70289    56.96356               -93.823    115.365    4096
       2782 23.18333333333   29.59349    56.75182               -93.863    117.782    4096
       2783 23.19166666667   29.48307    56.54131               -93.825    110.415    4096
       2784 23.20000000000   29.37162    56.33204               -93.953    116.040    4096
       2785 23.20833333333   29.25915    56.12401               -93.938    107.446    4096
       2786 23.21666666667   29.14568    55.91723               -93.997    112.053    4096
       2787 23.22500000000   29.03120    55.71169               -94.066    110.615    4096
       2788 23.23333333333   28.91574    55.50740               -94.090    110.454    4096
       2789 23.24166666667   28.79930    55.30437               -94.123    108.521    4096
       2790 23.25000000000   28.68188    55.10260               -94.218    112.757    4096
       2791 23.25833333333   28.56350    54.90208               -94.235    108.969    4096
       2792 23.26666666667   28.44417    54.70283               -94.273    113.318    4096
       2793 23.27500000000   28.32388    54.50485               -94.290    111.539    4096
       2794 23.28333333333   28.20266    54.30813               -94.334    118.487    4096
       2795 23.29166666667   28.08051    54.11269               -94.335    107.589    4096
       2796 23.30000000000   27.95743    53.91851               -94.350    112.757    4096
       2797 23.30833333333   27.83345    53.72561               -94.370    115.365    4096
       2798 23.31666666667   27.70855    53.53399               -94.417    106.894    4096
       2799 23.32500000000   27.58277    53.34364               -94.434    112.091    4096
       2800 23.33333333333   27.45609    53.15457               -94.490    115.631    4096
       2801 23.34166666667   27.32853    52.96678               -94.518    108.122    4096
       2802 23.35000000000   27.20011    52.78026               -94.589    113.176    4096
       2803 23.35833333333   27.07082    52.59504               -94.598    112.509    4096
       2804 23.36666666667   26.94068    52.41109               -94.595    112.100    4096
       2805 23.37500000000   26.80969    52.22842               -94.644    113.061    4096
       2806 23.38333333333   26.67787    52.04704               -94.653    111.015    4096
       2807 23.39166666667   26.54522    51.86694               -94.652    108.712    4096
       2808 23.40000000000   26.41175    51.68812               -94.645    112.357    4096
       2809 23.40833333333   26.27746    51.51058               -94.639    110.606    4096
       2810 23.41666666667   26.14238    51.33433               -94.686    104.733    4096
       2811 23.42500000000   26.00650    51.15936               -94.728    113.880    4096
       2812 23.43333333333   25.86983    50.98567               -94.717    109.645    4096
       2813 23.44166666667   25.73239    50.81326               -94.752    109.083    4096
       2814 23.45000000000   25.59417    50.64213               -94.794    114.508    4096
       2815 23.45833333333   25.45520    50.47228               -94.773    111.234    4096
       2816 23.46666666667   25.31547    50.30371               -94.778  -2330.432    4096
       2817 23.47500000000   25.17499    50.13641               -94.826    108.112    4096
       2818 23.48333333333   25.03378    49.97039               -94.825    110.311    4096
       2819 23.49166666667   24.89184    49.80565               -94.870    104.210    4096
       2820 23.50000000000   24.74918    49.64218               -94.832    107.446    4096
       2821 23.50833333333   24.60581    49.47998               -94.852    106.218    4096
       2822 23.51666666667   24.46174    49.31905               -94.896    103.353    4096
       2823 23.52500000000   24.31696    49.15938               -94.937    105.809    4096
       2824 23.53333333333   24.17150    49.00099               -94.983    109.349    4096
       2825 23.54166666667   24.02536    48.84385               -95.032    106.370    4096
       2826 23.55000000000   23.87855    48.68798               -95.023    108.007    4096
       2827 23.55833333333   23.73107    48.53337               -95.077  -2326.643    4096
       2828 23.56666666667   23.58293    48.38001               -95.132    108.264    4096
       2829 23.57500000000   23.43415    48.22791               -95.193    109.902    4096
       2830 23.58333333333   23.28473    48.07707               -95.172    101.612    4096
       2831 23.59166666667   23.13467    47.92747               -95.194    109.902    4096
       2832 23.60000000000   22.98398    47.77912               -95.243    104.324    4096
       2833 23.60833333333   22.83268    47.63201               -95.215  -2327.719    4096
       2834 23.61666666667   22.68077    47.48615               -95.200    110.054    4096
       2835 23.62500000000   22.52826    47.34152               -95.221    113.880    4096
       2836 23.63333333333   22.37515    47.19814               -95.233    107.855    4096
       2837 23.64166666667   22.22145    47.05598               -95.238    109.226    4096
       2838 23.65000000000   22.06717    46.91505               -95.252    105.552    4096
       2839 23.65833333333   21.91232    46.77535               -95.298    113.994    4096
       2840 23.66666666667   21.75690    46.63688               -95.305    101.612    4096
       2841 23.67500000000   21.60093    46.49962               -95.314    106.370    4096
       2842 23.68333333333   21.44440    46.36358               -95.395    111.386    4096
       2843 23.69166666667   21.28733    46.22875               -95.508    108.674    4096
       2844 23.70000000000   21.12972    46.09514               -95.428    113.176    4096
       2845 23.70833333333   20.97159    45.96273               -95.557    105.028    4096
       2846 23.71666666667   20.81293    45.83152               -95.550     99.156    4096
       2847 23.72500000000   20.65376    45.70151               -95.599     99.670    4096
       2848 23.73333333333   20.49408    45.57270               -95.649    109.645    4096
       2849 23.74166666667   20.33389    45.44508               -95.644    109.378    4096
       2850 23.75000000000   20.17322    45.31865               -95.720    104.581    4096
       2851 23.75833333333   20.01205    45.19340               -95.698    110.977    4096
       2852 23.76666666667   19.85041    45.06933               -95.600    110.711    4096
       2853 23.77500000000   19.68829    44.94644               -95.712    111.015    4096
       2854 23.78333333333   19.52570    44.82472               -95.705    106.780    4096
       2855 23.79166666667   19.36265    44.70417               -95.689    101.764    4096
       2856 23.80000000000   19.19915    44.58478               -95.778    116.450    4096
       2857 23.80833333333   19.03520    44.46656               -95.749    107.589    4096
       2858 23.81666666667   18.87081    44.34949               -95.801    111.681    4096
       2859 23.82500000000   18.70599    44.23357               -95.786    110.054    4096
       2860 23.83333333333   18.54074    44.11880               -95.844    113.728    4096
       2861 23.84166666667   18.37507    44.00518               -95.912    108.826    4096
       2862 23.85000000000   18.20898    43.89269               -95.888    103.506    4096
       2863 23.85833333333   18.04248    43.78134               -95.921    104.733    4096
       2864 23.86666666667   17.87558    43.67112               -96.055    111.272    4096
       2865 23.87500000000   17.70828    43.56203               -96.095    109.197    4096
       2866 23.88333333333   17.54059    43.45406               -96.235    101.355    4096
       2867 23.89166666667   17.37252    43.34721               -96.245    107.332    4096
       2868 23.90000000000   17.20407    43.24148               -96.237    109.226    4096
       2869 23.90833333333   17.03525    43.13685               -96.311  -2322.551    4096
       2870 23.91666666667   16.86606    43.03333               -96.330    110.568    4096
       2871 23.92500000000   16.69651    42.93091               -96.457    110.977    4096
       2872 23.93333333333   16.52661    42.82959               -96.316    108.417    4096
       2873 23.94166666667   16.35636    42.72936               -96.354    110.720    4096
       2874 23.95000000000   16.18576    42.63022               -96.169    108.826    4096
       2875 23.95833333333   16.01483    42.53216               -96.223    110.863    4096
       2876 23.96666666667   15.84356    42.43518               -96.226    109.645    4096
       2877 23.97500000000   15.67197    42.33928               -96.261    110.311    4096
       2878 23.98333333333   15.50006    42.24444               -96.204    104.848    4096
       2879 23.99166666667   15.32783    42.15067               -96.250    112.757    4096
