# Created on 2022-09-13 07:27:31 
# Sources: obs\TPKL1681.22O, nav\TPKL1681.22N
# Satellite: G27
# Interval: 30.0
# Sampling interval: 0.0 (not used).
# Site: TPKL
# Position (L, B, H): 78.5290569025, 42.4638637031, 1886.01891334
# Position (X, Y, Z): 937429.6846, 4619604.6444, 4285027.6573
# datetime format: %Y-%m-%dT%H:%M:%S
# Columns: tsn, hour, el, az, tec.l1l2, tec.p1p2, validity
# (I11,1X,F14.11,1X,F10.5,1X,F11.5,1X,F21.3,1X,F10.3,1X,I7)
       1298 10.81666666667    9.88919   322.74964              -151.322    146.973    4096
       1299 10.82500000000   10.07421   322.69150              -151.447    139.349    4096
       1300 10.83333333333   10.25905   322.63242              -151.552    145.298    4096
       1301 10.84166666667   10.44371   322.57239              -151.792    140.539    4096
       1302 10.85000000000   10.62818   322.51140              -151.965    142.471    4096
       1303 10.85833333333   10.81247   322.44946              -152.204    147.487    4096
       1304 10.86666666667   10.99656   322.38655              -152.396    146.516    4096
       1305 10.87500000000   11.18046   322.32268              -152.435    147.639    4096
       1306 10.88333333333   11.36415   322.25784              -152.638    137.151    4096
       1307 10.89166666667   11.54764   322.19202              -152.785    140.273    4096
       1308 10.90000000000   11.73091   322.12522              -152.941    134.286    4096
       1309 10.90833333333   11.91397   322.05744              -153.127    155.967    4096
       1310 10.91666666667   12.09681   321.98867              -153.425    155.815    4096
       1311 10.92500000000   12.27942   321.91891              -153.502    154.292    4096
       1312 10.93333333333   12.46181   321.84815              -153.576    153.474    4096
       1313 10.94166666667   12.64396   321.77639              -153.765    154.587    4096
       1314 10.95000000000   12.82588   321.70363              -153.862    165.742    4096
       1315 10.95833333333   13.00755   321.62985              -154.222    168.864    4096
       1316 10.96666666667   13.18897   321.55506              -154.215    150.761    4096
       1317 10.97500000000   13.37014   321.47924              -154.509    160.983    4096
       1318 10.98333333333   13.55106   321.40241              -154.656    160.165    4096
       1319 10.99166666667   13.73171   321.32454              -154.863    140.120    4096
       1320 11.00000000000   13.91209   321.24564              -154.961    144.917    4096
       1321 11.00833333333   14.09220   321.16570              -155.152    154.702    4096
       1322 11.01666666667   14.27204   321.08472              -155.236    159.051    4096
       1323 11.02500000000   14.45159   321.00269              -155.484    145.032    4096
       1324 11.03333333333   14.63086   320.91961              -155.770    148.420    4096
       1325 11.04166666667   14.80983   320.83548              -155.793    127.747    4096
       1326 11.05000000000   14.98850   320.75028              -155.943    139.454    4096
       1327 11.05833333333   15.16688   320.66401              -156.179    148.039    4096
       1328 11.06666666667   15.34494   320.57668              -156.404    147.087    4096
       1329 11.07500000000   15.52269   320.48827              -156.586    135.666    4096
       1330 11.08333333333   15.70012   320.39878              -156.748    136.894    4096
       1331 11.09166666667   15.87723   320.30821              -156.854    144.251    4096
       1332 11.10000000000   16.05400   320.21654              -157.068    148.306    4096
       1333 11.10833333333   16.23044   320.12379              -157.163    155.815    4096
       1334 11.11666666667   16.40654   320.02993              -157.382    169.130    4096
       1335 11.12500000000   16.58229   319.93498              -157.603    157.709    4096
       1336 11.13333333333   16.75769   319.83891              -157.704    153.360    4096
       1337 11.14166666667   16.93273   319.74173              -157.883    149.828    4096
       1338 11.15000000000   17.10741   319.64344              -158.148    154.035    4096
       1339 11.15833333333   17.28171   319.54403              -158.261    153.626    4096
       1340 11.16666666667   17.45564   319.44349              -158.392    152.693    4096
       1341 11.17500000000   17.62919   319.34182              -158.497    153.360    4096
       1342 11.18333333333   17.80235   319.23901              -158.644    147.373    4096
       1343 11.19166666667   17.97512   319.13507              -158.655    154.445    4096
       1344 11.20000000000   18.14749   319.02998              -158.928    148.306    4096
       1345 11.20833333333   18.31945   318.92374              -159.037    142.319    4096
       1346 11.21666666667   18.49100   318.81635              -159.098    148.049    4096
       1347 11.22500000000   18.66213   318.70781              -159.368    150.752    4096
       1348 11.23333333333   18.83283   318.59810              -159.476    138.226    4096
       1349 11.24166666667   19.00310   318.48722              -159.650    147.230    4096
       1350 11.25000000000   19.17294   318.37518              -159.756    142.167    4096
       1351 11.25833333333   19.34233   318.26196              -159.844    139.340    4096
       1352 11.26666666667   19.51127   318.14756              -160.160    148.601    4096
       1353 11.27500000000   19.67975   318.03198              -160.299    144.889    4096
       1354 11.28333333333   19.84777   317.91521              -160.466    145.745    4096
       1355 11.29166666667   20.01532   317.79724              -160.725    155.663    4096
       1356 11.30000000000   20.18240   317.67809              -160.922    144.736    4096
       1357 11.30833333333   20.34898   317.55773              -161.115    146.002    4096
       1358 11.31666666667   20.51508   317.43616              -161.242    138.226    4096
       1359 11.32500000000   20.68068   317.31339              -161.491    155.967    4096
       1360 11.33333333333   20.84578   317.18940              -161.669    139.978    4096
       1361 11.34166666667   21.01036   317.06420              -161.791    149.124    4096
       1362 11.35000000000   21.17443   316.93778              -161.945    154.283    4096
       1363 11.35833333333   21.33797   316.81013              -162.115  -2299.546    4096
       1364 11.36666666667   21.50098   316.68125              -162.127    159.308    4096
       1365 11.37500000000   21.66344   316.55114              -162.330    152.541    4096
       1366 11.38333333333   21.82537   316.41979              -162.461    150.352    4096
       1367 11.39166666667   21.98673   316.28721              -162.508    144.480    4096
       1368 11.40000000000   22.14754   316.15338              -162.652    145.070    4096
       1369 11.40833333333   22.30778   316.01830              -162.680    146.821    4096
       1370 11.41666666667   22.46744   315.88197              -162.786    135.780    4096
       1371 11.42500000000   22.62652   315.74438              -162.866    137.969    4096
       1372 11.43333333333   22.78500   315.60554              -162.927    144.622    4096
       1373 11.44166666667   22.94289   315.46544              -163.110    146.821    4096
       1374 11.45000000000   23.10017   315.32407              -163.280    141.091    4096
       1375 11.45833333333   23.25684   315.18144              -163.351    144.251    4096
       1376 11.46666666667   23.41289   315.03753              -163.450    148.715    4096
       1377 11.47500000000   23.56831   314.89235              -163.537    143.699    4096
       1378 11.48333333333   23.72309   314.74589              -163.699    138.379    4096
       1379 11.49166666667   23.87723   314.59815              -163.844    126.634    4096
       1380 11.50000000000   24.03071   314.44913              -163.924    143.433    4096
       1381 11.50833333333   24.18354   314.29882              -164.035    136.332    4096
       1382 11.51666666667   24.33569   314.14723              -164.112    132.763    4096
       1383 11.52500000000   24.48718   313.99434              -164.249    145.745    4096
       1384 11.53333333333   24.63797   313.84016              -164.266    146.964    4096
       1385 11.54166666667   24.78808   313.68468              -164.476    147.344    4096
       1386 11.55000000000   24.93748   313.52790              -164.510    145.850    4096
       1387 11.55833333333   25.08618   313.36983              -164.551    154.844    4096
       1388 11.56666666667   25.23416   313.21045              -164.717    136.894    4096
       1389 11.57500000000   25.38141   313.04976              -164.783    136.190    4096
       1390 11.58333333333   25.52794   312.88777              -164.880    128.556    4096
       1391 11.59166666667   25.67372   312.72447              -164.977    131.021    4096
       1392 11.60000000000   25.81875   312.55987              -165.142    145.850    4096
       1393 11.60833333333   25.96302   312.39394              -165.189    131.688    4096
       1394 11.61666666667   26.10653   312.22671              -165.281    145.593    4096
       1395 11.62500000000   26.24927   312.05816              -165.419    144.927    4096
       1396 11.63333333333   26.39122   311.88830              -165.512    147.230    4096
       1397 11.64166666667   26.53238   311.71712              -165.627    131.164    4096
       1398 11.65000000000   26.67274   311.54462              -165.689    160.317    4096
       1399 11.65833333333   26.81230   311.37080              -165.886    132.135    4096
       1400 11.66666666667   26.95103   311.19566              -165.926    154.844    4096
       1401 11.67500000000   27.08894   311.01921              -165.955    136.742    4096
       1402 11.68333333333   27.22602   310.84143              -166.026    137.969    4096
       1403 11.69166666667   27.36226   310.66234              -166.130    139.978    4096
       1404 11.70000000000   27.49764   310.48192              -166.141  -2311.510    4096
       1405 11.70833333333   27.63217   310.30018              -166.242    161.288    4096
       1406 11.71666666667   27.76583   310.11712              -166.365    138.940    4096
       1407 11.72500000000   27.89861   309.93275              -166.342    159.499    4096
       1408 11.73333333333   28.03050   309.74705              -166.448    136.599    4096
       1409 11.74166666667   28.16150   309.56003              -166.486    143.699    4096
       1410 11.75000000000   28.29160   309.37170              -166.576    143.699    4096
       1411 11.75833333333   28.42079   309.18205              -166.609    127.595    4096
       1412 11.76666666667   28.54906   308.99108              -166.699    139.197    4096
       1413 11.77500000000   28.67639   308.79880              -166.739    120.266    4096
       1414 11.78333333333   28.80279   308.60521              -166.857    143.690    4096
       1415 11.79166666667   28.92825   308.41031              -166.908    131.688    4096
       1416 11.80000000000   29.05275   308.21409              -166.962    142.319    4096
       1417 11.80833333333   29.17628   308.01657              -167.000    149.381    4096
       1418 11.81666666667   29.29884   307.81775              -167.008    149.943    4096
       1419 11.82500000000   29.42042   307.61762              -167.094    147.754    4096
       1420 11.83333333333   29.54101   307.41620              -167.103    145.698    4096
       1421 11.84166666667   29.66060   307.21347              -167.204  -2301.850    4096
       1422 11.85000000000   29.77919   307.00945              -167.184    141.805    4096
       1423 11.85833333333   29.89676   306.80415              -167.229    137.532    4096
       1424 11.86666666667   30.01330   306.59755              -167.277    153.474    4096
       1425 11.87500000000   30.12881   306.38967              -167.350    137.151    4096
       1426 11.88333333333   30.24328   306.18051              -167.409    140.415    4096
       1427 11.89166666667   30.35669   305.97008              -167.442    147.192    4096
       1428 11.90000000000   30.46905   305.75837              -167.476    146.297    4096
       1429 11.90833333333   30.58034   305.54540              -167.532    148.715    4096
       1430 11.91666666667   30.69055   305.33117              -167.636    147.344    4096
       1431 11.92500000000   30.79968   305.11567              -167.641    138.788    4096
       1432 11.93333333333   30.90771   304.89893              -167.642    140.691    4096
       1433 11.94166666667   31.01464   304.68094              -167.737    143.252    4096
       1434 11.95000000000   31.12046   304.46171              -167.773    143.290    4096
       1435 11.95833333333   31.22516   304.24124              -167.803    146.155    4096
       1436 11.96666666667   31.32873   304.01954              -167.812    137.122    4096
       1437 11.97500000000   31.43117   303.79663              -167.873    147.792    4096
       1438 11.98333333333   31.53246   303.57249              -167.978    142.728    4096
       1439 11.99166666667   31.63260   303.34714              -168.015    139.978    4096
       1440 12.00000000000   31.73116   303.12040              -168.148    146.002    4096
       1441 12.00833333333   31.82939   302.89285              -168.261    146.811    4096
       1442 12.01666666667   31.92602   302.66392              -168.349    151.313    4096
       1443 12.02500000000   32.02147   302.43381              -168.424    151.466    4096
       1444 12.03333333333   32.11572   302.20252              -168.500    137.969    4096
       1445 12.04166666667   32.20878   301.97007              -168.660    145.041    4096
       1446 12.05000000000   32.30062   301.73647              -168.690    135.361    4096
       1447 12.05833333333   32.39125   301.50171              -168.787    135.485    4096
       1448 12.06666666667   32.48065   301.26582              -168.777    138.084    4096
       1449 12.07500000000   32.56882   301.02880              -168.886    141.348    4096
       1450 12.08333333333   32.65575   300.79066              -168.884    146.402    4096
       1451 12.09166666667   32.74143   300.55141              -168.907    140.273    4096
       1452 12.10000000000   32.82586   300.31106              -168.883    140.158    4096
       1453 12.10833333333   32.90902   300.06962              -168.954    136.037    4096
       1454 12.11666666667   32.99092   299.82709              -168.949  -2303.068    4096
       1455 12.12500000000   33.07154   299.58350              -168.963    134.952    4096
       1456 12.13333333333   33.15087   299.33885              -168.989    137.712    4096
       1457 12.14166666667   33.22891   299.09315              -168.928    138.084    4096
       1458 12.15000000000   33.30566   298.84642              -168.888    139.863    4096
       1459 12.15833333333   33.38110   298.59866              -168.947    136.742    4096
       1460 12.16666666667   33.45522   298.34988              -168.944    138.493    4096
       1461 12.17500000000   33.52803   298.10011              -168.958    136.332    4096
       1462 12.18333333333   33.59952   297.84934              -168.965    145.441    4096
       1463 12.19166666667   33.66967   297.59760              -168.889    138.493    4096
       1464 12.20000000000   33.73848   297.34490              -168.902    135.780    4096
       1465 12.20833333333   33.80595   297.09124              -169.009    130.755    4096
       1466 12.21666666667   33.87207   296.83665              -169.002  -2306.342    4096
       1467 12.22500000000   33.93683   296.58113              -169.067  -2279.236    4096
       1468 12.23333333333   34.00023   296.32470              -169.022    124.064    4096
       1469 12.24166666667   34.06227   296.06737              -169.011    140.939    4096
       1470 12.25000000000   34.12292   295.80916              -169.061    144.518    4096
       1471 12.25833333333   34.18220   295.55008              -169.086    142.024    4096
       1472 12.26666666667   34.24009   295.29015              -169.036    138.493    4096
       1473 12.27500000000   34.29660   295.02938              -169.108    137.256    4096
       1474 12.28333333333   34.35171   294.76778              -169.111    146.297    4096
       1475 12.29166666667   34.40541   294.50537              -169.096  -2301.184    4096
       1476 12.30000000000   34.45771   294.24216              -169.157    130.907    4096
       1477 12.30833333333   34.50860   293.97818              -169.133    148.201    4096
       1478 12.31666666667   34.55808   293.71343              -169.132    147.896    4096
       1479 12.32500000000   34.60614   293.44794              -169.067    134.438    4096
       1480 12.33333333333   34.65277   293.18171              -169.010    139.863    4096
       1481 12.34166666667   34.69797   292.91476              -169.046  -2277.760    4096
       1482 12.35000000000   34.74175   292.64712              -169.036    137.522    4096
       1483 12.35833333333   34.78408   292.37879              -168.997    132.763    4096
       1484 12.36666666667   34.82498   292.10980              -168.975    142.842    4096
       1485 12.37500000000   34.86443   291.84016              -169.062    151.580    4096
       1486 12.38333333333   34.90244   291.56988              -169.015    131.573    4096
       1487 12.39166666667   34.93899   291.29899              -168.958    157.157    4096
       1488 12.40000000000   34.97409   291.02749            -15006.114    132.915    4096
       1489 12.40833333333   35.00774   290.75542            -15006.104    140.539    4096
       1490 12.41666666667   35.03993   290.48278              -169.086    153.065    4096
       1491 12.42500000000   35.07065   290.20960              -169.121    130.755    4096
       1492 12.43333333333   35.09991   289.93589             18871.858  -2299.651    4096
       1493 12.44166666667   35.12770   289.66167              -169.161    146.554    4096
       1494 12.45000000000   35.15402   289.38695              -169.121    149.381    4096
       1495 12.45833333333   35.17887   289.11176              -169.077    140.273    4096
       1496 12.46666666667   35.20225   288.83611              -169.130    125.806    4096
       1497 12.47500000000   35.22415   288.56003              -169.116    130.460    4096
       1498 12.48333333333   35.24458   288.28352              -169.135    138.940    4096
       1499 12.49166666667   35.26353   288.00661              -169.080    140.539    4096
       1500 12.50000000000   35.28100   287.72932              -169.000    147.896    4096
       1501 12.50833333333   35.29699   287.45167              -168.961    152.284    4096
       1502 12.51666666667   35.31149   287.17366              -168.925    142.471    4096
       1503 12.52500000000   35.32452   286.89533              -168.890    128.966    4096
       1504 12.53333333333   35.33606   286.61669              -168.868    161.393    4096
       1505 12.54166666667   35.34613   286.33776              -168.840    133.030    4096
       1506 12.55000000000   35.35470   286.05856              -168.768    127.081    4096
       1507 12.55833333333   35.36180   285.77910              -168.734    134.438    4096
       1508 12.56666666667   35.36741   285.49941              -168.717    152.246    4096
       1509 12.57500000000   35.37154   285.21951              -168.674    142.062    4096
       1510 12.58333333333   35.37419   284.93940              -168.660    140.682    4096
       1511 12.59166666667   35.37536   284.65912              -168.609    148.572    4096
       1512 12.60000000000   35.37504   284.37868              -168.549    136.485    4096
       1513 12.60833333333   35.37325   284.09809              -168.545    131.992    4096
       1514 12.61666666667   35.36998   283.81739              -168.566    123.540    4096
       1515 12.62500000000   35.36523   283.53658              -168.514    131.021    4096
       1516 12.63333333333   35.35901   283.25568              -168.515    142.985    4096
       1517 12.64166666667   35.35131   282.97472              -168.545    139.464    4096
       1518 12.65000000000   35.34214   282.69371              -168.506    154.178    4096
       1519 12.65833333333   35.33150   282.41267              -168.379    149.124    4096
       1520 12.66666666667   35.31940   282.13162              -168.306  -2292.884    4096
       1521 12.67500000000   35.30583   281.85058              -168.295    136.485    4096
       1522 12.68333333333   35.29079   281.56955              -168.286    139.464    4096
       1523 12.69166666667   35.27430   281.28858              -168.358    139.083    4096
       1524 12.70000000000   35.25635   281.00766              -168.419    151.580    4096
       1525 12.70833333333   35.23694   280.72682              -168.305    154.844    4096
       1526 12.71666666667   35.21609   280.44608              -168.198    150.647    4096
       1527 12.72500000000   35.19379   280.16545              -168.117    138.226    4096
       1528 12.73333333333   35.17004   279.88496              -168.167  -2308.950    4096
       1529 12.74166666667   35.14485   279.60461              -168.182    136.599    4096
       1530 12.75000000000   35.11823   279.32443              -168.163    137.008    4096
       1531 12.75833333333   35.09017   279.04443              -168.074    134.962    4096
       1532 12.76666666667   35.06069   278.76463              -168.076    137.817    4096
       1533 12.77500000000   35.02978   278.48505              -168.038    151.427    4096
       1534 12.78333333333   34.99745   278.20571              -167.910    149.019    4096
       1535 12.79166666667   34.96371   277.92661              -167.876    144.365    4096
       1536 12.80000000000   34.92855   277.64778              -167.809    133.068    4096
       1537 12.80833333333   34.89199   277.36923              -167.822    139.054    4096
       1538 12.81666666667   34.85403   277.09099              -167.858    133.210    4096
       1539 12.82500000000   34.81468   276.81306              -167.798    140.168    4096
       1540 12.83333333333   34.77394   276.53546              -167.731    136.075    4096
       1541 12.84166666667   34.73181   276.25820              -167.715    130.869    4096
       1542 12.85000000000   34.68830   275.98131              -167.692    142.052    4096
       1543 12.85833333333   34.64342   275.70479              -167.671    151.313    4096
       1544 12.86666666667   34.59717   275.42866              -167.579    158.271    4096
       1545 12.87500000000   34.54956   275.15294              -167.506    150.914    4096
       1546 12.88333333333   34.50060   274.87765              -167.450    140.825    4096
       1547 12.89166666667   34.45029   274.60278              -167.479    129.641    4096
       1548 12.90000000000   34.39863   274.32837              -167.366    141.615    4096
       1549 12.90833333333   34.34564   274.05441              -167.293    146.155    4096
       1550 12.91666666667   34.29132   273.78094              -167.235    143.509    4096
       1551 12.92500000000   34.23567   273.50795              -167.107    137.303    4096
       1552 12.93333333333   34.17872   273.23547              -167.070    135.219    4096
       1553 12.94166666667   34.12045   272.96350              -167.009    133.068    4096
       1554 12.95000000000   34.06088   272.69207              -166.907    149.828    4096
       1555 12.95833333333   34.00001   272.42117              -166.829    145.184    4096
       1556 12.96666666667   33.93786   272.15083              -166.693    140.016    4096
       1557 12.97500000000   33.87442   271.88105              -166.527    138.674    4096
       1558 12.98333333333   33.80972   271.61185              -166.468    136.751    4096
       1559 12.99166666667   33.74374   271.34324              -166.385    135.666    4096
       1560 13.00000000000   33.67652   271.07523              -166.339    137.560    4096
       1561 13.00833333333   33.60804   270.80783              -166.228    142.871    4096
       1562 13.01666666667   33.53831   270.54105              -166.126    137.522    4096
       1563 13.02500000000   33.46736   270.27491              -166.068    149.162    4096
       1564 13.03333333333   33.39518   270.00940              -165.905    145.593    4096
       1565 13.04166666667   33.32178   269.74456              -165.796    140.120    4096
       1566 13.05000000000   33.24717   269.48037              -165.773  -2297.757    4096
       1567 13.05833333333   33.17136   269.21686              -165.700    149.943    4096
       1568 13.06666666667   33.09435   268.95403              -165.613    151.837    4096
       1569 13.07500000000   33.01616   268.69189              -165.522    150.799    4096
       1570 13.08333333333   32.93680   268.43045              -165.460    139.454    4096
       1571 13.09166666667   32.85626   268.16972              -165.473    142.728    4096
       1572 13.10000000000   32.77457   267.90971              -165.447    146.259    4096
       1573 13.10833333333   32.69172   267.65042              -165.300    146.669    4096
       1574 13.11666666667   32.60773   267.39186              -165.202    141.643    4096
       1575 13.12500000000   32.52261   267.13405              -165.178    139.197    4096
       1576 13.13333333333   32.43637   266.87698              -165.128    130.612    4096
       1577 13.14166666667   32.34901   266.62067              -165.187    137.446    4096
       1578 13.15000000000   32.26054   266.36512              -165.147    147.373    4096
       1579 13.15833333333   32.17097   266.11034              -165.082    150.342    4096
       1580 13.16666666667   32.08032   265.85634              -164.983    145.184    4096
       1581 13.17500000000   31.98858   265.60312              -164.947    143.956    4096
       1582 13.18333333333   31.89577   265.35068              -164.876    140.682    4096
       1583 13.19166666667   31.80191   265.09904              -164.826    140.273    4096
       1584 13.20000000000   31.70698   264.84819              -164.740    137.008    4096
       1585 13.20833333333   31.61102   264.59816              -164.674    135.923    4096
       1586 13.21666666667   31.51402   264.34893              -164.534    137.408    4096
       1587 13.22500000000   31.41600   264.10051              -164.458    143.690    4096
       1588 13.23333333333   31.31696   263.85291              -164.372    139.311    4096
       1589 13.24166666667   31.21691   263.60614              -164.310    139.197    4096
       1590 13.25000000000   31.11587   263.36019              -164.145    139.759    4096
       1591 13.25833333333   31.01383   263.11507              -164.017    144.108    4096
       1592 13.26666666667   30.91082   262.87079              -163.900    137.827    4096
       1593 13.27500000000   30.80684   262.62734              -163.804    133.068    4096
       1594 13.28333333333   30.70190   262.38474              -163.656    137.522    4096
       1595 13.29166666667   30.59601   262.14298              -163.523    141.767    4096
       1596 13.30000000000   30.48918   261.90207              -163.420    148.715    4096
       1597 13.30833333333   30.38142   261.66201              -163.263    147.230    4096
       1598 13.31666666667   30.27273   261.42280              -163.143    142.985    4096
       1599 13.32500000000   30.16313   261.18444             18877.916    144.775    4096
       1600 13.33333333333   30.05263   260.94694              -162.856    146.412    4096
       1601 13.34166666667   29.94123   260.71030              -162.808    148.306    4096
       1602 13.35000000000   29.82895   260.47452              -162.641    137.008    4096
       1603 13.35833333333   29.71579   260.23960              -162.516  -2298.985    4096
       1604 13.36666666667   29.60177   260.00555              -162.431    144.670    4096
       1605 13.37500000000   29.48689   259.77236              -162.292    138.379    4096
       1606 13.38333333333   29.37117   259.54003              -162.210    138.750    4096
       1607 13.39166666667   29.25460   259.30857              -162.063    144.365    4096
       1608 13.40000000000   29.13721   259.07797              -161.984    146.145    4096
       1609 13.40833333333   29.01900   258.84824              -161.833    151.837    4096
       1610 13.41666666667   28.89998   258.61938              -161.706    146.821    4096
       1611 13.42500000000   28.78015   258.39138              -161.673    147.230    4096
       1612 13.43333333333   28.65954   258.16425             18879.316  -2289.429    4096
       1613 13.44166666667   28.53815   257.93799              -161.496    147.639    4096
       1614 13.45000000000   28.41598   257.71259              -161.357    143.290    4096
       1615 13.45833333333   28.29305   257.48806              -161.215    146.002    4096
       1616 13.46666666667   28.16936   257.26439              -161.158    142.833    4096
       1617 13.47500000000   28.04493   257.04159              -160.987    144.660    4096
       1618 13.48333333333   27.91977   256.81965              -160.875    145.888    4096
       1619 13.49166666667   27.79387   256.59856              -160.765    146.669    4096
       1620 13.50000000000   27.66726   256.37834              -160.575  -2286.460    4096
       1621 13.50833333333   27.53995   256.15898              -160.361    142.205    4096
       1622 13.51666666667   27.41193   255.94048              -160.250    151.313    4096
       1623 13.52500000000   27.28322   255.72283              -160.074    155.920    4096
       1624 13.53333333333   27.15383   255.50603              -159.934    143.138    4096
       1625 13.54166666667   27.02377   255.29008              -159.752    144.518    4096
       1626 13.55000000000   26.89305   255.07499              -159.558    142.614    4096
       1627 13.55833333333   26.76167   254.86074              -159.350    147.087    4096
       1628 13.56666666667   26.62964   254.64733              -159.185    142.576    4096
       1629 13.57500000000   26.49698   254.43477              -159.021    150.761    4096
       1630 13.58333333333   26.36369   254.22304              -158.864    152.284    4096
       1631 13.59166666667   26.22979   254.01215              -158.699    156.481    4096
       1632 13.60000000000   26.09527   253.80210              -158.500    154.150    4096
       1633 13.60833333333   25.96015   253.59287              -158.277    147.896    4096
       1634 13.61666666667   25.82444   253.38448              -158.166    147.230    4096
       1635 13.62500000000   25.68814   253.17691              -158.143    147.639    4096
       1636 13.63333333333   25.55127   252.97016              -157.884    156.491    4096
       1637 13.64166666667   25.41383   252.76423              -157.741    151.066    4096
       1638 13.65000000000   25.27583   252.55911              -157.609    146.811    4096
       1639 13.65833333333   25.13728   252.35480              -157.508    152.960    4096
       1640 13.66666666667   24.99819   252.15130              -157.349    158.118    4096
       1641 13.67500000000   24.85856   251.94861              -157.168    152.950    4096
       1642 13.68333333333   24.71841   251.74671              -157.032  -2280.882    4096
       1643 13.69166666667   24.57775   251.54562              -156.913    150.238    4096
       1644 13.70000000000   24.43657   251.34531              -156.788    145.184    4096
       1645 13.70833333333   24.29490   251.14579              -156.661    151.989    4096
       1646 13.71666666667   24.15273   250.94706              -156.500    152.655    4096
       1647 13.72500000000   24.01007   250.74911              -156.368    154.997    4096
       1648 13.73333333333   23.86695   250.55193              -156.184  -2281.025    4096
       1649 13.74166666667   23.72335   250.35552              -156.035    155.377    4096
       1650 13.75000000000   23.57929   250.15988              -155.860    152.798    4096
       1651 13.75833333333   23.43478   249.96501              -155.678    152.389    4096
       1652 13.76666666667   23.28983   249.77089              -155.501    153.255    4096
       1653 13.77500000000   23.14444   249.57752              -155.445  -2279.949    4096
       1654 13.78333333333   22.99862   249.38491              -155.235    157.823    4096
       1655 13.79166666667   22.85238   249.19304              -155.077    144.622    4096
       1656 13.80000000000   22.70573   249.00191              -154.889    152.808    4096
       1657 13.80833333333   22.55867   248.81151              -154.754    158.937    4096
       1658 13.81666666667   22.41121   248.62185              -154.536    162.620    4096
       1659 13.82500000000   22.26337   248.43291              -154.320    160.022    4096
       1660 13.83333333333   22.11514   248.24469              -154.166    162.620    4096
       1661 13.84166666667   21.96653   248.05718              -154.083  -2280.996    4096
       1662 13.85000000000   21.81755   247.87039              -153.774    154.549    4096
       1663 13.85833333333   21.66822   247.68430              -153.643    140.273    4096
       1664 13.86666666667   21.51853   247.49891              -153.510    140.530    4096
       1665 13.87500000000   21.36849   247.31422              -153.399    152.027    4096
       1666 13.88333333333   21.21812   247.13022              -153.195    152.808    4096
       1667 13.89166666667   21.06741   246.94691              -153.012    154.035    4096
       1668 13.90000000000   20.91638   246.76427              -152.829    149.276    4096
       1669 13.90833333333   20.76503   246.58231              -152.627    144.108    4096
       1670 13.91666666667   20.61337   246.40101              -152.426    147.382    4096
       1671 13.92500000000   20.46141   246.22039              -152.208    154.692    4096
       1672 13.93333333333   20.30915   246.04042              -152.045    152.798    4096
       1673 13.94166666667   20.15659   245.86110              -151.876    152.132    4096
       1674 13.95000000000   20.00376   245.68244              -151.668    142.319    4096
       1675 13.95833333333   19.85065   245.50441              -151.445    143.547    4096
       1676 13.96666666667   19.69727   245.32702              -151.263    146.117    4096
       1677 13.97500000000   19.54362   245.15027              -150.961    153.217    4096
       1678 13.98333333333   19.38972   244.97414              -150.801    153.769    4096
       1679 13.99166666667   19.23557   244.79863              -150.674    150.875    4096
       1680 14.00000000000   19.08106   244.62382              -150.400    144.108    4096
       1681 14.00833333333   18.92655   244.44946              -150.225    142.995    4096
       1682 14.01666666667   18.77169   244.27578              -150.038    148.858    4096
       1683 14.02500000000   18.61660   244.10271              -149.820  -2274.334    4096
       1684 14.03333333333   18.46130   243.93022              -149.578    164.105    4096
       1685 14.04166666667   18.30578   243.75833              -149.334    156.748    4096
       1686 14.05000000000   18.15006   243.58701              -149.129    164.514    4096
       1687 14.05833333333   17.99414   243.41628              -148.978    163.296    4096
       1688 14.06666666667   17.83803   243.24611              -148.703    169.169    4096
       1689 14.07500000000   17.68173   243.07652              -148.509    158.118    4096
       1690 14.08333333333   17.52525   242.90748              -148.329    156.776    4096
       1691 14.09166666667   17.36860   242.73900              -148.144    154.854    4096
       1692 14.10000000000   17.21178   242.57106              -147.909  -2286.859    4096
       1693 14.10833333333   17.05479   242.40367              -147.670    162.620    4096
       1694 14.11666666667   16.89765   242.23682              -147.454    162.725    4096
       1695 14.12500000000   16.74035   242.07050              -147.242    167.227    4096
       1696 14.13333333333   16.58291   241.90471              -146.953    169.578    4096
       1697 14.14166666667   16.42534   241.73944              -146.714    161.802    4096
       1698 14.15000000000   16.26762   241.57468              -146.453    150.504    4096
       1699 14.15833333333   16.10978   241.41044              -146.152    161.954    4096
       1700 14.16666666667   15.95182   241.24670              -145.973    165.742    4096
       1701 14.17500000000   15.79374   241.08345              -145.731    163.591    4096
       1702 14.18333333333   15.63555   240.92071              -145.457    163.734    4096
       1703 14.19166666667   15.47725   240.75845              -145.260    163.696    4096
       1704 14.20000000000   15.31885   240.59667              -145.127    160.431    4096
       1705 14.20833333333   15.16036   240.43537              -144.798    151.732    4096
       1706 14.21666666667   15.00178   240.27454              -144.641    157.452    4096
       1707 14.22500000000   14.84311   240.11418              -144.590    142.014    4096
       2379 19.82500000000   12.74226   136.97207              -111.816    124.473    4096
       2380 19.83333333333   12.91988   136.83149              -111.777    123.807    4096
       2381 19.84166666667   13.09765   136.69061              -111.725    119.971    4096
       2382 19.85000000000   13.27556   136.54942              -111.731  -2311.663    4096
       2383 19.85833333333   13.45361   136.40791              -111.746    132.125    4096
       2384 19.86666666667   13.63181   136.26607              -111.847    122.170    4096
       2385 19.87500000000   13.81014   136.12391              -111.905    121.875    4096
       2386 19.88333333333   13.98860   135.98141              -111.746    116.554    4096
       2387 19.89166666667   14.16718   135.83856              -111.740    114.251    4096
       2388 19.90000000000   14.34589   135.69537              -111.632    117.678    4096
       2389 19.90833333333   14.52471   135.55182              -111.647    116.297    4096
       2390 19.91666666667   14.70365   135.40791              -111.911    123.550    4096
       2391 19.92500000000   14.88270   135.26363              -112.122    117.259    4096
       2392 19.93333333333   15.06185   135.11897              -112.480    126.520    4096
       2393 19.94166666667   15.24110   134.97394              -112.773    131.164    4096
       2394 19.95000000000   15.42045   134.82851              -112.983    127.738    4096
       2395 19.95833333333   15.59989   134.68269              -113.127    129.232    4096
       2396 19.96666666667   15.77941   134.53647              -113.233    135.105    4096
       2397 19.97500000000   15.95902   134.38984              -113.457    124.587    4096
       2398 19.98333333333   16.13871   134.24279              -113.658    118.601    4096
       2399 19.99166666667   16.31846   134.09532              -113.847    128.042    4096
       2400 20.00000000000   16.49875   133.94651              -114.038    132.801    4096
       2401 20.00833333333   16.67818   133.79909              -114.348    131.278    4096
       2402 20.01666666667   16.85813   133.65032              -114.589  -2308.798    4096
       2403 20.02500000000   17.03813   133.50109              -114.752    119.419    4096
       2404 20.03333333333   17.21818   133.35141              -115.071    119.162    4096
       2405 20.04166666667   17.39827   133.20126              -115.200    116.031    4096
       2406 20.05000000000   17.57841   133.05064              -115.401    130.869    4096
       2407 20.05833333333   17.75857   132.89954              -115.576    123.131    4096
       2408 20.06666666667   17.93877   132.74796              -115.753    132.211    4096
       2409 20.07500000000   18.11899   132.59589             18925.076    127.224    4096
       2410 20.08333333333   18.29923   132.44331              -116.014    128.042    4096
       2411 20.09166666667   18.47948   132.29023              -116.055    130.498    4096
       2412 20.10000000000   18.65974   132.13663              -116.213    131.431    4096
       2413 20.10833333333   18.84001   131.98252              -116.142    121.351    4096
       2414 20.11666666667   19.02027   131.82787              -116.104    124.473    4096
       2415 20.12500000000   19.20052   131.67268              -116.209    134.543    4096
       2416 20.13333333333   19.38076   131.51695              -116.327  -2309.207    4096
       2417 20.14166666667   19.56099   131.36067              -116.454    134.848    4096
       2418 20.15000000000   19.74118   131.20383              -116.479    128.414    4096
       2419 20.15833333333   19.92135   131.04642              -116.546    127.072    4096
       2420 20.16666666667   20.10148   130.88844              -116.607    121.761    4096
       2421 20.17500000000   20.28158   130.72988              -116.748    128.966    4096
       2422 20.18333333333   20.46162   130.57072              -116.857    118.487    4096
       2423 20.19166666667   20.64161   130.41097              -116.974    129.794    4096
       2424 20.20000000000   20.82154   130.25061              -117.109    128.004    4096
       2425 20.20833333333   21.00141   130.08963              -117.182    129.127    4096
       2426 20.21666666667   21.18121   129.92804              -117.325    123.655    4096
       2427 20.22500000000   21.36093   129.76581              -117.468    121.209    4096
       2428 20.23333333333   21.54057   129.60295              -117.564    114.698    4096
       2429 20.24166666667   21.72012   129.43944              -117.659    130.317    4096
       2430 20.25000000000   21.89957   129.27528              -117.776    125.701    4096
       2431 20.25833333333   22.07893   129.11046              -117.846    125.444    4096
       2432 20.26666666667   22.25817   128.94497              -117.857    124.064    4096
       2433 20.27500000000   22.43730   128.77880              -118.093    130.612    4096
       2434 20.28333333333   22.61631   128.61194              -118.224    117.116    4096
       2435 20.29166666667   22.79520   128.44439              -118.278    111.234    4096
       2436 20.30000000000   22.97395   128.27614              -118.393    105.809    4096
       2437 20.30833333333   23.15256   128.10717              -118.554    115.774    4096
       2438 20.31666666667   23.33102   127.93749              -118.718  -2320.657    4096
       2439 20.32500000000   23.50933   127.76708              -118.748    125.587    4096
       2440 20.33333333333   23.68748   127.59594              -118.850    111.539    4096
       2441 20.34166666667   23.86546   127.42405              -118.819    120.533    4096
       2442 20.35000000000   24.04327   127.25141              -118.826    121.351    4096
       2443 20.35833333333   24.22089   127.07801              -118.890    119.829    4096
       2444 20.36666666667   24.39833   126.90384              -118.928    117.925    4096
       2445 20.37500000000   24.57557   126.72889              -118.865    123.093    4096
       2446 20.38333333333   24.75261   126.55315              -118.914    121.875    4096
       2447 20.39166666667   24.92944   126.37663              -118.956    118.896    4096
       2448 20.40000000000   25.10605   126.19929              -118.985    128.309    4096
       2449 20.40833333333   25.28243   126.02115              -119.018    116.964    4096
       2450 20.41666666667   25.45859   125.84219              -119.020    126.929    4096
       2451 20.42500000000   25.63450   125.66240              -119.064    127.338    4096
       2452 20.43333333333   25.81017   125.48177              -119.085    118.487    4096
       2453 20.44166666667   25.98558   125.30030              -119.111    118.639    4096
       2454 20.45000000000   26.16072   125.11797              -119.181    117.973    4096
       2455 20.45833333333   26.33560   124.93478              -119.138    115.888    4096
       2456 20.46666666667   26.51020   124.75072              -119.187    125.967    4096
       2457 20.47500000000   26.68451   124.56577              -119.236    117.925    4096
       2458 20.48333333333   26.85853   124.37994              -119.342    114.965    4096
       2459 20.49166666667   27.03224   124.19322              -119.290    108.417    4096
       2460 20.50000000000   27.20564   124.00558              -119.353    116.964    4096
       2461 20.50833333333   27.37872   123.81703              -119.414    120.266    4096
       2462 20.51666666667   27.55148   123.62756              -119.450    113.728    4096
       2463 20.52500000000   27.72389   123.43716              -119.500    126.662    4096
       2464 20.53333333333   27.89597   123.24582              -119.577    130.869    4096
       2465 20.54166666667   28.06768   123.05353              -119.630    130.603    4096
       2466 20.55000000000   28.23904   122.86028              -119.679    123.398    4096
       2467 20.55833333333   28.41003   122.66606              -119.738    118.905    4096
       2468 20.56666666667   28.58063   122.47088              -119.802  -2311.396    4096
       2469 20.57500000000   28.75085   122.27471              -119.816    119.419    4096
       2470 20.58333333333   28.92067   122.07754              -119.837    124.321    4096
       2471 20.59166666667   29.09009   121.87938              -119.909    122.731    4096
       2472 20.60000000000   29.25909   121.68021              -119.934    113.585    4096
       2473 20.60833333333   29.42766   121.48002              -119.994    120.942    4096
       2474 20.61666666667   29.59580   121.27881              -120.073    119.457    4096
       2475 20.62500000000   29.76349   121.07657              -120.067  -2313.300    4096
       2476 20.63333333333   29.93074   120.87328              -120.148    123.245    4096
       2477 20.64166666667   30.09752   120.66894              -120.160    119.867    4096
       2478 20.65000000000   30.26382   120.46355              -120.250    123.807    4096
       2479 20.65833333333   30.42965   120.25709              -120.363    129.232    4096
       2480 20.66666666667   30.59499   120.04956              -120.374    122.579    4096
       2481 20.67500000000   30.75982   119.84094             18920.571  -2309.064    4096
       2482 20.68333333333   30.92414   119.63123              -120.403    124.064    4096
       2483 20.69166666667   31.08794   119.42043              -120.436    125.292    4096
       2484 20.70000000000   31.25121   119.20852              -120.488    121.618    4096
       2485 20.70833333333   31.41394   118.99550              -120.470    122.846    4096
       2486 20.71666666667   31.57612   118.78135              -120.534    123.664    4096
       2487 20.72500000000   31.73774   118.56608              -120.541    123.255    4096
       2488 20.73333333333   31.89878   118.34967              -120.645    123.245    4096
       2489 20.74166666667   32.05924   118.13212              -120.677    126.929    4096
       2490 20.75000000000   32.21911   117.91342              -120.685    125.035    4096
       2491 20.75833333333   32.37837   117.69355              -120.695    119.457    4096
       2492 20.76666666667   32.53702   117.47253              -120.758    122.836    4096
       2493 20.77500000000   32.69505   117.25032              -120.785    121.618    4096
       2494 20.78333333333   32.85244   117.02695              -120.921    124.730    4096
       2495 20.79166666667   33.00918   116.80238              -120.920    118.230    4096
       2496 20.80000000000   33.16527   116.57662              -120.986    122.018    4096
       2497 20.80833333333   33.32068   116.34966              -121.053    121.199    4096
       2498 20.81666666667   33.47542   116.12150              -121.038    120.390    4096
       2499 20.82500000000   33.62946   115.89212              -121.102    120.533    4096
       2500 20.83333333333   33.78281   115.66153              -121.223    124.064    4096
       2501 20.84166666667   33.93543   115.42971              -121.269    117.259    4096
       2502 20.85000000000   34.08734   115.19666              -121.348    116.964    4096
       2503 20.85833333333   34.23851   114.96238              -121.377  -2325.530    4096
       2504 20.86666666667   34.38893   114.72685              -121.434    119.714    4096
       2505 20.87500000000   34.53859   114.49008              -121.524    127.490    4096
       2506 20.88333333333   34.68748   114.25205              -121.640    118.639    4096
       2507 20.89166666667   34.83558   114.01277              -121.699    125.844    4096
       2508 20.90000000000   34.98289   113.77223              -121.811    119.981    4096
       2509 20.90833333333   35.12940   113.53042              -121.840    111.272    4096
       2510 20.91666666667   35.27509   113.28734              -121.865    107.446    4096
       2511 20.92500000000   35.41994   113.04298              -121.974    119.981    4096
       2512 20.93333333333   35.56396   112.79734              -122.051    121.494    4096
       2513 20.94166666667   35.70712   112.55043              -122.144    115.222    4096
       2514 20.95000000000   35.84941   112.30222              -122.226    115.736    4096
       2515 20.95833333333   35.99083   112.05272              -122.270    113.994    4096
       2516 20.96666666667   36.13135   111.80194              -122.341    124.625    4096
       2517 20.97500000000   36.27097   111.54985              -122.433    121.723    4096
       2518 20.98333333333   36.40968   111.29647              -122.495    117.668    4096
       2519 20.99166666667   36.54745   111.04178              -122.604    124.207    4096
       2520 21.00000000000   36.68429   110.78580              -122.659    125.444    4096
       2521 21.00833333333   36.82017   110.52850              -122.727    120.276    4096
       2522 21.01666666667   36.95509   110.26990              -122.772    118.496    4096
       2523 21.02500000000   37.08904   110.01000              -122.863    120.238    4096
       2524 21.03333333333   37.22199   109.74878              -122.906    121.466    4096
       2525 21.04166666667   37.35393   109.48625              -122.977    112.757    4096
       2526 21.05000000000   37.48487   109.22242              -122.994    120.390    4096
       2527 21.05833333333   37.61477   108.95727              -123.048    119.153    4096
       2528 21.06666666667   37.74364   108.69081              -123.140    118.487    4096
       2529 21.07500000000   37.87145   108.42305              -123.213    117.259    4096
       2530 21.08333333333   37.99819   108.15397              -123.269    121.466    4096
       2531 21.09166666667   38.12386   107.88359              -123.298    122.313    4096
       2532 21.10000000000   38.24843   107.61190              -123.371    122.465    4096
       2533 21.10833333333   38.37190   107.33890             18917.547    117.934    4096
       2534 21.11666666667   38.49425   107.06461              -123.422    121.608    4096
       2535 21.12500000000   38.61547   106.78901              -123.530    120.837    4096
       2536 21.13333333333   38.73555   106.51212              -123.567    119.971    4096
       2537 21.14166666667   38.85447   106.23393              -123.588    121.199    4096
       2538 21.15000000000   38.97223   105.95446              -123.640    118.487    4096
       2539 21.15833333333   39.08880   105.67370              -123.664    116.145    4096
       2540 21.16666666667   39.20418   105.39166              -123.729    125.139    4096
       2541 21.17500000000   39.31835   105.10834              -123.798  -2314.071    4096
       2542 21.18333333333   39.43131   104.82375              -123.825    126.815    4096
       2543 21.19166666667   39.54303   104.53789              -123.841    119.714    4096
       2544 21.20000000000   39.65350   104.25078             18917.050  -2321.180    4096
       2545 21.20833333333   39.76272   103.96241              -123.969    123.797    4096
       2546 21.21666666667   39.87067   103.67280              -123.976    118.496    4096
       2547 21.22500000000   39.97734   103.38195              -124.015  -2319.172    4096
       2548 21.23333333333   40.08271   103.08987              -124.076    121.618    4096
       2549 21.24166666667   40.18678   102.79657              -124.122    114.813    4096
       2550 21.25000000000   40.28952   102.50205              -124.148    120.276    4096
       2551 21.25833333333   40.39094   102.20633              -124.184    114.146    4096
       2552 21.26666666667   40.49100   101.90941              -124.189    109.787    4096
       2553 21.27500000000   40.58971   101.61131              -124.194    115.222    4096
       2554 21.28333333333   40.68706   101.31203              -124.247    115.327    4096
       2555 21.29166666667   40.78302   101.01159              -124.296    118.230    4096
       2556 21.30000000000   40.87759   100.71000              -124.314  -2316.317    4096
       2557 21.30833333333   40.97075   100.40727              -124.371    118.496    4096
       2558 21.31666666667   41.06249   100.10341              -124.463    117.259    4096
       2559 21.32500000000   41.15281    99.79844              -124.504    116.849    4096
       2560 21.33333333333   41.24169    99.49236              -124.575    113.318    4096
       2561 21.34166666667   41.32911    99.18520              -124.572    112.766    4096
       2562 21.35000000000   41.41507    98.87696              -124.614    119.162    4096
       2563 21.35833333333   41.49955    98.56766              -124.673    120.942    4096
       2564 21.36666666667   41.58255    98.25732              -124.755    113.623    4096
       2565 21.37500000000   41.66406    97.94595              -124.785    111.796    4096
       2566 21.38333333333   41.74405    97.63357              -124.796  -2324.711    4096
       2567 21.39166666667   41.82252    97.32020              -124.880    115.222    4096
       2568 21.40000000000   41.89947    97.00584              -124.953    116.450    4096
       2569 21.40833333333   41.97487    96.69053              -125.051    109.235    4096
       2570 21.41666666667   42.04872    96.37427              -125.110  -2319.543    4096
       2571 21.42500000000   42.12101    96.05709              -125.136    118.077    4096
       2572 21.43333333333   42.19173    95.73901              -125.227    122.018    4096
       2573 21.44166666667   42.26087    95.42004              -125.296    120.676    4096
       2574 21.45000000000   42.32841    95.10021              -125.325    117.563    4096
       2575 21.45833333333   42.39436    94.77953              -125.366    117.411    4096
       2576 21.46666666667   42.45869    94.45803              -125.454    126.110    4096
       2577 21.47500000000   42.52140    94.13572              -125.514    115.070    4096
       2578 21.48333333333   42.58248    93.81263              -125.523    114.803    4096
       2579 21.49166666667   42.64193    93.48879              -125.587    120.381    4096
       2580 21.50000000000   42.69973    93.16421              -125.625    119.419    4096
       2581 21.50833333333   42.75587    92.83892              -125.686    118.896    4096
       2582 21.51666666667   42.81035    92.51294              -125.697    117.811    4096
       2583 21.52500000000   42.86315    92.18629              -125.735    116.554    4096
       2584 21.53333333333   42.91428    91.85900              -125.788    120.685    4096
       2585 21.54166666667   42.96371    91.53110              -125.820    122.570    4096
       2586 21.55000000000   43.01145    91.20260              -125.878    120.238    4096
       2587 21.55833333333   43.05749    90.87354              -125.891    119.714    4096
       2588 21.56666666667   43.10182    90.54394              -125.954    121.199    4096
       2589 21.57500000000   43.14443    90.21383              -125.929    120.124    4096
       2590 21.58333333333   43.18531    89.88323               -67.834    120.942    4098
       2591 21.59166666667   43.22447    89.55217               -67.877    125.035    4096
       2592 21.60000000000   43.26189    89.22067               -67.917  -2316.564    4096
       2593 21.60833333333   43.29756    88.88877               -67.860    117.782    4096
       2594 21.61666666667   43.33149    88.55650               -67.892    122.731    4096
       2595 21.62500000000   43.36367    88.22388               -65.582    119.305    4098
       2596 21.63333333333   43.39408    87.89093                 0.000      0.000    5200
       2597 21.64166666667   43.42273    87.55770               -65.607  -2314.375    4096
       2598 21.65000000000   43.44961    87.22420               -65.593    113.061    4096
       2599 21.65833333333   43.47472    86.89047                 0.000      0.000    5200
       2600 21.66666666667   43.49806    86.55653               -70.229    119.572    4096
       2601 21.67500000000   43.51961    86.22242               -65.574    121.209    4096
       2602 21.68333333333   43.53937    85.88817               -65.592    120.124    4096
       2603 21.69166666667   43.55735    85.55380               -65.596    113.280    4096
       2604 21.70000000000   43.57354    85.21935               -65.570    113.318    4096
       2605 21.70833333333   43.58793    84.88484               -65.562    113.994    4096
       2606 21.71666666667   43.60052    84.55031               -65.578    117.411    4096
       2607 21.72500000000   43.61132    84.21579               -65.548    114.146    4096
       2608 21.73333333333   43.62031    83.88131               -65.567    118.334    4096
       2609 21.74166666667   43.62751    83.54690               -65.522    115.222    4096
       2610 21.75000000000   43.63289    83.21259               -65.564    113.061    4096
       2611 21.75833333333   43.63647    82.87841               -65.567    111.653    4096
       2612 21.76666666667   43.63825    82.54439               -65.525  -2329.623    4096
       2613 21.77500000000   43.63822    82.21057               -65.545    111.948    4096
       2614 21.78333333333   43.63638    81.87697               -65.535    115.622    4096
       2615 21.79166666667   43.63273    81.54363               -65.540    124.178    4096
       2616 21.80000000000   43.62728    81.21058               -65.538    116.297    4096
       2617 21.80833333333   43.62001    80.87784               -65.587    114.546    4096
       2618 21.81666666667   43.61095    80.54546               -65.608    115.479    4096
       2619 21.82500000000   43.60007    80.21345               -65.575    111.282    4096
       2620 21.83333333333   43.58740    79.88186               -65.536    107.294    4096
       2621 21.84166666667   43.57292    79.55071               -65.475    108.569    4096
       2622 21.85000000000   43.55664    79.22003               -65.505    116.859    4096
       2623 21.85833333333   43.53856    78.88986               -65.469  -2324.045    4096
       2624 21.86666666667   43.51869    78.56022               -65.496    113.023    4096
       2625 21.87500000000   43.49703    78.23114               -65.499    106.066    4096
       2626 21.88333333333   43.47357    77.90267               -65.494    110.454    4096
       2627 21.89166666667   43.44833    77.57481               -65.513    115.926    4096
       2628 21.90000000000   43.42130    77.24761               -65.486    120.942    4096
       2629 21.90833333333   43.39250    76.92110               -65.453    113.985    4096
       2630 21.91666666667   43.36192    76.59530               -65.435    121.761    4096
       2631 21.92500000000   43.32957    76.27024               -65.386    124.616    4096
       2632 21.93333333333   43.29545    75.94596               -65.428    118.077    4096
       2633 21.94166666667   43.25957    75.62247               -65.394    114.251    4096
       2634 21.95000000000   43.22194    75.29981               -65.325    114.403    4096
       2635 21.95833333333   43.18255    74.97801               -65.301    123.245    4096
       2636 21.96666666667   43.14141    74.65710               -65.275    119.010    4096
       2637 21.97500000000   43.09854    74.33710               -65.248    122.693    4096
       2638 21.98333333333   43.05393    74.01803               -65.271    113.994    4096
       2639 21.99166666667   43.00760    73.69993               -65.259    114.917    4096
       2640 22.00000000000   42.95863    73.38187               -65.199    117.668    4096
       2641 22.00833333333   42.90977    73.06674               -65.209    120.124    4096
       2642 22.01666666667   42.85829    72.75170               -65.199    115.070    4096
       2643 22.02500000000   42.80511    72.43772               -65.191    120.124    4096
       2644 22.03333333333   42.75024    72.12484               -65.165    114.813    4096
       2645 22.04166666667   42.69368    71.81308               -65.143    119.305    4096
       2646 22.05000000000   42.63545    71.50246               -65.111    119.857    4096
       2647 22.05833333333   42.57554    71.19301               -65.104    112.766    4096
       2648 22.06666666667   42.51398    70.88475               -65.098    113.985    4096
       2649 22.07500000000   42.45076    70.57770               -65.058    117.002    4096
       2650 22.08333333333   42.38589    70.27189               -65.039    122.018    4096
       2651 22.09166666667   42.31939    69.96733               -64.968    119.867    4096
       2652 22.10000000000   42.25127    69.66406               -64.969    120.238    4096
       2653 22.10833333333   42.18152    69.36208               -64.878    116.440    4096
       2654 22.11666666667   42.11017    69.06143               -64.923  -2316.526    4096
       2655 22.12500000000   42.03722    68.76211               -64.896    127.224    4096
       2656 22.13333333333   41.96268    68.46416               -64.836    121.761    4096
       2657 22.14166666667   41.88656    68.16759               -64.805    114.955    4096
       2658 22.15000000000   41.80886    67.87241               -64.794    121.875    4096
       2659 22.15833333333   41.72961    67.57866               -64.732    121.761    4096
       2660 22.16666666667   41.64881    67.28634               -64.736    121.875    4096
       2661 22.17500000000   41.56648    66.99547               -64.734    116.183    4096
       2662 22.18333333333   41.48261    66.70607               -64.642    105.542    4096
       2663 22.19166666667   41.39722    66.41816               -64.617    106.627    4096
       2664 22.20000000000   41.31033    66.13175               -64.640    114.651    4096
       2665 22.20833333333   41.22194    65.84686               -64.616    127.900    4096
       2666 22.21666666667   41.13207    65.56350               -64.599    118.039    4096
       2667 22.22500000000   41.04072    65.28169               -64.595    109.083    4096
       2668 22.23333333333   40.94790    65.00144               -64.571    106.780    4096
       2669 22.24166666667   40.85364    64.72276               -64.513    110.339    4096
       2670 22.25000000000   40.75793    64.44568               -64.498    114.546    4096
       2671 22.25833333333   40.66080    64.17019               -64.495    116.183    4096
       2672 22.26666666667   40.56225    63.89632               -64.482    114.403    4096
       2673 22.27500000000   40.46229    63.62407               -64.463    108.674    4096
       2674 22.28333333333   40.36094    63.35346               -64.428    107.741    4096
       2675 22.29166666667   40.25820    63.08450               -64.445    110.463    4096
       2676 22.30000000000   40.15410    62.81720               -64.442    118.191    4096
       2677 22.30833333333   40.04863    62.55156               -64.395    117.259    4096
       2678 22.31666666667   39.94182    62.28760               -64.378    116.964    4096
       2679 22.32500000000   39.83367    62.02533               -64.378    122.465    4096
       2680 22.33333333333   39.72420    61.76475               -64.331    119.048    4096
       2681 22.34166666667   39.61342    61.50587               -64.337    122.979    4096
       2682 22.35000000000   39.50134    61.24871               -64.270    120.828    4096
       2683 22.35833333333   39.38798    60.99326               -64.291    120.419    4096
       2684 22.36666666667   39.27333    60.73954               -64.225    117.002    4096
       2685 22.37500000000   39.15743    60.48755               -64.196    113.166    4096
       2686 22.38333333333   39.04028    60.23730               -64.169    111.643    4096
       2687 22.39166666667   38.92189    59.98879               -64.151    113.994    4096
       2688 22.40000000000   38.80227    59.74203               -64.193    111.577    4096
       2689 22.40833333333   38.68144    59.49703               -64.161    111.129    4096
       2690 22.41666666667   38.55941    59.25378               -64.151    111.272    4096
       2691 22.42500000000   38.43620    59.01229               -64.098    119.162    4096
       2692 22.43333333333   38.31180    58.77257               -64.078    121.608    4096
       2693 22.44166666667   38.18624    58.53462               -64.018    122.170    4096
       2694 22.45000000000   38.05954    58.29844               -64.011    126.634    4096
       2695 22.45833333333   37.93169    58.06404               -63.956    121.761    4096
       2696 22.46666666667   37.80271    57.83141               -63.881    118.487    4096
       2697 22.47500000000   37.67262    57.60057               -63.829    123.655    4096
       2698 22.48333333333   37.54143    57.37150               -63.751    125.177    4096
       2699 22.49166666667   37.40915    57.14422               -63.691    121.199    4096
       2700 22.50000000000   37.27579    56.91872               -63.703    125.815    4096
       2701 22.50833333333   37.14136    56.69500               -63.596    118.382    4096
       2702 22.51666666667   37.00588    56.47307               -63.573    112.053    4096
       2703 22.52500000000   36.86936    56.25292               -63.535  -2314.375    4096
       2704 22.53333333333   36.73181    56.03455               -63.482    116.450    4096
       2705 22.54166666667   36.59325    55.81797               -63.459    111.424    4096
       2706 22.55000000000   36.45368    55.60317               -63.404    106.485    4096
       2707 22.55833333333   36.31311    55.39016               -63.350    112.614    4096
       2708 22.56666666667   36.17157    55.17892               -63.299    109.635    4096
       2709 22.57500000000   36.02905    54.96946               -63.260    104.990    4096
       2710 22.58333333333   35.88558    54.76178               -63.212    112.757    4096
       2711 22.59166666667   35.74117    54.55587               -63.157    111.282    4096
       2712 22.60000000000   35.59582    54.35174               -63.099    116.297    4096
       2713 22.60833333333   35.44955    54.14937               -63.001    120.942    4096
       2714 22.61666666667   35.30236    53.94877               -62.938    118.639    4096
       2715 22.62500000000   35.15428    53.74994               -62.889    116.183    4096
       2716 22.63333333333   35.00532    53.55286               -62.792    113.471    4096
       2717 22.64166666667   34.85547    53.35754               -62.746    117.268    4096
       2718 22.65000000000   34.70477    53.16398               -62.647    116.288    4096
       2719 22.65833333333   34.55321    52.97216               -62.514    123.959    4096
       2720 22.66666666667   34.40081    52.78209               -62.394    117.411    4096
       2721 22.67500000000   34.24758    52.59376               -62.322    127.072    4096
       2722 22.68333333333   34.09353    52.40717               -62.219    117.411    4096
       2723 22.69166666667   33.93867    52.22231               -62.113    122.836    4096
       2724 22.70000000000   33.78302    52.03918               -61.961    124.987    4096
       2725 22.70833333333   33.62658    51.85776               -61.869    121.313    4096
       2726 22.71666666667   33.46937    51.67807               -61.741    124.359    4096
       2727 22.72500000000   33.31139    51.50008               -61.668    127.481    4096
       2728 22.73333333333   33.15266    51.32381               -61.524    120.676    4096
       2729 22.74166666667   32.99319    51.14923               -61.411    119.000    4096
       2730 22.75000000000   32.83299    50.97635               -61.290    121.199    4096
       2731 22.75833333333   32.67206    50.80516               -61.122    119.305    4096
       2732 22.76666666667   32.51043    50.63565               -61.043    118.896    4096
       2733 22.77500000000   32.34809    50.46781               -60.914    126.672    4096
       2734 22.78333333333   32.18507    50.30165               -60.751    108.969    4096
       2735 22.79166666667   32.02136    50.13716               -60.702    120.533    4096
       2736 22.80000000000   31.85699    49.97432               -60.527    117.554    4096
       2737 22.80833333333   31.69196    49.81313               -60.392    115.917    4096
       2738 22.81666666667   31.52628    49.65359               -60.298    118.382    4096
       2739 22.82500000000   31.35996    49.49568               -60.208    123.255    4096
       2740 22.83333333333   31.19301    49.33941               -60.099    117.782    4096
       2741 22.84166666667   31.02544    49.18477               -59.971    112.091    4096
       2742 22.85000000000   30.85726    49.03174               -59.866    123.360    4096
       2743 22.85833333333   30.68848    48.88032               -59.756    118.344    4096
       2744 22.86666666667   30.51911    48.73050               -59.626    120.009    4096
       2745 22.87500000000   30.34916    48.58229               -59.459    126.520    4096
       2746 22.88333333333   30.17864    48.43566               -59.272    130.193    4096
       2747 22.89166666667   30.00755    48.29061               -59.181  -2305.524    4096
       2748 22.90000000000   29.83591    48.14714               -58.983    138.122    4096
       2749 22.90833333333   29.66373    48.00523               -58.896    135.114    4096
       2750 22.91666666667   29.49102    47.86489               -58.699    135.628    4096
       2751 22.92500000000   29.31777    47.72610               -58.620    124.511    4096
       2752 22.93333333333   29.14401    47.58885               -58.528    118.487    4096
       2753 22.94166666667   28.96975    47.45314               -58.385    106.218    4096
       2754 22.95000000000   28.79498    47.31896               -58.343    107.189    4096
       2755 22.95833333333   28.61972    47.18630               -58.250    119.867    4096
       2756 22.96666666667   28.44398    47.05515               -58.113    123.360    4096
       2757 22.97500000000   28.26777    46.92552               -58.027    121.456    4096
       2758 22.98333333333   28.09109    46.79738               -57.969    121.618    4096
       2759 22.99166666667   27.91396    46.67073               -57.757    129.384    4096
       2760 23.00000000000   27.73638    46.54557               -57.836    124.882    4096
       2761 23.00833333333   27.55835    46.42188               -57.721    131.840    4096
       2762 23.01666666667   27.37990    46.29966               -57.608    143.547    4096
       2763 23.02500000000   27.20102    46.17890               -57.463    137.408    4096
       2764 23.03333333333   27.02172    46.05959               -57.310    132.801    4096
       2765 23.04166666667   26.84202    45.94172            -19098.097    133.734    4096
       2766 23.05000000000   26.66191    45.82530               -57.026    127.338    4096
       2767 23.05833333333   26.48141    45.71030               -56.968    133.325    4096
       2768 23.06666666667   26.30053    45.59672               -56.816    132.240    4096
       2769 23.07500000000   26.11927    45.48456               -56.713    126.110    4096
       2770 23.08333333333   25.93764    45.37380               -56.614    129.679    4096
       2771 23.09166666667   25.75565    45.26444               -56.502    131.421    4096
       2772 23.10000000000   25.57330    45.15647               -56.375    140.016    4096
       2773 23.10833333333   25.39060    45.04988               -56.398    116.450    4096
       2774 23.11666666667   25.20757    44.94466               -56.371    121.875    4096
       2775 23.12500000000   25.02419    44.84081               -56.224    108.560    4096
       2776 23.13333333333   24.84050    44.73832               -56.163    120.533    4096
       2777 23.14166666667   24.65648    44.63718               -56.074    113.842    4096
       2778 23.15000000000   24.47215    44.53739               -55.991    106.218    4096
       2779 23.15833333333   24.28751    44.43892               -55.863    104.476    4096
       2780 23.16666666667   24.10257    44.34179               -55.745    119.153    4096
       2781 23.17500000000   23.91735    44.24598               -55.709    128.823    4096
       2782 23.18333333333   23.73183    44.15148               -55.503    119.829    4096
       2783 23.19166666667   23.54604    44.05828               -55.353    118.601    4096
       2784 23.20000000000   23.35997    43.96638               -55.202    125.701    4096
       2785 23.20833333333   23.17363    43.87577               -55.027    133.182    4096
       2786 23.21666666667   22.98704    43.78645               -54.831    128.671    4096
       2787 23.22500000000   22.80019    43.69839               -54.707    132.401    4096
       2788 23.23333333333   22.61309    43.61161               -54.534    130.203    4096
       2789 23.24166666667   22.42575    43.52608               -54.320    124.882    4096
       2790 23.25000000000   22.23817    43.44181               -54.221    129.270    4096
       2791 23.25833333333   22.05037    43.35878               -54.053    131.126    4096
       2792 23.26666666667   21.86234    43.27699               -53.793    133.220    4096
       2793 23.27500000000   21.67409    43.19642               -53.682    120.790    4096
       2794 23.28333333333   21.48563    43.11708               -53.475    128.975    4096
       2795 23.29166666667   21.29696    43.03896               -53.334    134.809    4096
       2796 23.30000000000   21.10810    42.96205               -53.139    116.849    4096
       2797 23.30833333333   20.91903    42.88633               -52.956    115.774    4096
       2798 23.31666666667   20.72978    42.81181               -52.855    134.952    4096
       2799 23.32500000000   20.54034    42.73848               -52.644    124.882    4096
       2800 23.33333333333   20.35072    42.66633               -52.407    128.861    4096
       2801 23.34166666667   20.16093    42.59534               -52.234    134.848    4096
       2802 23.35000000000   19.97097    42.52553               -52.037    128.004    4096
       2803 23.35833333333   19.78085    42.45687               -51.806    126.824    4096
       2804 23.36666666667   19.59056    42.38937               -51.618    133.467    4096
       2805 23.37500000000   19.40013    42.32301               -51.405    133.068    4096
       2806 23.38333333333   19.20954    42.25779               -51.183    140.948    4096
       2807 23.39166666667   19.01882    42.19370               -50.972    139.054    4096
       2808 23.40000000000   18.82795    42.13073               -50.769    129.641    4096
       2809 23.40833333333   18.63695    42.06889               -50.517    129.936    4096
       2810 23.41666666667   18.44582    42.00815               -50.296    124.730    4096
       2811 23.42500000000   18.25457    41.94852               -50.126    133.467    4096
       2812 23.43333333333   18.06320    41.88999               -49.955    114.660    4096
       2813 23.44166666667   17.87171    41.83254               -49.702    137.008    4096
       2814 23.45000000000   17.68012    41.77619               -49.522    140.120    4096
       2815 23.45833333333   17.48841    41.72091               -49.218    145.450    4096
       2816 23.46666666667   17.29661    41.66670               -49.016    145.441    4096
       2817 23.47500000000   17.10471    41.61356               -48.791    139.464    4096
       2818 23.48333333333   16.91272    41.56148               -48.624    145.184    4096
       2819 23.49166666667   16.72064    41.51045               -48.406    137.408    4096
       2820 23.50000000000   16.52847    41.46047               -48.068    133.582    4096
       2821 23.50833333333   16.33622    41.41153               -47.844    138.493    4096
       2822 23.51666666667   16.14390    41.36362               -47.659    128.966    4096
       2823 23.52500000000   15.95151    41.31675               -47.397    119.562    4096
       2824 23.53333333333   15.75905    41.27089               -47.249    123.245    4096
       2825 23.54166666667   15.56653    41.22605               -47.210    138.084    4096
       2826 23.55000000000   15.37394    41.18222               -46.834    132.135    4096
       2827 23.55833333333   15.18130    41.13940               -46.702    128.861    4096
       2828 23.56666666667   14.98861    41.09757               -46.551    136.190    4096
       2829 23.57500000000   14.79587    41.05674               -46.185    131.126    4096
       2830 23.58333333333   14.60308    41.01689               -46.136    134.400    4096
       2831 23.59166666667   14.41026    40.97803               -45.726    139.159    4096
       2832 23.60000000000   14.21740    40.94014               -45.587    129.794    4096
       2833 23.60833333333   14.02450    40.90322               -45.333    132.801    4096
       2834 23.61666666667   13.83157    40.86727               -45.246    139.197    4096
       2835 23.62500000000   13.63862    40.83227               -44.878    133.325    4096
       2836 23.63333333333   13.44565    40.79823               -44.703    143.842    4096
       2837 23.64166666667   13.25265    40.76513               -44.523    154.740    4096
       2838 23.65000000000   13.05964    40.73298               -44.162    144.622    4096
       2839 23.65833333333   12.86661    40.70176               -43.984    139.197    4096
       2840 23.66666666667   12.67358    40.67148               -43.712    144.632    4096
       2841 23.67500000000   12.48054    40.64212               -43.552    128.566    4096
       2842 23.68333333333   12.28750    40.61368               -43.252    146.155    4096
       2843 23.69166666667   12.09445    40.58616               -43.168    131.269    4096
       2844 23.70000000000   11.90141    40.55955               -42.753    152.798    4096
       2845 23.70833333333   11.70838    40.53384               -42.436    144.775    4096
       2846 23.71666666667   11.51535    40.50903               -42.406    154.997    4096
       2847 23.72500000000   11.32234    40.48512               -42.058    146.669    4096
       2848 23.73333333333   11.12934    40.46210               -41.870    139.978    4096
       2849 23.74166666667   10.93636    40.43996               -41.720    131.830    4096
       2850 23.75000000000   10.74340    40.41871               -41.492    132.506    4096
       2851 23.75833333333   10.55047    40.39833               -41.232    119.724    4096
       2852 23.76666666667   10.35756    40.37882               -41.142    113.985    4096
       2853 23.77500000000   10.16468    40.36017               -40.889    122.132    4096
       2854 23.78333333333    9.97184    40.34239               -40.655    122.465    4096
       2855 23.79166666667    9.77902    40.32546               -40.490    137.265    4096
       2856 23.80000000000    9.58625    40.30939               -40.174    148.039    4096
       2857 23.80833333333    9.39352    40.29416               -39.982    136.999    4096
       2858 23.81666666667    9.20083    40.27977               -39.863    130.907    4096
       2859 23.82500000000    9.00818    40.26622               -39.603  -2307.722    4096
       2860 23.83333333333    8.81558    40.25351               -39.386    127.186    4096
       2861 23.84166666667    8.62304    40.24162               -39.351    139.311    4096
       2862 23.85000000000    8.43054    40.23056               -38.965    128.147    4096
       2863 23.85833333333    8.23811    40.22031               -38.857    133.429    4096
       2864 23.86666666667    8.04573    40.21089               -38.664    131.164    4096
       2865 23.87500000000    7.85340    40.20227               -38.296    146.669    4096
       2866 23.88333333333    7.66115    40.19446               -38.169    149.790    4096
       2867 23.89166666667    7.46895    40.18745            -19078.705    143.433    4096
       2868 23.90000000000    7.27683    40.18125               -37.574    157.861    4096
       2869 23.90833333333    7.08477    40.17583               -37.295    159.870    4096
       2870 23.91666666667    6.89278    40.17121               -37.012    160.831    4096
       2871 23.92500000000    6.70087    40.16737               -36.683    152.541    4096
       2872 23.93333333333    6.50903    40.16431               -36.560    143.138    4096
       2873 23.94166666667    6.31728    40.16204               -36.334    138.226    4096
       2874 23.95000000000    6.12560    40.16053               -36.017    149.838    4096
       2875 23.95833333333    5.93400    40.15980               -35.828    140.834    4096
       2876 23.96666666667    5.74249    40.15983               -35.652    148.448    4096
       2877 23.97500000000    5.55106    40.16062               -35.469    153.255    4096
       2878 23.98333333333    5.35973    40.16217               -35.312    159.755    4096
       2879 23.99166666667    5.16848    40.16448               -35.011    145.327    4096
