# Created on 2022-09-13 07:27:39 
# Sources: obs\TPKL1681.22O, nav\TPKL1681.22G
# Satellite: R14 (k = -7.0)
# Interval: 30.0
# Sampling interval: 0.0 (not used).
# Site: TPKL
# Position (L, B, H): 78.5290569025, 42.4638637031, 1886.01891334
# Position (X, Y, Z): 937429.6846, 4619604.6444, 4285027.6573
# datetime format: %Y-%m-%dT%H:%M:%S
# Columns: tsn, hour, el, az, tec.l1l2, tec.p1p2, validity
# (I11,1X,F14.11,1X,F10.5,1X,F11.5,1X,F21.3,1X,F10.3,1X,I7)
       2166 18.05000000000    3.23893   205.27122               -14.402      0.000      32
       2167 18.05833333333    3.46652   205.34291               -14.402      0.000      32
       2168 18.06666666667    3.69430   205.41518               -14.402      0.000      32
       2169 18.07500000000    3.92225   205.48802               -14.402      0.000      32
       2170 18.08333333333    4.15040   205.56143               -14.402      0.000      32
       2171 18.09166666667    4.37872   205.63543               -14.402      0.000      32
       2172 18.10000000000    4.60723   205.71002               -14.402      0.000      32
       2173 18.10833333333    4.83592   205.78520               -14.402      0.000      32
       2174 18.11666666667    5.06480   205.86097               -14.402      0.000      32
       2175 18.12500000000    5.29385   205.93734               -14.402      0.000      32
       2176 18.13333333333    5.52309   206.01432               -14.402      0.000      32
       2177 18.14166666667    5.75250   206.09191               -14.402      0.000      32
       2178 18.15000000000    5.98209   206.17011               -14.402      0.000      32
       2179 18.15833333333    6.21186   206.24892               -14.402      0.000      32
       2180 18.16666666667    6.44181   206.32836               -14.402      0.000      32
       2181 18.17500000000    6.67193   206.40843               -14.402      0.000      32
       2182 18.18333333333    6.90222   206.48913               -14.402      0.000      32
       2183 18.19166666667    7.13269   206.57047               -14.402      0.000      32
       2184 18.20000000000    7.36334   206.65246               -14.402      0.000      32
       2185 18.20833333333    7.59415   206.73508               -14.402      0.000      32
       2186 18.21666666667    7.82513   206.81837               -14.402      0.000      32
       2187 18.22500000000    8.05628   206.90231               -14.402      0.000      32
       2188 18.23333333333    8.28760   206.98691               -14.402      0.000      32
       2189 18.24166666667    8.51908   207.07218               -14.402      0.000      32
       2190 18.25000000000    8.75073   207.15813               -14.402      0.000      32
       2191 18.25833333333    8.98254   207.24475               -14.402      0.000      32
       2192 18.26666666667    9.21451   207.33206               -14.402      0.000      32
       2193 18.27500000000    9.44664   207.42006               -14.402      0.000      32
       2194 18.28333333333    9.67892   207.50875               -14.402      0.000      32
       2195 18.29166666667    9.91136   207.59815               -14.402      0.000      32
       2196 18.30000000000   10.14396   207.68825               -14.402      0.000      32
       2197 18.30833333333   10.37671   207.77907               -14.402      0.000      32
       2198 18.31666666667   10.60960   207.87061               -14.402      0.000      32
       2199 18.32500000000   10.84265   207.96287               -14.402      0.000      32
       2200 18.33333333333   11.07584   208.05586               -14.402      0.000      32
       2201 18.34166666667   11.30917   208.14959               -14.402      0.000      32
       2202 18.35000000000   11.54265   208.24406               -14.402      0.000      32
       2203 18.35833333333   11.77626   208.33928               -14.402      0.000      32
       2204 18.36666666667   12.01001   208.43526               -14.402      0.000      32
       2205 18.37500000000   12.24390   208.53200               -14.402      0.000      32
       2206 18.38333333333   12.47792   208.62951               -14.402      0.000      32
       2207 18.39166666667   12.71206   208.72780               -14.402      0.000      32
       2208 18.40000000000   12.94634   208.82687               -14.402      0.000      32
       2209 18.40833333333   13.18073   208.92672               -14.402      0.000      32
       2210 18.41666666667   13.41525   209.02738               -14.402      0.000      32
       2211 18.42500000000   13.64988   209.12883               -14.402      0.000      32
       2212 18.43333333333   13.88464   209.23109               -14.402      0.000      32
       2213 18.44166666667   14.11950   209.33418               -14.402      0.000      32
       2214 18.45000000000   14.35447   209.43808               -14.402      0.000      32
       2215 18.45833333333   14.58955   209.54282               -14.402      0.000      32
       2216 18.46666666667   14.82473   209.64839               -14.402      0.000      32
       2217 18.47500000000   15.06001   209.75481               -14.402      0.000      32
       2218 18.48333333333   15.29539   209.86209               -14.402      0.000      32
       2219 18.49166666667   15.53086   209.97022               -44.867      0.000      32
       2220 18.50000000000   15.76642   210.07922               -44.864      0.000      32
       2221 18.50833333333   16.01282   210.14854               -44.954      0.000      32
       2222 18.51666666667   16.24853   210.25896               -45.080      0.000      32
       2223 18.52500000000   16.48439   210.37001               -44.952      0.000      32
       2224 18.53333333333   16.72041   210.48168               -44.852      0.000      32
       2225 18.54166666667   16.95658   210.59399               -44.922      0.000      32
       2226 18.55000000000   17.19290   210.70694               -44.932      0.000      32
       2227 18.55833333333   17.42937   210.82053               -44.901      0.000      32
       2228 18.56666666667   17.66599   210.93478               -44.450      0.000      32
       2229 18.57500000000   17.90275   211.04969               -44.501      0.000      32
       2230 18.58333333333   18.13965   211.16528               -44.492      0.000      32
       2231 18.59166666667   18.37669   211.28154               -44.487      0.000      32
       2232 18.60000000000   18.61387   211.39848               -44.488      0.000      32
       2233 18.60833333333   18.85118   211.51612               -44.576      0.000      32
       2234 18.61666666667   19.08862   211.63446               -44.586      0.000      32
       2235 18.62500000000   19.32619   211.75351               -44.847      0.000      32
       2236 18.63333333333   19.56388   211.87327               -44.951      0.000      32
       2237 18.64166666667   19.80170   211.99376               -44.895      0.000      32
       2238 18.65000000000   20.03964   212.11498               -44.947      0.000      32
       2239 18.65833333333   20.27769   212.23694               -44.989      0.000      32
       2240 18.66666666667   20.51586   212.35965               -45.051      0.000      32
       2241 18.67500000000   20.75414   212.48311               -44.949      0.000      32
       2242 18.68333333333   20.99253   212.60734               -45.035      0.000      32
       2243 18.69166666667   21.23102   212.73235               -45.190      0.000      32
       2244 18.70000000000   21.46962   212.85814               -45.315      0.000      32
       2245 18.70833333333   21.70831   212.98472               -45.326      0.000      32
       2246 18.71666666667   21.94710   213.11210               -45.516      0.000      32
       2247 18.72500000000   22.18598   213.24029               -45.895      0.000      32
       2248 18.73333333333   22.42494   213.36931               -46.148      0.000      32
       2249 18.74166666667   22.66399   213.49915               -46.315      0.000      32
       2250 18.75000000000   22.90312   213.62982               -46.779      0.000      32
       2251 18.75833333333   23.14233   213.76135               -47.026      0.000      32
       2252 18.76666666667   23.38161   213.89373               -47.358      0.000      32
       2253 18.77500000000   23.62096   214.02698               -47.927      0.000      32
       2254 18.78333333333   23.86037   214.16110               -48.233      0.000      32
       2255 18.79166666667   24.09984   214.29612               -48.379      0.000      32
       2256 18.80000000000   24.33937   214.43203               -48.716      0.000      32
       2257 18.80833333333   24.57896   214.56884               -48.982      0.000      32
       2258 18.81666666667   24.81859   214.70658             19119.947      0.000      32
       2259 18.82500000000   25.05827   214.84524               -49.346      0.000      32
       2260 18.83333333333   25.29798   214.98484               -49.529      0.000      32
       2261 18.84166666667   25.53774   215.12539               -49.650      0.000      32
       2262 18.85000000000   25.77752   215.26690               -49.727      0.000      32
       2263 18.85833333333   26.01733   215.40939               -49.823      0.000      32
       2264 18.86666666667   26.25716   215.55285               -49.770      0.000      32
       2265 18.87500000000   26.49700   215.69732               -49.888      0.000      32
       2266 18.88333333333   26.73686   215.84278               -50.025      0.000      32
       2267 18.89166666667   26.97672   215.98927               -49.917      0.000      32
       2268 18.90000000000   27.21659   216.13678               -49.921      0.000      32
       2269 18.90833333333   27.45645   216.28534               -50.014      0.000      32
       2270 18.91666666667   27.69631   216.43494               -49.999      0.000      32
       2271 18.92500000000   27.93615   216.58562               -50.128      0.000      32
       2272 18.93333333333   28.17597   216.73737               -50.362      0.000      32
       2273 18.94166666667   28.41577   216.89021               -50.533      0.000      32
       2274 18.95000000000   28.65553   217.04416               -50.718      0.000      32
       2275 18.95833333333   28.89526   217.19922               -51.021      0.000      32
       2276 18.96666666667   29.13495   217.35542               -51.271      0.000      32
       2277 18.97500000000   29.37459   217.51275               -51.385      0.000      32
       2278 18.98333333333   29.61418   217.67124               -51.594      0.000      32
       2279 18.99166666667   29.85371   217.83091               -51.895      0.000      32
       2280 19.00000000000   30.09317   217.99175               -52.106      0.000      32
       2281 19.00833333333   30.35324   218.10617               -52.251      0.000      32
       2282 19.01666666667   30.59279   218.26882               -52.501      0.000      32
       2283 19.02500000000   30.83240   218.43237               -52.761      0.000      32
       2284 19.03333333333   31.07206   218.59684               -52.922      0.000      32
       2285 19.04166666667   31.31178   218.76225               -53.162      0.000      32
       2286 19.05000000000   31.55154   218.92859               -53.380      0.000      32
       2287 19.05833333333   31.79135   219.09589               -53.444      0.000      32
       2288 19.06666666667   32.03119   219.26417               -53.804      0.000      32
       2289 19.07500000000   32.27107   219.43342               -53.894      0.000      32
       2290 19.08333333333   32.51097   219.60367               -54.041      0.000      32
       2291 19.09166666667   32.75090   219.77493               -54.152      0.000      32
       2292 19.10000000000   32.99084   219.94721               -54.364      0.000      32
       2293 19.10833333333   33.23080   220.12053               -54.498      0.000      32
       2294 19.11666666667   33.47076   220.29489               -54.552      0.000      32
       2295 19.12500000000   33.71073   220.47033               -54.699      0.000      32
       2296 19.13333333333   33.95069   220.64684               -54.847      0.000      32
       2297 19.14166666667   34.19064   220.82444               -54.855      0.000      32
       2298 19.15000000000   34.43058   221.00316               -54.903      0.000      32
       2299 19.15833333333   34.67049   221.18299               -55.057      0.000      32
       2300 19.16666666667   34.91038   221.36397               -55.093      0.000      32
       2301 19.17500000000   35.15024   221.54610               -55.201      0.000      32
       2302 19.18333333333   35.39006   221.72940               -55.338      0.000      32
       2303 19.19166666667   35.62983   221.91389               -55.455      0.000      32
       2304 19.20000000000   35.86956   222.09958               -55.597      0.000      32
       2305 19.20833333333   36.10922   222.28648               -55.649      0.000      32
       2306 19.21666666667   36.34883   222.47463               -55.720      0.000      32
       2307 19.22500000000   36.58837   222.66402               -55.844      0.000      32
       2308 19.23333333333   36.82783   222.85469               -55.924      0.000      32
       2309 19.24166666667   37.06721   223.04664               -56.068      0.000      32
       2310 19.25000000000   37.30650   223.23990               -56.094      0.000      32
       2311 19.25833333333   37.54570   223.43448               -56.151      0.000      32
       2312 19.26666666667   37.78479   223.63040               -56.287      0.000      32
       2313 19.27500000000   38.02378   223.82768               -56.289      0.000      32
       2314 19.28333333333   38.26265   224.02633               -56.387      0.000      32
       2315 19.29166666667   38.50140   224.22639               -56.421      0.000      32
       2316 19.30000000000   38.74002   224.42786               -56.409      0.000      32
       2317 19.30833333333   38.97850   224.63077               -56.482      0.000      32
       2318 19.31666666667   39.21684   224.83513               -56.588      0.000      32
       2319 19.32500000000   39.45502   225.04097               -56.696      0.000      32
       2320 19.33333333333   39.69305   225.24830               -56.712      0.000      32
       2321 19.34166666667   39.93091   225.45716               -56.796      0.000      32
       2322 19.35000000000   40.16859   225.66755               -56.902      0.000      32
       2323 19.35833333333   40.40610   225.87950               -56.964      0.000      32
       2324 19.36666666667   40.64341   226.09304               -57.041      0.000      32
       2325 19.37500000000   40.88052   226.30817               -57.160      0.000      32
       2326 19.38333333333   41.11743   226.52494               -57.205      0.000      32
       2327 19.39166666667   41.35412   226.74335               -57.344      0.000      32
       2328 19.40000000000   41.59058   226.96344               -57.396      0.000      32
       2329 19.40833333333   41.82682   227.18522               -57.593      0.000      32
       2330 19.41666666667   42.06281   227.40872               -57.605      0.000      32
       2331 19.42500000000   42.29856   227.63396               -57.640      0.000      32
       2332 19.43333333333   42.53404   227.86097               -57.897      0.000      32
       2333 19.44166666667   42.76926   228.08978               -57.911      0.000      32
       2334 19.45000000000   43.00420   228.32040               -58.036      0.000      32
       2335 19.45833333333   43.23886   228.55286               -58.171      0.000      32
       2336 19.46666666667   43.47322   228.78720               -58.283      0.000      32
       2337 19.47500000000   43.70727   229.02343               -58.362      0.000      32
       2338 19.48333333333   43.94101   229.26158               -58.443      0.000      32
       2339 19.49166666667   44.17442   229.50168               -58.471      0.000      32
       2340 19.50000000000   44.40750   229.74376               -58.544      0.000      32
       2341 19.50833333333   44.66554   229.93365               -58.595      0.000      32
       2342 19.51666666667   44.89842   230.17887               -58.655      0.000      32
       2343 19.52500000000   45.13112   230.42579               -58.758      0.000      32
       2344 19.53333333333   45.36362   230.67444               -58.787      0.000      32
       2345 19.54166666667   45.59591   230.92483               -58.883      0.000      32
       2346 19.55000000000   45.82798   231.17700               -58.916      0.000      32
       2347 19.55833333333   46.05983   231.43098               -59.059      0.000      32
       2348 19.56666666667   46.29145   231.68678               -59.144      0.000      32
       2349 19.57500000000   46.52283   231.94445               -59.285      0.000      32
       2350 19.58333333333   46.75395   232.20399               -59.324      0.000      32
       2351 19.59166666667   46.98481   232.46546               -59.340      0.000      32
       2352 19.60000000000   47.21540   232.72886               -59.548      0.000      32
       2353 19.60833333333   47.44571   232.99424               -59.542      0.000      32
       2354 19.61666666667   47.67573   233.26163               -59.737      0.000      32
       2355 19.62500000000   47.90545   233.53104               -59.821      0.000      32
       2356 19.63333333333   48.13486   233.80252               -59.912      0.000      32
       2357 19.64166666667   48.36394   234.07610               -60.069      0.000      32
       2358 19.65000000000   48.59270   234.35180               -60.177      0.000      32
       2359 19.65833333333   48.82112   234.62966               -60.315      0.000      32
       2360 19.66666666667   49.04918   234.90972               -60.478      0.000      32
       2361 19.67500000000   49.27689   235.19200               -60.634      0.000      32
       2362 19.68333333333   49.50421   235.47655               -60.713      0.000      32
       2363 19.69166666667   49.73116   235.76339               -60.873      0.000      32
       2364 19.70000000000   49.95771   236.05255               -60.872      0.000      32
       2365 19.70833333333   50.18385   236.34409               -60.982      0.000      32
       2366 19.71666666667   50.40957   236.63803               -60.996      0.000      32
       2367 19.72500000000   50.63486   236.93440               -61.033      0.000      32
       2368 19.73333333333   50.85971   237.23326               -61.142      0.000      32
       2369 19.74166666667   51.08411   237.53462               -61.142      0.000      32
       2370 19.75000000000   51.30803   237.83854               -61.195      0.000      32
       2371 19.75833333333   51.53148   238.14506               -61.308      0.000      32
       2372 19.76666666667   51.75444   238.45420               -61.440      0.000      32
       2373 19.77500000000   51.97689   238.76602               -61.496      0.000      32
       2374 19.78333333333   52.19882   239.08055               -61.538      0.000      32
       2375 19.79166666667   52.42023   239.39783               -61.705      0.000      32
       2376 19.80000000000   52.64108   239.71791               -61.770      0.000      32
       2377 19.80833333333   52.86138   240.04083               -61.901      0.000      32
       2378 19.81666666667   53.08111   240.36664               -62.037      0.000      32
       2379 19.82500000000   53.30025   240.69537               -62.167      0.000      32
       2380 19.83333333333   53.51879   241.02707               -62.284      0.000      32
       2381 19.84166666667   53.73671   241.36179               -62.399      0.000      32
       2382 19.85000000000   53.95401   241.69957               -62.586      0.000      32
       2383 19.85833333333   54.17066   242.04046               -62.668      0.000      32
       2384 19.86666666667   54.38664   242.38451               -62.832      0.000      32
       2385 19.87500000000   54.60196   242.73177               -62.894      0.000      32
       2386 19.88333333333   54.81657   243.08227               -63.078      0.000      32
       2387 19.89166666667   55.03048   243.43608               -63.166      0.000      32
       2388 19.90000000000   55.24367   243.79324               -63.250      0.000      32
       2389 19.90833333333   55.45611   244.15380               -63.393      0.000      32
       2390 19.91666666667   55.66780   244.51782               -63.430      0.000      32
       2391 19.92500000000   55.87871   244.88534               -63.477      0.000      32
       2392 19.93333333333   56.08883   245.25641               -63.501      0.000      32
       2393 19.94166666667   56.29813   245.63110               -63.540      0.000      32
       2394 19.95000000000   56.50661   246.00945               -63.535      0.000      32
       2395 19.95833333333   56.71423   246.39151               -63.582      0.000      32
       2396 19.96666666667   56.92099   246.77734               -63.606      0.000      32
       2397 19.97500000000   57.12687   247.16700               -63.673      0.000      32
       2398 19.98333333333   57.33184   247.56054               -63.698      0.000      32
       2399 19.99166666667   57.53588   247.95801               -63.704      0.000      32
       2400 20.00000000000   57.73898   248.35948               -63.774      0.000      32
       2401 20.00833333333   57.96534   248.70440               -63.807      0.000      32
       2402 20.01666666667   58.16724   249.11293               -63.855      0.000      32
       2403 20.02500000000   58.36831   249.52523               -63.839      0.000      32
       2404 20.03333333333   58.56853   249.94136               -63.906      0.000      32
       2405 20.04166666667   58.76786   250.36135               -63.951      0.000      32
       2406 20.05000000000   58.96630   250.78528               -64.016      0.000      32
       2407 20.05833333333   59.16383   251.21320               -64.080      0.000      32
       2408 20.06666666667   59.36042   251.64516               -64.145      0.000      32
       2409 20.07500000000   59.55605   252.08122               -64.160      0.000      32
       2410 20.08333333333   59.75071   252.52144               -64.198      0.000      32
       2411 20.09166666667   59.94437   252.96587               -64.293      0.000      32
       2412 20.10000000000   60.13701   253.41458               -64.372      0.000      32
       2413 20.10833333333   60.32862   253.86761               -64.451      0.000      32
       2414 20.11666666667   60.51916   254.32503               -64.530      0.000      32
       2415 20.12500000000   60.70862   254.78690               -64.589      0.000      32
       2416 20.13333333333   60.89697   255.25327               -64.719      0.000      32
       2417 20.14166666667   61.08419   255.72421               -64.796      0.000      32
       2418 20.15000000000   61.27026   256.19977               -64.855      0.000      32
       2419 20.15833333333   61.45515   256.68001               -64.956      0.000      32
       2420 20.16666666667   61.63884   257.16499             19104.211      0.000      32
       2421 20.17500000000   61.82131   257.65478               -65.039      0.000      32
       2422 20.18333333333   62.00253   258.14941               -65.085      0.000      32
       2423 20.19166666667   62.18247   258.64897               -65.135      0.000      32
       2424 20.20000000000   62.36111   259.15350               -65.213      0.000      32
       2425 20.20833333333   62.53842   259.66306               -65.273      0.000      32
       2426 20.21666666667   62.71438   260.17770               -65.334      0.000      32
       2427 20.22500000000   62.88896   260.69750               -65.453      0.000      32
       2428 20.23333333333   63.06214   261.22250               -65.608      0.000      32
       2429 20.24166666667   63.23388   261.75275               -65.641      0.000      32
       2430 20.25000000000   63.40415   262.28831               -65.734      0.000      32
       2431 20.25833333333   63.57294   262.82924               -65.792      0.000      32
       2432 20.26666666667   63.74020   263.37559               -65.854      0.000      32
       2433 20.27500000000   63.90592   263.92741               -65.936      0.000      32
       2434 20.28333333333   64.07006   264.48475               -65.952      0.000      32
       2435 20.29166666667   64.23259   265.04765               -66.022      0.000      32
       2436 20.30000000000   64.39348   265.61617               -66.104      0.000      32
       2437 20.30833333333   64.55271   266.19036               -66.164      0.000      32
       2438 20.31666666667   64.71023   266.77024               -66.229      0.000      32
       2439 20.32500000000   64.86602   267.35588               -66.268      0.000      32
       2440 20.33333333333   65.02005   267.94730               -66.279      0.000      32
       2441 20.34166666667   65.17228   268.54455               -66.322      0.000      32
       2442 20.35000000000   65.32269   269.14766               -66.371      0.000      32
       2443 20.35833333333   65.47123   269.75666               -66.436      0.000      32
       2444 20.36666666667   65.61788   270.37159               -66.422      0.000      32
       2445 20.37500000000   65.76261   270.99247               -66.501      0.000      32
       2446 20.38333333333   65.90537   271.61932               -66.610      0.000      32
       2447 20.39166666667   66.04614   272.25217               -66.613      0.000      32
       2448 20.40000000000   66.18488   272.89103               -66.643      0.000      32
       2449 20.40833333333   66.32156   273.53591               -66.680      0.000      32
       2450 20.41666666667   66.45614   274.18684               -66.711      0.000      32
       2451 20.42500000000   66.58859   274.84381               -66.778      0.000      32
       2452 20.43333333333   66.71887   275.50682               -66.793      0.000      32
       2453 20.44166666667   66.84694   276.17587               -66.789      0.000      32
       2454 20.45000000000   66.97278   276.85097               -66.847      0.000      32
       2455 20.45833333333   67.09634   277.53208               -66.903      0.000      32
       2456 20.46666666667   67.21760   278.21920               -66.913      0.000      32
       2457 20.47500000000   67.33651   278.91231               -66.955      0.000      32
       2458 20.48333333333   67.45304   279.61138               -66.962      0.000      32
       2459 20.49166666667   67.56716   280.31638               -66.988      0.000      32
       2460 20.50000000000   67.67883   281.02726               -67.041      0.000      32
       2461 20.50833333333   67.80953   281.68081               -67.051      0.000      32
       2462 20.51666666667   67.91717   282.40282               -67.098      0.000      32
       2463 20.52500000000   68.02241   283.13021               -67.132      0.000      32
       2464 20.53333333333   68.12522   283.86292               -67.201      0.000      32
       2465 20.54166666667   68.22556   284.60088               -67.247      0.000      32
       2466 20.55000000000   68.32340   285.34403               -67.259      0.000      32
       2467 20.55833333333   68.41872   286.09229               -67.274      0.000      32
       2468 20.56666666667   68.51149   286.84558               -67.283      0.000      32
       2469 20.57500000000   68.60167   287.60382               -67.311      0.000      32
       2470 20.58333333333   68.68925   288.36691               -67.340      0.000      32
       2471 20.59166666667   68.77419   289.13475               -67.377      0.000      32
       2472 20.60000000000   68.85648   289.90724             19101.796      0.000      32
       2473 20.60833333333   68.93607   290.68426               -67.439      0.000      32
       2474 20.61666666667   69.01295   291.46572               -67.484      0.000      32
       2475 20.62500000000   69.08709   292.25147               -67.507      0.000      32
       2476 20.63333333333   69.15848   293.04139               -67.529      0.000      32
       2477 20.64166666667   69.22708   293.83536               -67.613      0.000      32
       2478 20.65000000000   69.29287   294.63322               -67.616      0.000      32
       2479 20.65833333333   69.35584   295.43484               -67.663      0.000      32
       2480 20.66666666667   69.41596   296.24006               -67.687      0.000      32
       2481 20.67500000000   69.47322   297.04873               -67.724      0.000      32
       2482 20.68333333333   69.52759   297.86068               -67.789      0.000      32
       2483 20.69166666667   69.57906   298.67576               -67.841      0.000      32
       2484 20.70000000000   69.62762   299.49378               -67.841      0.000      32
       2485 20.70833333333   69.67324   300.31458               -67.903      0.000      32
       2486 20.71666666667   69.71592   301.13797               -67.926      0.000      32
       2487 20.72500000000   69.75564   301.96377               -67.970      0.000      32
       2488 20.73333333333   69.79239   302.79179               -68.033      0.000      32
       2489 20.74166666667   69.82616   303.62184               -68.075      0.000      32
       2490 20.75000000000   69.85694   304.45372               -68.063      0.000      32
       2491 20.75833333333   69.88473   305.28725               -68.126      0.000      32
       2492 20.76666666667   69.90951   306.12220               -68.152      0.000      32
       2493 20.77500000000   69.93128   306.95840               -68.195      0.000      32
       2494 20.78333333333   69.95005   307.79562               -68.219      0.000      32
       2495 20.79166666667   69.96579   308.63366               -68.236      0.000      32
       2496 20.80000000000   69.97853   309.47232             19100.965      0.000      32
       2497 20.80833333333   69.98824   310.31139               -68.196      0.000      32
       2498 20.81666666667   69.99495   311.15065               -68.129      0.000      32
       2499 20.82500000000   69.99864   311.98990               -68.134      0.000      32
       2500 20.83333333333   69.99932   312.82894               -68.118      0.000      32
       2501 20.84166666667   69.99700   313.66754               -68.105      0.000      32
       2502 20.85000000000   69.99169   314.50551               -68.183      0.000      32
       2503 20.85833333333   69.98339   315.34264               -68.204      0.000      32
       2504 20.86666666667   69.97212   316.17872               -68.216      0.000      32
       2505 20.87500000000   69.95787   317.01356               -68.276      0.000      32
       2506 20.88333333333   69.94067   317.84695               -68.369      0.000      32
       2507 20.89166666667   69.92053   318.67870               -68.454      0.000      32
       2508 20.90000000000   69.89746   319.50861               -68.513      0.000      32
       2509 20.90833333333   69.87148   320.33649               -68.535      0.000      32
       2510 20.91666666667   69.84260   321.16216               -68.542      0.000      32
       2511 20.92500000000   69.81084   321.98543               -68.566      0.000      32
       2512 20.93333333333   69.77623   322.80612               -68.623      0.000      32
       2513 20.94166666667   69.73877   323.62407               -68.647      0.000      32
       2514 20.95000000000   69.69849   324.43909               -68.674      0.000      32
       2515 20.95833333333   69.65541   325.25103               -68.688      0.000      32
       2516 20.96666666667   69.60956   326.05973               -68.699      0.000      32
       2517 20.97500000000   69.56096   326.86503               -68.722      0.000      32
       2518 20.98333333333   69.50962   327.66678               -68.781      0.000      32
       2519 20.99166666667   69.45559   328.46485               -68.790      0.000      32
       2520 21.00000000000   69.39887   329.25908               -68.775      0.000      32
       2521 21.00833333333   28.97759    46.39771               -68.835      0.000      32
       2522 21.01666666667   28.77177    46.55778               -68.808      0.000      32
       2523 21.02500000000   28.56634    46.71790               -68.771      0.000      32
       2524 21.03333333333   28.36130    46.87809               -68.768      0.000      32
       2525 21.04166666667   28.15665    47.03834               -68.774      0.000      32
       2526 21.05000000000   27.95238    47.19865               -68.697      0.000      32
       2527 21.05833333333   27.74850    47.35904               -68.696      0.000      32
       2528 21.06666666667   27.54500    47.51950               -68.705      0.000      32
       2529 21.07500000000   27.34188    47.68005               -68.672      0.000      32
       2530 21.08333333333   27.13914    47.84068               -68.687      0.000      32
       2531 21.09166666667   26.93678    48.00139               -68.724      0.000      32
       2532 21.10000000000   26.73479    48.16220               -68.684      0.000      32
       2533 21.10833333333   26.53317    48.32311               -68.646      0.000      32
       2534 21.11666666667   26.33193    48.48411               -68.689      0.000      32
       2535 21.12500000000   26.13106    48.64521               -68.634      0.000      32
       2536 21.13333333333   25.93056    48.80643               -68.607      0.000      32
       2537 21.14166666667   25.73043    48.96775               -68.625      0.000      32
       2538 21.15000000000   25.53067    49.12918               -68.592      0.000      32
       2539 21.15833333333   25.33127    49.29073               -68.558      0.000      32
       2540 21.16666666667   25.13223    49.45240               -68.542      0.000      32
       2541 21.17500000000   24.93356    49.61419               -68.575      0.000      32
       2542 21.18333333333   24.73525    49.77611               -68.534      0.000      32
       2543 21.19166666667   24.53730    49.93816               -68.563      0.000      32
       2544 21.20000000000   24.33972    50.10033               -68.544      0.000      32
       2545 21.20833333333   24.14248    50.26265               -68.543      0.000      32
       2546 21.21666666667   23.94561    50.42510               -68.492      0.000      32
       2547 21.22500000000   23.74909    50.58770               -68.468      0.000      32
       2548 21.23333333333   23.55293    50.75044               -68.416      0.000      32
       2549 21.24166666667   23.35712    50.91332               -68.429      0.000      32
       2550 21.25000000000   23.16167    51.07636               -68.367      0.000      32
       2551 21.25833333333   22.96656    51.23955               -68.336      0.000      32
       2552 21.26666666667   22.77181    51.40289               -68.289      0.000      32
       2553 21.27500000000   22.57741    51.56639               -68.221      0.000      32
       2554 21.28333333333   22.38336    51.73005               -68.163      0.000      32
       2555 21.29166666667   22.18965    51.89388               -68.172      0.000      32
       2556 21.30000000000   21.99630    52.05787               -68.153      0.000      32
       2557 21.30833333333   21.80329    52.22204               -68.184      0.000      32
       2558 21.31666666667   21.61063    52.38637               -68.154      0.000      32
       2559 21.32500000000   21.41831    52.55087               -68.151      0.000      32
       2560 21.33333333333   21.22634    52.71556               -68.112      0.000      32
       2561 21.34166666667   21.03472    52.88042               -68.100      0.000      32
       2562 21.35000000000   20.84344    53.04546               -68.084      0.000      32
       2563 21.35833333333   20.65250    53.21068               -68.117      0.000      32
       2564 21.36666666667   20.46191    53.37609               -68.104      0.000      32
       2565 21.37500000000   20.27165    53.54169               -68.130      0.000      32
       2566 21.38333333333   20.08174    53.70748               -68.129      0.000      32
       2567 21.39166666667   19.89218    53.87345               -68.107      0.000      32
       2568 21.40000000000   19.70295    54.03963               -68.133      0.000      32
       2569 21.40833333333   19.51407    54.20600               -68.140      0.000      32
       2570 21.41666666667   19.32553    54.37256               -68.137      0.000      32
       2571 21.42500000000   19.13732    54.53933               -68.104      0.000      32
       2572 21.43333333333   18.94946    54.70630               -68.129      0.000      32
       2573 21.44166666667   18.76194    54.87347               -68.115      0.000      32
       2574 21.45000000000   18.57476    55.04085               -68.079      0.000      32
       2575 21.45833333333   18.38792    55.20844               -68.071      0.000      32
       2576 21.46666666667   18.20142    55.37624               -68.011      0.000      32
       2577 21.47500000000   18.01526    55.54425               -68.013      0.000      32
       2578 21.48333333333   17.82944    55.71247               -67.982      0.000      32
       2579 21.49166666667   17.64396    55.88091               -67.947      0.000      32
       2580 21.50000000000   17.45883    56.04956               -67.913      0.000      32
       2581 21.50833333333   17.26609    56.19247               -67.876      0.000      32
       2582 21.51666666667   17.08191    56.36163               -67.841      0.000      32
       2583 21.52500000000   16.89801    56.53084               -67.827      0.000      32
       2584 21.53333333333   16.71440    56.70010               -67.796      0.000      32
       2585 21.54166666667   16.53107    56.86942               -67.782      0.000      32
       2586 21.55000000000   16.34801    57.03880               -67.746      0.000      32
       2587 21.55833333333   16.16524    57.20824               -67.745      0.000      32
       2588 21.56666666667   15.98276    57.37775               -67.752      0.000      32
       2589 21.57500000000   15.80055    57.54734               -67.752      0.000      32
       2590 21.58333333333   15.61862    57.71699             19101.400      0.000      32
       2591 21.59166666667   15.43697    57.88672               -67.802      0.000      32
       2592 21.60000000000   15.25561    58.05654               -67.831      0.000      32
       2593 21.60833333333   15.07452    58.22643               -67.820      0.000      32
       2594 21.61666666667   14.89372    58.39641               -67.880      0.000      32
       2595 21.62500000000   14.71319    58.56649               -67.896      0.000      32
       2596 21.63333333333   14.53295    58.73665               -67.947      0.000      32
       2597 21.64166666667   14.35298    58.90691               -67.984      0.000      32
       2598 21.65000000000   14.17330    59.07727               -67.995      0.000      32
       2599 21.65833333333   13.99389    59.24772               -68.002      0.000      32
       2600 21.66666666667   13.81477    59.41828               -68.076      0.000      32
       2601 21.67500000000   13.63592    59.58895               -68.074      0.000      32
       2602 21.68333333333   13.45736    59.75973               -68.074      0.000      32
       2603 21.69166666667   13.27907    59.93062               -68.118      0.000      32
       2604 21.70000000000   13.10107    60.10162               -68.087      0.000      32
       2605 21.70833333333   12.92335    60.27275               -68.075      0.000      32
       2606 21.71666666667   12.74591    60.44399               -68.091      0.000      32
       2607 21.72500000000   12.56875    60.61535               -68.082      0.000      32
       2608 21.73333333333   12.39188    60.78684               -68.059      0.000      32
       2609 21.74166666667   12.21528    60.95846               -68.010      0.000      32
       2610 21.75000000000   12.03897    61.13021               -67.990      0.000      32
       2611 21.75833333333   11.86294    61.30209               -67.922      0.000      32
       2612 21.76666666667   11.68720    61.47411               -67.977      0.000      32
       2613 21.77500000000   11.51174    61.64626               -67.918      0.000      32
       2614 21.78333333333   11.33656    61.81855               -67.892      0.000      32
       2615 21.79166666667   11.16167    61.99099               -67.890      0.000      32
       2616 21.80000000000   10.98706    62.16357               -67.904      0.000      32
       2617 21.80833333333   10.81274    62.33630               -67.855      0.000      32
       2618 21.81666666667   10.63871    62.50917               -67.847      0.000      32
       2619 21.82500000000   10.46497    62.68220               -67.870      0.000      32
       2620 21.83333333333   10.29151    62.85538               -67.824      0.000      32
       2621 21.84166666667   10.11834    63.02872               -67.805      0.000      32
       2622 21.85000000000    9.94546    63.20221               -67.744      0.000      32
       2623 21.85833333333    9.77287    63.37587               -67.828      0.000      32
       2624 21.86666666667    9.60057    63.54968               -67.798      0.000      32
       2625 21.87500000000    9.42857    63.72366               -67.816      0.000      32
       2626 21.88333333333    9.25686    63.89781               -67.757      0.000      32
       2627 21.89166666667    9.08544    64.07213               -67.767      0.000      32
       2628 21.90000000000    8.91431    64.24661               -67.737      0.000      32
       2629 21.90833333333    8.74348    64.42127               -67.692      0.000      32
       2630 21.91666666667    8.57295    64.59610               -67.665      0.000      32
       2631 21.92500000000    8.40271    64.77111               -67.652      0.000      32
       2632 21.93333333333    8.23277    64.94629               -67.589      0.000      32
       2633 21.94166666667    8.06313    65.12165               -67.534      0.000      32
       2634 21.95000000000    7.89379    65.29720               -67.480      0.000      32
       2635 21.95833333333    7.72476    65.47293               -67.413      0.000      32
       2636 21.96666666667    7.55602    65.64884               -67.377      0.000      32
       2637 21.97500000000    7.38759    65.82494               -67.334      0.000      32
       2638 21.98333333333    7.21947    66.00122               -67.235      0.000      32
       2639 21.99166666667    7.05165    66.17770               -67.198      0.000      32
       2640 22.00000000000    6.88413    66.35437               -67.233      0.000      32
       2820 23.50000000000   22.27964    78.73844               -47.763      0.000      32
       2821 23.50833333333   22.11805    78.95951               -47.558      0.000      32
       2822 23.51666666667   21.95641    79.18019               -47.290      0.000      32
       2823 23.52500000000   21.79473    79.40051               -47.141      0.000      32
       2824 23.53333333333   21.63300    79.62045               -46.994      0.000      32
       2825 23.54166666667   21.47123    79.84002               -46.834      0.000      32
       2826 23.55000000000   21.30943    80.05924               -46.626      0.000      32
       2827 23.55833333333   21.14759    80.27810               -46.395      0.000      32
       2828 23.56666666667   20.98572    80.49660               -46.118      0.000      32
       2829 23.57500000000   20.82381    80.71476               -45.877      0.000      32
       2830 23.58333333333   20.66188    80.93257               -45.591      0.000      32
       2831 23.59166666667   20.49992    81.15004               -45.392      0.000      32
       2832 23.60000000000   20.33794    81.36717               -45.104      0.000      32
       2833 23.60833333333   20.17594    81.58397               -44.807      0.000      32
       2834 23.61666666667   20.01391    81.80045               -44.515      0.000      32
       2835 23.62500000000   19.85187    82.01660               -44.172      0.000      32
       2836 23.63333333333   19.68982    82.23242               -43.915      0.000      32
       2837 23.64166666667   19.52775    82.44794               -43.666      0.000      32
       2838 23.65000000000   19.36567    82.66314               -43.352      0.000      32
       2839 23.65833333333   19.20358    82.87803               -42.987      0.000      32
       2840 23.66666666667   19.04149    83.09262               -42.669      0.000      32
       2841 23.67500000000   18.87940    83.30690               -42.482      0.000      32
       2842 23.68333333333   18.71730    83.52089               -42.176      0.000      32
       2843 23.69166666667   18.55521    83.73459               -41.887      0.000      32
       2844 23.70000000000   18.39312    83.94799               -41.637      0.000      32
       2845 23.70833333333   18.23104    84.16111               -41.346      0.000      32
       2846 23.71666666667   18.06896    84.37395               -41.167      0.000      32
       2847 23.72500000000   17.90690    84.58651               -40.647      0.000      32
       2848 23.73333333333   17.74485    84.79879               -40.522      0.000      32
       2849 23.74166666667   17.58282    85.01080               -40.297      0.000      32
       2850 23.75000000000   17.42080    85.22254               -39.861      0.000      32
       2851 23.75833333333   17.25881    85.43401               -39.626      0.000      32
       2852 23.76666666667   17.09684    85.64523               -39.221      0.000      32
       2853 23.77500000000   16.93489    85.85618               -38.846      0.000      32
       2854 23.78333333333   16.77297    86.06688               -38.500      0.000      32
       2855 23.79166666667   16.61109    86.27733               -38.224      0.000      32
       2856 23.80000000000   16.44923    86.48753               -37.930      0.000      32
       2857 23.80833333333   16.28741    86.69749               -37.610      0.000      32
       2858 23.81666666667   16.12563    86.90720               -37.407      0.000      32
       2859 23.82500000000   15.96389    87.11667               -37.068      0.000      32
       2860 23.83333333333   15.80219    87.32591               -36.831      0.000      32
       2861 23.84166666667   15.64054    87.53492               -36.375      0.000      32
       2862 23.85000000000   15.47893    87.74369               -36.116      0.000      32
       2863 23.85833333333   15.31738    87.95224               -35.828      0.000      32
       2864 23.86666666667   15.15588    88.16056               -35.498      0.000      32
       2865 23.87500000000   14.99443    88.36867               -35.102      0.000      32
       2866 23.88333333333   14.83304    88.57656               -34.712      0.000      32
       2867 23.89166666667   14.67171    88.78423               -34.316      0.000      32
       2868 23.90000000000   14.51044    88.99169               -33.993      0.000      32
       2869 23.90833333333   14.34924    89.19894               -33.346      0.000      32
       2870 23.91666666667   14.18810    89.40599               -33.045      0.000      32
       2871 23.92500000000   14.02704    89.61283               -32.654      0.000      32
       2872 23.93333333333   13.86605    89.81947               -32.210      0.000      32
       2873 23.94166666667   13.70513    90.02591               -31.844      0.000      32
       2874 23.95000000000   13.54429    90.23216               -31.365      0.000      32
       2875 23.95833333333   13.38353    90.43822               -31.050      0.000      32
       2876 23.96666666667   13.22285    90.64409               -30.640      0.000      32
       2877 23.97500000000   13.06225    90.84977               321.084      0.000      32
       2878 23.98333333333   12.90175    91.05527              3320.530      0.000      32
       2879 23.99166666667   12.74133    91.26059              3320.530      0.000      32
