# Created on 2022-09-13 07:27:24 
# Sources: obs\TPKL1681.22O, nav\TPKL1681.22N
# Satellite: G06
# Interval: 30.0
# Sampling interval: 0.0 (not used).
# Site: TPKL
# Position (L, B, H): 78.5290569025, 42.4638637031, 1886.01891334
# Position (X, Y, Z): 937429.6846, 4619604.6444, 4285027.6573
# datetime format: %Y-%m-%dT%H:%M:%S
# Columns: tsn, hour, el, az, tec.l1l2, tec.p1p2, validity
# (I11,1X,F14.11,1X,F10.5,1X,F11.5,1X,F21.3,1X,F10.3,1X,I7)
        452  3.76666666667   58.75880   178.69871              -102.977    132.954    4096
        453  3.77500000000   59.01606   178.62327               -98.454  -2304.153    4096
        454  3.78333333333   59.27328   178.54591                 0.000      0.000    5200
        455  3.79166666667   59.53046   178.46658              -100.889    136.190    4096
        456  3.80000000000   59.78758   178.38522                 0.000      0.000    5232
        457  3.80833333333   60.04465   178.30178               -98.787    134.952    4096
        458  3.81666666667   60.30166   178.21619               -96.534    134.695    4096
        459  3.82500000000   60.55859   178.12839               -96.644    132.392    4098
        460  3.83333333333   60.81545   178.03832               -92.086    133.467    4096
        461  3.84166666667   61.07222   177.94591                 0.000      0.000    5200
        462  3.85000000000   61.32890   177.85110               -99.243    137.665    4096
        463  3.85833333333   61.58548   177.75381               -92.319    130.460    4098
        464  3.86666666667   61.84196   177.65396                 0.000      0.000    5200
        465  3.87500000000   62.09832   177.55149                 0.000      0.000    5232
        466  3.88333333333   62.35456   177.44632               -97.223    135.523    4096
        467  3.89166666667   62.61067   177.33835               -92.678    135.514    4096
        468  3.90000000000   62.86663   177.22752                 0.000      0.000    5200
        469  3.90833333333   63.12246   177.11373               -97.478    137.046    4096
        470  3.91666666667   63.37812   176.99690               -97.591    135.514    4098
        471  3.92500000000   63.63362   176.87692               -95.344  -2302.697    4096
        472  3.93333333333   63.88894   176.75371               -88.435    128.566    4096
        473  3.94166666667   64.14408   176.62716               -90.825    130.603    4098
        474  3.95000000000   64.39902   176.49717                 0.000      0.000    5200
        475  3.95833333333   64.65376   176.36362               -95.625    133.724    4096
        476  3.96666666667   64.90828   176.22642                 0.000      0.000    5200
        477  3.97500000000   65.16257   176.08544               -95.786    134.695    4096
        478  3.98333333333   65.41662   175.94057                 0.000      0.000    5200
        479  3.99166666667   65.67043   175.79167               -93.613    129.270    4096
        480  4.00000000000   65.92397   175.63862                 0.000      0.000    5200
        481  4.00833333333   66.17723   175.48128               -89.087    124.473    4096
        482  4.01666666667   66.43021   175.31951                 0.000      0.000    5200
        483  4.02500000000   66.68288   175.15318                 0.000      0.000    5200
        484  4.03333333333   66.93523   174.98212                 0.000      0.000    5200
        485  4.04166666667   67.18726   174.80618               -96.301    131.012    4096
        486  4.05000000000   67.43894   174.62519                 0.000      0.000    5200
        487  4.05833333333   67.69026   174.43899                 0.000      0.000    5200
        488  4.06666666667   67.94120   174.24740                 0.000      0.000    5200
        489  4.07500000000   68.19174   174.05023                 0.000      0.000    5200
        490  4.08333333333   68.44188   173.84729                 0.000      0.000    5200
        491  4.09166666667   68.69158   173.63839               -87.315    129.089    4096
        492  4.10000000000   68.94083   173.42331                 0.000      0.000    5200
        493  4.10833333333   69.18962   173.20183                 0.000      0.000    5200
        494  4.11666666667   69.43791   172.97374                 0.000      0.000    5200
        495  4.12500000000   69.68570   172.73879                 0.000      0.000    5200
        496  4.13333333333   69.93295   172.49674                 0.000      0.000    5232
        497  4.14166666667   70.17965   172.24734                 0.000      0.000    5200
        498  4.15000000000   70.42576   171.99031                 0.000      0.000    5200
        499  4.15833333333   70.67127   171.72538                 0.000      0.000    5200
        500  4.16666666667   70.91615   171.45226               -87.743    130.355    4096
        501  4.17500000000   71.16037   171.17064                 0.000      0.000    5200
        502  4.18333333333   71.40391   170.88021               -85.501    128.709    4096
        503  4.19166666667   71.64672   170.58063                 0.000      0.000    5200
        504  4.20000000000   71.88879   170.27157               -90.302    131.688    4096
        505  4.20833333333   72.13007   169.95265                 0.000      0.000    5200
        506  4.21666666667   72.37054   169.62351                 0.000      0.000    5200
        507  4.22500000000   72.61015   169.28375                 0.000      0.000    5200
        508  4.23333333333   72.84887   168.93296                 0.000      0.000    5200
        509  4.24166666667   73.08667   168.57071               -81.242    129.384    4096
        510  4.25000000000   73.32349   168.19656                 0.000      0.000    5200
        511  4.25833333333   73.55930   167.81003                 0.000      0.000    5200
        512  4.26666666667   73.79404   167.41063                 0.000      0.000    5200
        513  4.27500000000   74.02768   166.99786               -83.760    126.776    4096
        514  4.28333333333   74.26015   166.57119                 0.000      0.000    5200
        515  4.29166666667   74.49141   166.13005                 0.000      0.000    5200
        516  4.30000000000   74.72140   165.67387               -86.183    128.157    4096
        517  4.30833333333   74.95006   165.20205                 0.000      0.000    5200
        518  4.31666666667   75.17733   164.71394               -86.202    128.042    4096
        519  4.32500000000   75.40315   164.20891                 0.000      0.000    5200
        520  4.33333333333   75.62743   163.68625                 0.000      0.000    5200
        521  4.34166666667   75.85012   163.14526                 0.000      0.000    5232
        522  4.35000000000   76.07113   162.58520                 0.000      0.000    5200
        523  4.35833333333   76.29039   162.00530                 0.000      0.000    5200
        524  4.36666666667   76.50780   161.40475                 0.000      0.000    5200
        525  4.37500000000   76.72328   160.78275                 0.000      0.000    5232
        526  4.38333333333   76.93674   160.13841                 0.000      0.000    5200
        527  4.39166666667   77.14807   159.47087                 0.000      0.000    5200
        528  4.40000000000   77.35717   158.77921               -81.737    126.110    4096
        529  4.40833333333   77.56392   158.06249                 0.000      0.000    5200
        530  4.41666666667   77.76821   157.31975                 0.000      0.000    5200
        531  4.42500000000   77.96992   156.55000                 0.000      0.000    5200
        532  4.43333333333   78.16891   155.75223                 0.000      0.000    5232
        533  4.44166666667   78.36506   154.92543               -86.516    132.915    4096
        534  4.45000000000   78.55821   154.06856                 0.000      0.000    5200
        535  4.45833333333   78.74821   153.18058                 0.000      0.000    5200
        536  4.46666666667   78.93491   152.26045                 0.000      0.000    5200
        537  4.47500000000   79.11813   151.30713                 0.000      0.000    5200
        538  4.48333333333   79.29771   150.31961                 0.000      0.000    5200
        539  4.49166666667   79.47346   149.29688                 0.000      0.000    5200
        540  4.50000000000   79.64519   148.23800                 0.000      0.000    5232
        541  4.50833333333   79.81270   147.14206                 0.000      0.000    5232
        542  4.51666666667   79.97578   146.00822                 0.000      0.000    5200
        543  4.52500000000   80.13423   144.83570                 0.000      0.000    5200
        544  4.53333333333   80.28782   143.62385                 0.000      0.000    5200
        545  4.54166666667   80.43632   142.37211               -84.571    134.438    4096
        546  4.55000000000   80.57949   141.08008                 0.000      0.000    5200
        547  4.55833333333   80.71711   139.74751                 0.000      0.000    5200
        548  4.56666666667   80.84891   138.37433                 0.000      0.000    5200
        549  4.57500000000   80.97467   136.96067                 0.000      0.000    5200
        550  4.58333333333   81.09412   135.50689                 0.000      0.000    5200
        551  4.59166666667   81.20703   134.01363               -82.440    132.135    4096
        552  4.60000000000   81.31313   132.48174                 0.000      0.000    5200
        553  4.60833333333   81.41220   130.91243                 0.000      0.000    5200
        554  4.61666666667   81.50399   129.30715                 0.000      0.000    5232
        555  4.62500000000   81.58827   127.66771               -80.179    133.210    4096
        556  4.63333333333   81.66484   125.99623                 0.000      0.000    5200
        557  4.64166666667   81.73347   124.29513                 0.000      0.000    5200
        558  4.65000000000   81.79400   122.56717                 0.000      0.000    5200
        559  4.65833333333   81.84623   120.81539               -77.920    133.763    4096
        560  4.66666666667   81.89004   119.04312                 0.000      0.000    5200
        561  4.67500000000   81.92528   117.25394                 0.000      0.000    5200
        562  4.68333333333   81.95187   115.45163                 0.000      0.000    5200
        563  4.69166666667   81.96973   113.64014                 0.000      0.000    5232
        564  4.70000000000   81.97881   111.82355                 0.000      0.000    5200
        565  4.70833333333   81.97910   110.00602                 0.000      0.000    5200
        566  4.71666666667   81.97060   108.19169                 0.000      0.000    5200
        567  4.72500000000   81.95337   106.38469               -80.210    128.823    4096
        568  4.73333333333   81.92747   104.58905                 0.000      0.000    5200
        569  4.74166666667   81.89299   102.80867                 0.000      0.000    5200
        570  4.75000000000   81.85007   101.04723                 0.000      0.000    5200
        571  4.75833333333   81.79884    99.30821                 0.000      0.000    5200
        572  4.76666666667   81.73948    97.59482                 0.000      0.000    5200
        573  4.77500000000   81.67217    95.90998                 0.000      0.000    5232
        574  4.78333333333   81.59713    94.25631                 0.000      0.000    5232
        575  4.79166666667   81.51457    92.63609                 0.000      0.000    5200
        576  4.80000000000   81.42472    91.05132                 0.000      0.000    5200
        577  4.80833333333   81.32783    89.50363                 0.000      0.000    5232
        578  4.81666666667   81.22415    87.99439                 0.000      0.000    5200
        579  4.82500000000   81.11392    86.52464                 0.000      0.000    5200
        580  4.83333333333   80.99741    85.09514                 0.000      0.000    5200
        581  4.84166666667   80.87486    83.70641                 0.000      0.000    5200
        582  4.85000000000   80.74654    82.35869                 0.000      0.000    5200
        583  4.85833333333   80.61270    81.05204                 0.000      0.000    5200
        584  4.86666666667   80.47358    79.78631                 0.000      0.000    5200
        585  4.87500000000   80.32943    78.56117               -82.698    132.944    4096
        586  4.88333333333   80.18048    77.37615                 0.000      0.000    5200
        587  4.89166666667   80.02697    76.23065                 0.000      0.000    5200
        588  4.90000000000   79.86912    75.12396                 0.000      0.000    5200
        589  4.90833333333   79.70714    74.05529                 0.000      0.000    5200
        590  4.91666666667   79.54124    73.02375                 0.000      0.000    5232
        591  4.92500000000   79.37162    72.02842                 0.000      0.000    5200
        592  4.93333333333   79.19846    71.06832                 0.000      0.000    5200
        593  4.94166666667   79.02196    70.14245                 0.000      0.000    5200
        594  4.95000000000   78.84228    69.24978               -82.743    134.286    4096
        595  4.95833333333   78.65960    68.38928                 0.000      0.000    5200
        596  4.96666666667   78.47405    67.55989                 0.000      0.000    5200
        597  4.97500000000   78.28581    66.76059                 0.000      0.000    5200
        598  4.98333333333   78.09501    65.99034                 0.000      0.000    5200
        599  4.99166666667   77.90179    65.24812                 0.000      0.000    5232
        600  5.00000000000   77.70626    64.53295                 0.000      0.000    5200
        601  5.00833333333   77.50857    63.84384                 0.000      0.000    5200
        602  5.01666666667   77.30882    63.17984               -82.623    131.830    4096
        603  5.02500000000   77.10712    62.54003                 0.000      0.000    5200
        604  5.03333333333   76.90358    61.92349                 0.000      0.000    5200
        605  5.04166666667   76.69829    61.32937                 0.000      0.000    5200
        606  5.05000000000   76.49135    60.75682                 0.000      0.000    5232
        607  5.05833333333   76.28284    60.20501                 0.000      0.000    5200
        608  5.06666666667   76.07286    59.67318                 0.000      0.000    5200
        609  5.07500000000   75.86147    59.16055               -82.473    129.232    4096
        610  5.08333333333   75.64876    58.66640                 0.000      0.000    5200
        611  5.09166666667   75.43480    58.19004                 0.000      0.000    5232
        612  5.10000000000   75.21965    57.73078               -75.425    128.042    4096
        613  5.10833333333   75.00338    57.28799               -80.063    127.081    4098
        614  5.11666666667   74.78605    56.86104               -82.344    125.701    4098
        615  5.12500000000   74.56771    56.44934               -82.327    127.747    4096
        616  5.13333333333   74.34842    56.05232                 0.000      0.000    5200
        617  5.14166666667   74.12824    55.66944               -82.294    129.127    4096
        618  5.15000000000   73.90721    55.30017               -79.915    127.747    4096
        619  5.15833333333   73.68538    54.94401                 0.000      0.000    5200
        620  5.16666666667   73.46280    54.60048                 0.000      0.000    5200
        621  5.17500000000   73.23950    54.26912                 0.000      0.000    5200
        622  5.18333333333   73.01553    53.94950                 0.000      0.000    5200
        623  5.19166666667   72.79092    53.64119                 0.000      0.000    5200
        624  5.20000000000   72.56572    53.34379               -86.656    128.671    4096
        625  5.20833333333   72.33996    53.05691                 0.000      0.000    5200
        626  5.21666666667   72.11366    52.78018                 0.000      0.000    5200
        627  5.22500000000   71.88687    52.51326               -84.232    130.346    4096
        628  5.23333333333   71.65961    52.25580                 0.000      0.000    5200
        629  5.24166666667   71.43191    52.00748                 0.000      0.000    5232
        630  5.25000000000   71.20379    51.76798               -84.158    131.726    4096
        631  5.25833333333   70.97530    51.53701               -86.441    132.240    4098
        632  5.26666666667   70.74644    51.31428             18956.832  -2306.076    4098
        633  5.27500000000   70.51725    51.09952                 0.000      0.000    5200
        634  5.28333333333   70.28774    50.89247                 0.000      0.000    5200
        635  5.29166666667   70.05794    50.69288               -90.984    134.705    4096
        636  5.30000000000   69.82788    50.50050               -90.933    134.438    4096
        637  5.30833333333   69.59756    50.31510                 0.000      0.000    5200
        638  5.31666666667   69.36701    50.13646                 0.000      0.000    5200
        639  5.32500000000   69.13625    49.96438                 0.000      0.000    5200
        640  5.33333333333   68.90530    49.79863               -86.188    127.862    4096
        641  5.34166666667   68.67416    49.63904               -86.147    130.907    4096
        642  5.35000000000   68.44287    49.48540               -88.434    132.658    4096
        643  5.35833333333   68.21143    49.33754                 0.000      0.000    5200
        644  5.36666666667   67.97986    49.19529               -90.688    132.620    4096
        645  5.37500000000   67.74818    49.05847                 0.000      0.000    5200
        646  5.38333333333   67.51639    48.92693               -90.594    134.848    4096
        647  5.39166666667   67.28451    48.80052                 0.000      0.000    5200
        648  5.40000000000   67.05256    48.67907               -90.497    138.226    4096
        649  5.40833333333   66.82054    48.56245                 0.000      0.000    5232
        650  5.41666666667   66.58847    48.45053                 0.000      0.000    5200
        651  5.42500000000   66.35636    48.34317                 0.000      0.000    5200
        652  5.43333333333   66.12422    48.24024               -85.676    129.118    4096
        653  5.44166666667   65.89207    48.14162                 0.000      0.000    5200
        654  5.45000000000   65.65990    48.04719                 0.000      0.000    5200
        655  5.45833333333   65.42773    47.95684                 0.000      0.000    5200
        656  5.46666666667   65.19558    47.87045                 0.000      0.000    5200
        657  5.47500000000   64.96345    47.78793               -90.131    130.193    4096
        658  5.48333333333   64.73134    47.70916                 0.000      0.000    5200
        659  5.49166666667   64.49927    47.63406                 0.000      0.000    5200
        660  5.50000000000   64.26725    47.56252               -90.026    129.641    4096
        661  5.50833333333   64.03528    47.49446                 0.000      0.000    5200
        662  5.51666666667   63.80338    47.42978                 0.000      0.000    5232
        663  5.52500000000   63.57154    47.36840               -87.648    131.278    4096
        664  5.53333333333   63.33978    47.31023                 0.000      0.000    5200
        665  5.54166666667   63.10810    47.25521               -92.239    130.460    4096
        666  5.55000000000   62.87651    47.20324                 0.000      0.000    5200
        667  5.55833333333   62.64502    47.15426                 0.000      0.000    5200
        668  5.56666666667   62.41363    47.10819               -85.171    128.042    4096
        669  5.57500000000   62.18235    47.06497               -82.836    131.021    4096
        670  5.58333333333   61.95118    47.02453                 0.000      0.000    5200
        671  5.59166666667   61.72014    46.98679               -85.115    129.794    4096
        672  5.60000000000   61.48922    46.95171               -87.401    129.898    4096
        673  5.60833333333   61.25843    46.91921                 0.000      0.000    5200
        674  5.61666666667   61.02778    46.88924               -87.373    132.097    4096
        675  5.62500000000   60.79727    46.86174               -87.356    129.127    4096
        676  5.63333333333   60.56691    46.83665                 0.000      0.000    5200
        677  5.64166666667   60.33670    46.81393               -82.633    126.263    4096
        678  5.65000000000   60.10664    46.79352                 0.000      0.000    5200
        679  5.65833333333   59.87675    46.77536                 0.000      0.000    5200
        680  5.66666666667   59.64702    46.75942               -89.478    133.991    4096
        681  5.67500000000   59.41746    46.74564               -87.106    134.286    4096
        682  5.68333333333   59.18807    46.73398                 0.000      0.000    5200
        683  5.69166666667   58.95886    46.72439               -93.998    134.809    4096
        684  5.70000000000   58.72983    46.71683               -86.924  -2308.798    4098
        685  5.70833333333   58.50099    46.71126               -89.201    129.794    4096
        686  5.71666666667   58.27233    46.70763                 0.000      0.000    5200
        687  5.72500000000   58.04387    46.70592               -89.112  -2307.874    4096
        688  5.73333333333   57.81560    46.70607                 0.000      0.000    5200
        689  5.74166666667   57.58753    46.70805                 0.000      0.000    5200
        690  5.75000000000   57.35966    46.71183                 0.000      0.000    5200
        691  5.75833333333   57.13200    46.71737                 0.000      0.000    5232
        692  5.76666666667   56.90455    46.72463                 0.000      0.000    5200
        693  5.77500000000   56.67731    46.73359               -93.443    132.915    4096
        694  5.78333333333   56.45028    46.74421                 0.000      0.000    5200
        695  5.79166666667   56.22347    46.75645               -91.037    132.954    4096
        696  5.80000000000   55.99688    46.77030               -88.632    128.147    4098
        697  5.80833333333   55.77051    46.78571               -93.262    130.460    4098
        698  5.81666666667   55.54437    46.80267               -95.537    130.612    4096
        699  5.82500000000   55.31845    46.82114               -95.528    135.219    4096
        700  5.83333333333   55.09276    46.84109               -97.809    137.560    4096
        701  5.84166666667   54.86731    46.86250                 0.000      0.000    5200
        702  5.85000000000   54.64209    46.88534               -90.786    128.299    4096
        703  5.85833333333   54.41711    46.90959               -90.709    131.421    4096
        704  5.86666666667   54.19237    46.93522               -97.642    132.649    4096
        705  5.87500000000   53.96787    46.96221               -95.281    131.583    4096
        706  5.88333333333   53.74361    46.99053                 0.000      0.000    5200
        707  5.89166666667   53.51960    47.02017               -97.522    137.408    4096
        708  5.90000000000   53.29583    47.05109                 0.000      0.000    5200
        709  5.90833333333   53.07231    47.08329                 0.000      0.000    5200
        710  5.91666666667   52.84905    47.11673               -97.412    136.485    4096
        711  5.92500000000   52.62604    47.15140               -95.011    132.097    4096
        712  5.93333333333   52.40328    47.18728               -97.333    130.603    4096
        713  5.94166666667   52.18078    47.22434               -92.653    132.392    4096
        714  5.95000000000   51.95854    47.26257               -94.919    131.164    4098
        715  5.95833333333   51.73655    47.30196               -94.874    127.738    4096
        716  5.96666666667   51.51483    47.34247               -94.845    132.240    4096
        717  5.97500000000   51.29337    47.38410               -94.796    131.278    4096
        718  5.98333333333   51.07218    47.42682               -94.776  -2306.199    4096
        719  5.99166666667   50.85125    47.47063               -94.737    137.151    4096
        720  6.00000000000   50.63062    47.51550               -94.698  -2300.060    4096
        721  6.00833333333   50.41019    47.56141               -94.632    138.084    4096
        722  6.01666666667   50.19007    47.60836               -94.596    137.817    4096
        723  6.02500000000   49.97021    47.65632               -94.535    137.113    4096
        724  6.03333333333   49.75063    47.70529               -94.480    140.682    4096
        725  6.04166666667   49.53132    47.75524               -94.477    134.029    4096
        726  6.05000000000   49.31229    47.80617               -94.378    136.180    4096
        727  6.05833333333   49.09353    47.85805               -94.312    136.485    4096
        728  6.06666666667   48.87505    47.91088               -94.225    131.421    4096
        729  6.07500000000   48.65685    47.96464               -94.125    134.029    4096
        730  6.08333333333   48.43892    48.01932               -94.087    135.809    4096
        731  6.09166666667   48.22128    48.07491               -94.018    137.532    4096
        732  6.10000000000   48.00391    48.13139               -93.929    134.695    4096
        733  6.10833333333   47.78683    48.18875               -93.854    129.641    4096
        734  6.11666666667   47.57003    48.24698               -93.791    135.371    4096
        735  6.12500000000   47.35351    48.30606               -93.705    135.114    4096
        736  6.13333333333   47.13728    48.36599               -93.610  -2295.597    4096
        737  6.14166666667   46.92134    48.42676               -93.540    138.226    4096
        738  6.15000000000   46.70567    48.48835               -93.466    139.464    4096
        739  6.15833333333   46.49030    48.55076               -93.360    133.363    4096
        740  6.16666666667   46.27521    48.61396               -93.305    134.000    4096
        741  6.17500000000   46.06041    48.67796               -93.228    139.045    4096
        742  6.18333333333   45.84590    48.74275               -93.117    140.977    4096
        743  6.19166666667   45.63168    48.80830               -93.077    130.346    4096
        744  6.20000000000   45.41775    48.87462               -93.013    133.620    4096
        745  6.20833333333   45.20411    48.94169               -92.935    129.784    4096
        746  6.21666666667   44.99076    49.00950               -92.868  -2303.887    4096
        747  6.22500000000   44.77771    49.07805               -92.791  -2304.410    4096
        748  6.23333333333   44.56494    49.14733               -92.755    140.273    4096
        749  6.24166666667   44.35247    49.21732               -92.673    134.657    4096
        750  6.25000000000   44.14029    49.28803               -92.592  -2297.234    4096
        751  6.25833333333   43.92841    49.35943               -92.547    132.658    4096
        752  6.26666666667   43.71682    49.43152               -92.498    132.954    4096
        753  6.27500000000   43.50552    49.50430               -92.472    131.840    4096
        754  6.28333333333   43.29452    49.57776               -92.434    137.265    4096
        755  6.29166666667   43.08382    49.65188               -92.369    134.029    4096
        756  6.30000000000   42.87341    49.72666               -92.276    135.666    4096
        757  6.30833333333   42.66329    49.80210               -92.235    133.068    4096
        758  6.31666666667   42.45348    49.87819               -92.180    133.582    4096
        759  6.32500000000   42.24396    49.95491               -92.111    129.089    4096
        760  6.33333333333   42.03473    50.03226               -92.085    131.174    4096
        761  6.34166666667   41.82581    50.11024               -91.999    131.012    4096
        762  6.35000000000   41.61718    50.18884               -91.918    132.240    4096
        763  6.35833333333   41.40885    50.26805               -91.862    133.886    4096
        764  6.36666666667   41.20081    50.34786               -91.715    134.552    4096
        765  6.37500000000   40.99308    50.42827               -91.656    136.075    4096
        766  6.38333333333   40.78564    50.50928               -91.586    129.679    4096
        767  6.39166666667   40.57850    50.59087               -91.512    135.666    4096
        768  6.40000000000   40.37167    50.67303               -91.407    135.923    4096
        769  6.40833333333   40.16513    50.75578               -91.347    138.084    4096
        770  6.41666666667   39.95888    50.83909               -91.255    133.467    4096
        771  6.42500000000   39.75294    50.92296               -91.192    136.294    4096
        772  6.43333333333   39.54730    51.00739               -91.093    134.838    4096
        773  6.44166666667   39.34195    51.09237               -91.046    131.830    4096
        774  6.45000000000   39.13691    51.17789               -90.993    134.581    4096
        775  6.45833333333   38.93216    51.26396               -90.871    144.917    4096
        776  6.46666666667   38.72771    51.35056               -90.801    137.712    4096
        777  6.47500000000   38.52357    51.43768               -90.712    139.759    4096
        778  6.48333333333   38.31972    51.52533               -90.555    141.500    4096
        779  6.49166666667   38.11617    51.61351               -90.475    131.573    4096
        780  6.50000000000   37.91292    51.70219               -90.401    141.805    4096
        781  6.50833333333   37.70997    51.79138               -90.312    144.775    4096
        782  6.51666666667   37.50732    51.88108               -90.224    141.500    4096
        783  6.52500000000   37.30496    51.97128               -90.080    139.978    4096
        784  6.53333333333   37.10291    52.06197               -90.015    136.190    4096
        785  6.54166666667   36.90115    52.15316               -89.978    137.855    4096
        786  6.55000000000   36.69970    52.24483               -89.921  -2293.817    4096
        787  6.55833333333   36.49854    52.33698               -89.798    142.576    4096
        788  6.56666666667   36.29768    52.42960               -89.686    142.433    4096
        789  6.57500000000   36.09712    52.52270               -89.623    141.910    4096
        790  6.58333333333   35.89685    52.61627               -89.495    142.014    4096
        791  6.59166666667   35.69689    52.71030               -89.394    142.176    4096
        792  6.60000000000   35.49722    52.80479               -89.294    143.547    4096
        793  6.60833333333   35.29785    52.89974               -89.212    143.280    4096
        794  6.61666666667   35.09878    52.99514               -89.108    143.547    4096
        795  6.62500000000   34.90000    53.09099               -88.976    135.923    4096
        796  6.63333333333   34.70152    53.18728               -88.949    136.190    4096
        797  6.64166666667   34.50334    53.28402               -88.803    137.560    4096
        798  6.65000000000   34.30545    53.38118               -88.743    138.084    4096
        799  6.65833333333   34.10786    53.47879               -88.650    141.243    4096
        800  6.66666666667   33.91057    53.57682               -88.495    139.197    4096
        801  6.67500000000   33.71357    53.67527               -88.443    142.585    4096
        802  6.68333333333   33.51686    53.77415               -88.292    147.896    4096
        803  6.69166666667   33.32045    53.87345               -88.183    140.577    4096
        804  6.70000000000   33.12434    53.97316               -88.070    140.130    4096
        805  6.70833333333   32.92852    54.07328               -87.933    144.518    4096
        806  6.71666666667   32.73299    54.17382               -87.868    144.223    4096
        807  6.72500000000   32.53776    54.27475               -87.727    141.091    4096
        808  6.73333333333   32.34282    54.37609               -87.588    148.867    4096
        809  6.74166666667   32.14818    54.47782               -87.469    150.095    4096
        810  6.75000000000   31.95382    54.57996               -87.327    151.018    4096
        811  6.75833333333   31.75976    54.68248               -87.177  -2288.649    4096
        812  6.76666666667   31.56599    54.78539               -87.079    150.914    4096
        813  6.77500000000   31.37252    54.88869               -86.947    148.867    4096
        814  6.78333333333   31.17933    54.99237               -86.841    149.267    4096
        815  6.79166666667   30.98643    55.09643               -86.657    144.927    4096
        816  6.80000000000   30.79383    55.20086               -86.517    137.674    4096
        817  6.80833333333   30.60151    55.30568               -86.383    143.394    4096
        818  6.81666666667   30.40948    55.41086               -86.222  -2295.720    4096
        819  6.82500000000   30.21774    55.51641               -86.084    142.319    4096
        820  6.83333333333   30.02629    55.62232               -85.974    138.493    4096
        821  6.84166666667   29.83513    55.72860               -85.870    134.543    4096
        822  6.85000000000   29.64426    55.83523               -85.711    138.940    4096
        823  6.85833333333   29.45367    55.94223               -85.601    143.804    4096
        824  6.86666666667   29.26337    56.04958               -85.455    141.234    4096
        825  6.87500000000   29.07335    56.15728               -85.311    146.821    4096
        826  6.88333333333   28.88362    56.26532               -85.167    148.049    4096
        827  6.89166666667   28.69418    56.37372               -84.999    149.533    4096
        828  6.90000000000   28.50502    56.48246               -84.808    143.290    4096
        829  6.90833333333   28.31614    56.59154               -84.722    136.485    4096
        830  6.91666666667   28.12755    56.70096               -84.559    136.228    4096
        831  6.92500000000   27.93924    56.81071               -84.447    136.884    4096
        832  6.93333333333   27.75121    56.92080               -84.308    140.016    4096
        833  6.94166666667   27.56347    57.03122               -84.170    145.032    4096
        834  6.95000000000   27.37600    57.14197               -84.012    139.606    4096
        835  6.95833333333   27.18882    57.25304               -83.871    139.606    4096
        836  6.96666666667   27.00192    57.36444               -83.694    143.394    4096
        837  6.97500000000   26.81529    57.47617               -83.515  -2288.496    4096
        838  6.98333333333   26.62895    57.58821               -83.396    138.893    4096
        839  6.99166666667   26.44288    57.70057               -83.235    139.197    4096
        840  7.00000000000   26.25710    57.81324               -83.054    152.141    4096
        841  7.00833333333   26.07158    57.92623               -82.887    151.275    4096
        842  7.01666666667   25.88635    58.03953               -82.725  -2290.400    4096
        843  7.02500000000   25.70139    58.15313               -82.551    136.751    4096
        844  7.03333333333   25.51671    58.26704               -82.441    145.736    4096
        845  7.04166666667   25.33230    58.38126               -82.293    146.669    4096
        846  7.05000000000   25.14817    58.49578               -82.115    142.024    4096
        847  7.05833333333   24.96431    58.61060               -81.898    151.427    4096
        848  7.06666666667   24.78072    58.72571               -81.745    148.715    4096
        849  7.07500000000   24.59741    58.84112               -81.567    144.508    4096
        850  7.08333333333   24.41437    58.95683               -81.428    142.214    4096
        851  7.09166666667   24.23160    59.07283               -81.273    156.186    4096
        852  7.10000000000   24.04909    59.18911               -81.076    140.577    4096
        853  7.10833333333   23.86686    59.30569               -80.905    141.767    4096
        854  7.11666666667   23.68490    59.42255               -80.759    146.669    4096
        855  7.12500000000   23.50321    59.53969               -80.542    147.782    4096
        856  7.13333333333   23.32178    59.65712               -80.289    146.554    4096
        857  7.14166666667   23.14062    59.77482               -80.115    154.026    4096
        858  7.15000000000   22.95973    59.89281               -79.837    158.642    4096
        859  7.15833333333   22.77910    60.01106               -79.666    157.300    4096
        860  7.16666666667   22.59874    60.12960               -79.382    159.870    4096
        861  7.17500000000   22.41864    60.24840               -79.207    143.280    4096
        862  7.18333333333   22.23881    60.36748               -79.020    145.593    4096
        863  7.19166666667   22.05924    60.48682               -78.800  -2297.757    4096
        864  7.20000000000   21.87993    60.60643               -78.588    145.450    4096
        865  7.20833333333   21.70089    60.72631               -78.416    140.282    4096
        866  7.21666666667   21.52210    60.84645               -78.270    146.002    4096
        867  7.22500000000   21.34357    60.96685               -77.994    154.959    4096
        868  7.23333333333   21.16531    61.08751               -77.770    150.495    4096
        869  7.24166666667   20.98730    61.20843               -77.518    155.929    4096
        870  7.25000000000   20.80955    61.32960               -77.355    152.808    4096
        871  7.25833333333   20.63206    61.45103               -77.088    142.319    4096
        872  7.26666666667   20.45482    61.57271               -76.839    146.155    4096
        873  7.27500000000   20.27784    61.69465               -76.733    139.606    4096
        874  7.28333333333   20.10111    61.81683               -76.479    144.736    4096
        875  7.29166666667   19.92464    61.93926               -76.240    150.209    4096
        876  7.30000000000   19.74842    62.06193               -76.021    157.443    4096
        877  7.30833333333   19.57246    62.18485               -75.880    145.184    4096
        878  7.31666666667   19.39674    62.30801               -75.635  -2281.396    4096
        879  7.32500000000   19.22128    62.43142               -75.444  -2291.513    4096
        880  7.33333333333   19.04607    62.55506               -75.173    130.869    4096
        881  7.34166666667   18.87111    62.67894               -74.974    138.084    4096
        882  7.35000000000   18.69639    62.80306               -74.802    143.547    4096
        883  7.35833333333   18.52193    62.92741               -74.559    141.243    4096
        884  7.36666666667   18.34771    63.05199               -74.474    163.030    4096
        885  7.37500000000   18.17374    63.17681               -74.150    155.111    4096
        886  7.38333333333   18.00001    63.30185               -73.950    169.426    4096
        887  7.39166666667   17.82653    63.42713               -73.624    173.623    4096
        888  7.40000000000   17.65329    63.55263               -73.360    159.603    4096
        889  7.40833333333   17.48030    63.67835               -73.289    147.639    4096
        890  7.41666666667   17.30755    63.80430               -73.026    156.491    4096
        891  7.42500000000   17.13504    63.93047               -72.870    147.087    4096
        892  7.43333333333   16.96277    64.05686               -72.597    157.157    4096
        893  7.44166666667   16.79074    64.18348               -72.390    153.207    4096
        894  7.45000000000   16.61895    64.31030               -72.128    153.474    4096
        895  7.45833333333   16.44740    64.43735               -71.960    155.111    4096
        896  7.46666666667   16.27609    64.56461               -71.635    148.049    4096
        897  7.47500000000   16.10501    64.69208               -71.410  -2277.608    4096
        898  7.48333333333   15.93417    64.81977               -71.138    137.560    4096
        899  7.49166666667   15.76357    64.94766               -70.962    143.956    4096
        900  7.50000000000   15.59320    65.07577               -70.793    145.070    4096
        901  7.50833333333   15.42306    65.20408               -70.568    160.841    4096
        902  7.51666666667   15.25316    65.33260               -70.127    168.198    4096
        903  7.52500000000   15.08349    65.46132               -69.887    163.287    4096
        904  7.53333333333   14.91405    65.59024               -69.621    153.331    4096
        905  7.54166666667   14.74484    65.71937               -69.334    149.419    4096
        906  7.55000000000   14.57585    65.84870               -68.993    158.794    4096
        907  7.55833333333   14.40710    65.97822               -68.752    154.702    4096
        908  7.56666666667   14.23858    66.10795               -68.549    154.549    4096
        909  7.57500000000   14.07028    66.23787               -68.252    165.181    4096
        910  7.58333333333   13.90221    66.36798               -67.888    157.566    4096
        911  7.59166666667   13.73436    66.49829               -67.723    150.352    4096
        912  7.60000000000   13.56674    66.62879               -67.544  -2278.836    4096
        913  7.60833333333   13.39934    66.75948               -67.291    176.078    4096
        914  7.61666666667   13.23216    66.89036               -66.958    155.777    4096
        915  7.62500000000   13.06521    67.02142               -66.805    160.574    4096
        916  7.63333333333   12.89848    67.15268               -66.414    175.964    4096
        917  7.64166666667   12.73196    67.28412               -66.258    168.198    4096
        918  7.65000000000   12.56567    67.41574               -65.985    188.499    4096
        919  7.65833333333   12.39959    67.54755               -65.703    182.255    4096
        920  7.66666666667   12.23374    67.67953               -65.347    173.918    4096
        921  7.67500000000   12.06809    67.81170               -65.115    168.341    4096
        922  7.68333333333   11.90267    67.94404               -64.872    167.646    4096
        923  7.69166666667   11.73746    68.07657               -64.485    167.931    4096
        924  7.70000000000   11.57246    68.20927               -64.361    185.482    4096
        925  7.70833333333   11.40768    68.34214               -63.920    178.563    4096
        926  7.71666666667   11.24310    68.47519               -63.545  -2273.515    4096
        927  7.72500000000   11.07874    68.60840               -63.317    174.441    4096
        928  7.73333333333   10.91459    68.74179               -63.155    172.842    4096
        929  7.74166666667   10.75065    68.87535               -62.806  -2272.021    4096
