# Created on 2022-09-13 07:27:29 
# Sources: obs\TPKL1681.22O, nav\TPKL1681.22N
# Satellite: G26
# Interval: 30.0
# Sampling interval: 0.0 (not used).
# Site: TPKL
# Position (L, B, H): 78.5290569025, 42.4638637031, 1886.01891334
# Position (X, Y, Z): 937429.6846, 4619604.6444, 4285027.6573
# datetime format: %Y-%m-%dT%H:%M:%S
# Columns: tsn, hour, el, az, tec.l1l2, tec.p1p2, validity
# (I11,1X,F14.11,1X,F10.5,1X,F11.5,1X,F21.3,1X,F10.3,1X,I7)
       1011  8.42500000000    8.43669   323.85697              -163.300    181.389    4096
       1012  8.43333333333    8.56340   323.71808              -163.334  -2265.520    4096
       1013  8.44166666667    8.68948   323.57838              -163.488    186.710    4096
       1014  8.45000000000    8.81493   323.43789              -163.586    173.889    4096
       1015  8.45833333333    8.93974   323.29659              -163.732    179.086    4096
       1016  8.46666666667    9.06391   323.15450              -163.823    189.575    4096
       1017  8.47500000000    9.18743   323.01160              -164.004  -2249.988    4096
       1018  8.48333333333    9.31030   322.86791             18876.751  -2273.820    4096
       1019  8.49166666667    9.43252   322.72342              -164.269    167.684    4096
       1020  8.50000000000    9.55407   322.57813              -164.356    158.490    4096
       1021  8.50833333333    9.67496   322.43204              -164.325    157.861    4096
       1022  8.51666666667    9.79517   322.28516              -164.473    159.755    4096
       1023  8.52500000000    9.91471   322.13748              -164.647    163.591    4096
       1024  8.53333333333   10.03357   321.98901              -164.798    166.151    4096
       1025  8.54166666667   10.15174   321.83974              -164.975    163.439    4096
       1026  8.55000000000   10.26922   321.68969              -165.083    161.802    4096
       1027  8.55833333333   10.38600   321.53884              -165.165  -2272.697    4096
       1028  8.56666666667   10.50208   321.38720              -165.229    164.657    4096
       1029  8.57500000000   10.61746   321.23477              -165.597    173.927    4096
       1030  8.58333333333   10.73212   321.08156              -165.472    170.653    4096
       1031  8.59166666667   10.84607   320.92756              -165.510    180.057    4096
       1032  8.60000000000   10.95930   320.77277              -165.636    153.921    4096
       1033  8.60833333333   11.07180   320.61721              -165.801    169.273    4096
       1034  8.61666666667   11.18357   320.46086              -165.910    166.970    4096
       1035  8.62500000000   11.29461   320.30373              -166.094  -2267.424    4096
       1036  8.63333333333   11.40490   320.14582              -166.171    161.507    4096
       1037  8.64166666667   11.51445   319.98714              -166.179    167.893    4096
       1038  8.65000000000   11.62325   319.82768              -166.379    175.412    4096
       1039  8.65833333333   11.73130   319.66745              -166.441    173.214    4096
       1040  8.66666666667   11.83858   319.50644              -166.501    148.458    4096
       1041  8.67500000000   11.94510   319.34467              -166.677    149.124    4096
       1042  8.68333333333   12.05085   319.18214              -166.920    154.702    4096
       1043  8.69166666667   12.15583   319.01884              -167.037    144.518    4096
       1044  8.70000000000   12.26003   318.85478              -167.087    158.537    4096
       1045  8.70833333333   12.36344   318.68995              -167.217    161.393    4096
       1046  8.71666666667   12.46606   318.52437             18873.621  -2274.334    4096
       1047  8.72500000000   12.56789   318.35804              -167.380    167.788    4096
       1048  8.73333333333   12.66893   318.19096              -167.466    160.012    4096
       1049  8.74166666667   12.76916   318.02312              -167.552    168.302    4096
       1050  8.75000000000   12.86858   317.85454              -167.774    162.211    4096
       1051  8.75833333333   12.96719   317.68521              -167.856    160.174    4096
       1052  8.76666666667   13.06498   317.51515              -167.907    160.165    4096
       1053  8.77500000000   13.16195   317.34434              -168.021    170.644    4096
       1054  8.78333333333   13.25809   317.17280              -168.147  -2277.303    4096
       1055  8.79166666667   13.35341   317.00053              -168.306    166.561    4096
       1056  8.80000000000   13.44789   316.82753              -168.362    158.642    4096
       1057  8.80833333333   13.54152   316.65381              -168.479  -2276.266    4096
       1058  8.81666666667   13.63432   316.47936              -168.503    158.233    4096
       1059  8.82500000000   13.72626   316.30419              -168.660    170.539    4096
       1060  8.83333333333   13.81735   316.12831              -168.703    181.656    4096
       1061  8.84166666667   13.90758   315.95172              -168.805    172.281    4096
       1062  8.85000000000   13.99695   315.77442              -168.868    168.607    4096
       1063  8.85833333333   14.08545   315.59641              -168.815    154.321    4096
       1064  8.86666666667   14.17309   315.41771              -168.919    147.744    4096
       1065  8.87500000000   14.25984   315.23830              -168.893    158.946    4096
       1066  8.88333333333   14.34572   315.05821              -169.057    158.233    4096
       1067  8.89166666667   14.43071   314.87743             18871.777  -2271.317    4096
       1068  8.90000000000   14.51481   314.69596              -169.286    162.059    4096
       1069  8.90833333333   14.59803   314.51381              -169.349    153.883    4096
       1070  8.91666666667   14.68034   314.33099              -169.499    164.819    4096
       1071  8.92500000000   14.76175   314.14749              -169.585    159.346    4096
       1072  8.93333333333   14.84226   313.96333              -169.647    161.393    4096
       1073  8.94166666667   14.92186   313.77850              -169.756    153.626    4096
       1074  8.95000000000   15.00055   313.59302              -169.823    160.308    4096
       1075  8.95833333333   15.07832   313.40688              -169.895    155.815    4096
       1076  8.96666666667   15.15517   313.22010              -169.989    159.346    4096
       1077  8.97500000000   15.23109   313.03267              -170.074    163.582    4096
       1078  8.98333333333   15.30609   312.84460              -170.229    160.460    4096
       1079  8.99166666667   15.38015   312.65589              -170.254    160.317    4096
       1080  9.00000000000   15.45327   312.46656              -170.309    161.535    4096
       1081  9.00833333333   15.52546   312.27661              -170.367    160.841    4096
       1082  9.01666666667   15.59670   312.08603              -170.404  -2268.766    4096
       1083  9.02500000000   15.66700   311.89485            -15007.576    162.468    4096
       1084  9.03333333333   15.73634   311.70305              -170.564    161.802    4096
       1085  9.04166666667   15.80473   311.51065              -170.761    161.250    4096
       1086  9.05000000000   15.87217   311.31766              -170.848    160.574    4096
       1087  9.05833333333   15.93864   311.12407              -171.020  -2273.401    4096
       1088  9.06666666667   16.00414   310.92990              -171.010    163.848    4096
       1089  9.07500000000   16.06868   310.73515              -171.112    164.105    4096
       1090  9.08333333333   16.13225   310.53982              -171.170    155.111    4096
       1091  9.09166666667   16.19484   310.34392              -171.313  -2271.878    4096
       1092  9.10000000000   16.25646   310.14747              -171.255    162.735    4096
       1093  9.10833333333   16.31709   309.95045              -171.294    163.839    4096
       1094  9.11666666667   16.37674   309.75289              -171.408    178.534    4096
       1095  9.12500000000   16.43541   309.55478              -171.386    175.146    4096
       1096  9.13333333333   16.49308   309.35613              -171.512    156.891    4096
       1097  9.14166666667   16.54976   309.15695              -171.642    151.427    4096
       1098  9.15000000000   16.60545   308.95724              -171.703    164.924    4096
       1099  9.15833333333   16.66013   308.75701              -171.636  -2274.334    4096
       1100  9.16666666667   16.71382   308.55628              -171.683    166.713    4096
       1101  9.17500000000   16.76650   308.35503              -171.817    163.848    4096
       1102  9.18333333333   16.81818   308.15329              -171.798    158.937    4096
       1103  9.19166666667   16.86885   307.95105              -171.708    165.485    4096
       1104  9.20000000000   16.91850   307.74832              -171.759    155.815    4096
       1105  9.20833333333   16.96715   307.54512              -171.904    158.528    4096
       1106  9.21666666667   17.01477   307.34144              -171.813    157.157    4096
       1107  9.22500000000   17.06138   307.13730              -171.900    156.748    4096
       1108  9.23333333333   17.10697   306.93270              -171.864    162.106    4096
       1109  9.24166666667   17.15154   306.72764              -171.884    173.509    4096
       1110  9.25000000000   17.19508   306.52214              -171.816    175.412    4096
       1111  9.25833333333   17.23760   306.31620              -171.801    156.234    4096
       1112  9.26666666667   17.27908   306.10983              -171.795    151.056    4096
       1113  9.27500000000   17.31954   305.90304              -171.833    155.254    4096
       1114  9.28333333333   17.35896   305.69583              -171.903    157.043    4096
       1115  9.29166666667   17.39735   305.48821              -171.902    169.835    4096
       1116  9.30000000000   17.43471   305.28018              -171.878    173.252    4096
       1117  9.30833333333   17.47103   305.07177              -171.918    160.012    4096
       1118  9.31666666667   17.50630   304.86296              -171.892    159.765    4096
       1119  9.32500000000   17.54054   304.65378              -171.864    163.953    4096
       1120  9.33333333333   17.57374   304.44422              -171.920  -2284.299    4096
       1121  9.34166666667   17.60590   304.23430              -171.942    154.321    4096
       1122  9.35000000000   17.63701   304.02401              -171.949    168.607    4096
       1123  9.35833333333   17.66707   303.81338              -171.853    151.618    4096
       1124  9.36666666667   17.69609   303.60241              -171.803    160.983    4096
       1125  9.37500000000   17.72407   303.39110              -171.758    159.080    4096
       1126  9.38333333333   17.75099   303.17947              -171.771    157.566    4096
       1127  9.39166666667   17.77687   302.96751              -171.754    162.468    4096
       1128  9.40000000000   17.80170   302.75524              -171.618    158.528    4096
       1129  9.40833333333   17.82547   302.54267              -171.563    157.157    4096
       1130  9.41666666667   17.84820   302.32980              -171.450    165.999    4096
       1131  9.42500000000   17.86987   302.11665              -171.378    156.900    4096
       1132  9.43333333333   17.89049   301.90321              -171.312    152.912    4096
       1133  9.44166666667   17.91006   301.68950              -171.273    155.777    4096
       1134  9.45000000000   17.92858   301.47552              -171.241  -2272.173    4096
       1135  9.45833333333   17.94604   301.26129              -171.218    173.366    4096
       1136  9.46666666667   17.96245   301.04681              -171.204    166.047    4096
       1137  9.47500000000   17.97781   300.83208              -171.065  -2277.751    4096
       1138  9.48333333333   17.99212   300.61712              -171.122    166.266    4096
       1139  9.49166666667   18.00537   300.40194              -171.158    157.823    4096
       1140  9.50000000000   18.01757   300.18653              -171.138    167.636    4096
       1141  9.50833333333   18.02872   299.97092              -171.106    154.140    4096
       1142  9.51666666667   18.03881   299.75511              -171.118    179.391    4096
       1143  9.52500000000   18.04785   299.53910              -171.121    162.735    4096
       1144  9.53333333333   18.05584   299.32290              -171.141    164.400    4096
       1145  9.54166666667   18.06278   299.10652              -171.126    167.788    4096
       1146  9.55000000000   18.06867   298.88998              -171.028    163.810    4096
       1147  9.55833333333   18.07351   298.67327              -170.973    162.363    4096
       1148  9.56666666667   18.07731   298.45640              -171.080    165.476    4096
       1149  9.57500000000   18.08005   298.23939              -170.984    163.962    4096
       1150  9.58333333333   18.08175   298.02224              -171.049    163.287    4096
       1151  9.59166666667   18.08240   297.80495              -170.967    166.856    4096
       1152  9.60000000000   18.08200   297.58754              -170.976    170.948    4096
       1153  9.60833333333   18.08057   297.37002              -170.887    159.460    4096
       1154  9.61666666667   18.07809   297.15239              -170.894    169.159    4096
       1155  9.62500000000   18.07456   296.93466              -170.905    180.323    4096
       1156  9.63333333333   18.07000   296.71683              -170.797    172.957    4096
       1157  9.64166666667   18.06440   296.49892              -170.805    157.452    4096
       1158  9.65000000000   18.05777   296.28093              -170.772    155.558    4096
       1159  9.65833333333   18.05010   296.06287              -170.640    164.657    4096
       1160  9.66666666667   18.04139   295.84475              -170.653    163.696    4096
       1161  9.67500000000   18.03166   295.62658              -170.584    160.012    4096
       1162  9.68333333333   18.02089   295.40836              -170.479    163.287    4096
       1163  9.69166666667   18.00910   295.19009              -170.466    163.030    4096
       1164  9.70000000000   17.99628   294.97180              -170.468    160.983    4096
       1165  9.70833333333   17.98244   294.75348              -170.386    159.898    4096
       1166  9.71666666667   17.96757   294.53515              -170.209    158.413    4096
       1167  9.72500000000   17.95169   294.31680              -170.178    150.914    4096
       1168  9.73333333333   17.93479   294.09846              -170.058    147.078    4096
       1169  9.74166666667   17.91687   293.88011              -169.891    160.279    4096
       1170  9.75000000000   17.89794   293.66178              -169.746    166.713    4096
       1171  9.75833333333   17.87801   293.44347              -169.658    168.045    4096
       1172  9.76666666667   17.85706   293.22519              -169.561    165.894    4096
       1173  9.77500000000   17.83511   293.00693              -169.507    164.771    4096
       1174  9.78333333333   17.81216   292.78872              -169.432    165.999    4096
       1175  9.79166666667   17.78821   292.57056              -169.457    158.537    4096
       1176  9.80000000000   17.76326   292.35245              -169.480    161.250    4096
       1177  9.80833333333   17.73732   292.13441              -169.444    154.445    4096
       1178  9.81666666667   17.71039   291.91643              -169.253    148.201    4096
       1179  9.82500000000   17.68248   291.69852              -169.295    155.254    4096
       1180  9.83333333333   17.65358   291.48070              -169.174    180.580    4096
       1181  9.84166666667   17.62369   291.26297              -169.065  -2255.146    4096
       1182  9.85000000000   17.59283   291.04533              -168.915    170.948    4096
       1183  9.85833333333   17.56100   290.82780              -168.851    166.827    4096
       1184  9.86666666667   17.52820   290.61037              -168.733    163.582    4096
       1185  9.87500000000   17.49442   290.39306              -168.621    157.300    4096
       1186  9.88333333333   17.45969   290.17586              -168.631    160.726    4096
       1187  9.89166666667   17.42399   289.95880              -168.510    170.358    4096
       1188  9.90000000000   17.38734   289.74187              -168.257    158.271    4096
       1189  9.90833333333   17.34973   289.52508              -168.215    165.190    4096
       1190  9.91666666667   17.31117   289.30843              -168.239    171.462    4096
       1191  9.92500000000   17.27167   289.09194              -168.078    163.544    4096
       1192  9.93333333333   17.23123   288.87560              -167.995    148.448    4096
       1193  9.94166666667   17.18984   288.65943              -167.828    159.755    4096
       1194  9.95000000000   17.14753   288.44343              -167.831    155.558    4096
       1195  9.95833333333   17.10428   288.22760              -167.719    157.005    4096
       1196  9.96666666667   17.06011   288.01196              -167.646    157.719    4096
       1197  9.97500000000   17.01502   287.79650              -167.493    164.143    4096
       1198  9.98333333333   16.96901   287.58123              -167.420    169.016    4096
       1199  9.99166666667   16.92208   287.36616              -167.242  -2272.849    4096
       1200 10.00000000000   16.87425   287.15129              -167.158    159.755    4096
       1201 10.00833333333   16.82551   286.93664              -167.074    161.136    4096
       1202 10.01666666667   16.77587   286.72219              -166.997    159.080    4096
       1203 10.02500000000   16.72534   286.50797              -167.032    171.986    4096
       1204 10.03333333333   16.67391   286.29396              -166.842    165.780    4096
       1205 10.04166666667   16.62160   286.08019              -166.745    166.304    4096
       1206 10.05000000000   16.56841   285.86665              -166.557    162.620    4096
       1207 10.05833333333   16.51433   285.65335              -166.440    164.667    4096
       1208 10.06666666667   16.45939   285.44029              -166.528    164.219    4096
       1209 10.07500000000   16.40357   285.22748              -166.418    166.047    4096
       1210 10.08333333333   16.34690   285.01492              -166.276    166.675    4096
       1211 10.09166666667   16.28936   284.80262              -166.152    166.970    4096
       1212 10.10000000000   16.23097   284.59058              -166.185    165.590    4096
       1213 10.10833333333   16.17173   284.37880              -166.051    159.908    4096
       1214 10.11666666667   16.11165   284.16730              -165.791    161.802    4096
       1215 10.12500000000   16.05072   283.95606              -165.593    162.059    4096
       1216 10.13333333333   15.98896   283.74511              -165.540    166.151    4096
       1217 10.14166666667   15.92638   283.53444              -165.404    164.781    4096
       1218 10.15000000000   15.86297   283.32406              -165.239    173.918    4096
       1219 10.15833333333   15.79874   283.11396              -165.092    178.563    4096
       1220 10.16666666667   15.73369   282.90416              -165.020    175.412    4096
       1221 10.17500000000   15.66784   282.69466              -164.975    161.945    4096
       1222 10.18333333333   15.60118   282.48545              -164.748    162.106    4096
       1223 10.19166666667   15.53372   282.27656              -164.620    161.916    4096
       1224 10.20000000000   15.46547   282.06797              -164.466    169.721    4096
       1225 10.20833333333   15.39643   281.85969             18876.563  -2266.149    4096
       1226 10.21666666667   15.32661   281.65172              -164.281    166.151    4096
       1227 10.22500000000   15.25602   281.44408              -164.170    171.995    4096
       1228 10.23333333333   15.18465   281.23675              -164.077    173.775    4096
       1229 10.24166666667   15.11251   281.02975              -164.015    169.568    4096
       1230 10.25000000000   15.03961   280.82307              -163.829    176.383    4096
       1231 10.25833333333   14.96596   280.61673              -163.571    173.252    4096
       1232 10.26666666667   14.89155   280.41071              -163.420    168.084    4096
       1233 10.27500000000   14.81640   280.20503              -163.277    172.138    4096
       1234 10.28333333333   14.74051   279.99969              -163.213    173.214    4096
       1235 10.29166666667   14.66389   279.79469              -163.146    164.924    4096
       1236 10.30000000000   14.58653   279.59003              -162.935    170.910    4096
       1237 10.30833333333   14.50846   279.38572              -162.669    168.864    4096
       1238 10.31666666667   14.42967   279.18175              -162.573    164.362    4096
       1239 10.32500000000   14.35016   278.97813              -162.377    167.636    4096
       1240 10.33333333333   14.26995   278.77487              -162.157    180.323    4096
       1241 10.34166666667   14.18904   278.57195              -162.032    178.686    4096
       1242 10.35000000000   14.10743   278.36940              -161.805  -2256.231    4096
       1243 10.35833333333   14.02514   278.16720              -161.568    165.752    4096
       1244 10.36666666667   13.94216   277.96536              -161.367    168.864    4096
       1245 10.37500000000   13.85850   277.76388              -161.180    162.211    4096
       1246 10.38333333333   13.77417   277.56276              -160.972    162.316    4096
       1247 10.39166666667   13.68917   277.36201              -160.810    163.848    4096
       1248 10.40000000000   13.60352   277.16162              -160.639    171.472    4096
       1249 10.40833333333   13.51720   276.96160              -160.491    166.151    4096
       1250 10.41666666667   13.43024   276.76195              -160.337    176.078    4096
       1251 10.42500000000   13.34264   276.56266              -160.168    177.601    4096
       1252 10.43333333333   13.25439   276.36375              -159.998    176.792    4096
       1253 10.44166666667   13.16551   276.16521              -159.747    178.534    4096
       1254 10.45000000000   13.07601   275.96704              -159.630    171.881    4096
       1255 10.45833333333   12.98589   275.76925              -159.361  -2259.762    4096
       1256 10.46666666667   12.89515   275.57183              -159.122    174.594    4096
       1257 10.47500000000   12.80380   275.37479              -158.798    173.518    4096
       1258 10.48333333333   12.71185   275.17812              -158.667    175.964    4096
       1259 10.49166666667   12.61930   274.98183              -158.448    179.905    4096
       1260 10.50000000000   12.52616   274.78592              -158.223    175.821    4096
       1261 10.50833333333   12.43243   274.59038              -157.952    181.694    4096
       1262 10.51666666667   12.33813   274.39523              -157.811    183.959    4096
       1263 10.52500000000   12.24325   274.20045              -157.620    173.661    4096
       1264 10.53333333333   12.14779   274.00605              -157.477    180.314    4096
       1265 10.54166666667   12.05178   273.81203              -157.303    183.997    4096
       1996 16.63333333333   14.13997   161.66818              -152.643    155.406    4096
       1997 16.64166666667   14.33531   161.57166              -153.228    141.500    4096
       1998 16.65000000000   14.53096   161.47506              -153.395    148.011    4096
       1999 16.65833333333   14.72691   161.37837              -153.544    149.381    4096
       2000 16.66666666667   14.92316   161.28159              -153.795    147.639    4096
       2001 16.67500000000   15.11972   161.18471              -154.100    155.111    4096
       2002 16.68333333333   15.31657   161.08773              -154.466    144.365    4096
       2003 16.69166666667   15.51372   160.99065              -154.604    146.107    4096
       2004 16.70000000000   15.71117   160.89345              -154.816    153.217    4096
       2005 16.70833333333   15.90891   160.79614              -155.055    145.888    4096
       2006 16.71666666667   16.10693   160.69870              -155.399    144.223    4096
       2007 16.72500000000   16.30525   160.60113              -155.870    142.728    4096
       2008 16.73333333333   16.50385   160.50343              -156.450    152.141    4096
       2009 16.74166666667   16.70273   160.40559              -157.034    146.669    4096
       2010 16.75000000000   16.90190   160.30760              -157.582    157.823    4096
       2011 16.75833333333   17.10134   160.20946              -158.043    147.896    4096
       2012 16.76666666667   17.30106   160.11116              -158.130    146.412    4096
       2013 16.77500000000   17.50105   160.01270              -157.956    152.427    4096
       2014 16.78333333333   17.70131   159.91406              -158.141    150.495    4096
       2015 16.79166666667   17.90185   159.81525              -158.374    148.458    4096
       2016 16.80000000000   18.10264   159.71626              -158.599    140.682    4096
       2017 16.80833333333   18.30371   159.61708              -158.935    137.408    4096
       2018 16.81666666667   18.50503   159.51771              -159.040    137.008    4096
       2019 16.82500000000   18.70662   159.41813              -159.107    148.448    4096
       2020 16.83333333333   18.90846   159.31835              -159.205    145.336    4096
       2021 16.84166666667   19.11055   159.21835              -159.135    140.425    4096
       2022 16.85000000000   19.31289   159.11813              -158.800    141.500    4096
       2023 16.85833333333   19.51549   159.01768              -158.324    147.896    4096
       2024 16.86666666667   19.71833   158.91700              -158.013    137.303    4096
       2025 16.87500000000   19.92141   158.81608              -157.620    148.153    4096
       2026 16.88333333333   20.12474   158.71492              -157.449    141.795    4096
       2027 16.89166666667   20.32830   158.61349             18883.728    134.591    4096
       2028 16.90000000000   20.53210   158.51181              -156.945    151.285    4096
       2029 16.90833333333   20.73613   158.40986              -156.786    144.889    4096
       2030 16.91666666667   20.94039   158.30763              -156.532    141.653    4096
       2031 16.92500000000   21.14488   158.20512              -156.287    142.319    4096
       2032 16.93333333333   21.34959   158.10233              -155.983    143.842    4096
       2033 16.94166666667   21.55452   157.99923              -156.054    150.238    4096
       2034 16.95000000000   21.75967   157.89583              -156.097    148.715    4096
       2035 16.95833333333   21.96504   157.79212              -156.292  -2290.286    4096
       2036 16.96666666667   22.17062   157.68809              -156.430    150.238    4096
       2037 16.97500000000   22.37641   157.58374              -156.381    154.959    4096
       2038 16.98333333333   22.58240   157.47904              -156.450    154.026    4096
       2039 16.99166666667   22.78860   157.37401              -156.532    149.676    4096
       2040 17.00000000000   22.99500   157.26863              -156.646    156.339    4096
       2041 17.00833333333   23.20159   157.16289              -156.923    158.794    4096
       2042 17.01666666667   23.40838   157.05678              -157.288    168.093    4096
       2043 17.02500000000   23.61536   156.95030              -157.615    158.233    4096
       2044 17.03333333333   23.82253   156.84344              -158.006    159.765    4096
       2045 17.04166666667   24.02988   156.73618              -158.376    153.921    4096
       2046 17.05000000000   24.23741   156.62853              -158.595    154.702    4096
       2047 17.05833333333   24.44513   156.52047              -158.985    151.028    4096
       2048 17.06666666667   24.65301   156.41200              -159.207    143.956    4096
       2049 17.07500000000   24.86107   156.30310              -159.492    143.023    4096
       2050 17.08333333333   25.06929   156.19377              -159.740    145.888    4096
       2051 17.09166666667   25.27767   156.08399              -160.037    151.056    4096
       2052 17.10000000000   25.48622   155.97377              -160.439    141.243    4096
       2053 17.10833333333   25.69492   155.86308              -160.610    136.190    4096
       2054 17.11666666667   25.90378   155.75193              -160.877    148.049    4096
       2055 17.12500000000   26.11279   155.64030              -161.045    140.539    4096
       2056 17.13333333333   26.32194   155.52818              -161.227    146.669    4096
       2057 17.14166666667   26.53123   155.41556              -161.535    139.197    4096
       2058 17.15000000000   26.74066   155.30244              -161.740    131.945    4096
       2059 17.15833333333   26.95022   155.18880              -161.813    139.454    4096
       2060 17.16666666667   27.15992   155.07464              -161.947    139.863    4096
       2061 17.17500000000   27.36974   154.95994              -162.023    131.573    4096
       2062 17.18333333333   27.57968   154.84469              -162.002    140.796    4096
       2063 17.19166666667   27.78975   154.72889              -162.151    139.863    4096
       2064 17.20000000000   27.99992   154.61252              -162.229    148.153    4096
       2065 17.20833333333   28.21021   154.49558              -162.299    136.332    4096
       2066 17.21666666667   28.42060   154.37805              -162.276    128.718    4096
       2067 17.22500000000   28.63109   154.25993              -162.274  -2308.236    4096
       2068 17.23333333333   28.84168   154.14119              -162.332    134.134    4096
       2069 17.24166666667   29.05237   154.02184              -162.348    134.848    4096
       2070 17.25000000000   29.26314   153.90186              -162.416    137.151    4096
       2071 17.25833333333   29.47399   153.78124              -162.494    138.902    4096
       2072 17.26666666667   29.68493   153.65997              -162.609    141.500    4096
       2073 17.27500000000   29.89594   153.53804              -162.675    141.910    4096
       2074 17.28333333333   30.10702   153.41543              -162.768    138.388    4096
       2075 17.29166666667   30.31816   153.29213              -162.819    143.242    4096
       2076 17.30000000000   30.52937   153.16814              -162.912    141.757    4096
       2077 17.30833333333   30.74063   153.04344              -162.931    139.054    4096
       2078 17.31666666667   30.95194   152.91802              -162.965    138.645    4096
       2079 17.32500000000   31.16330   152.79187              -162.966    135.105    4096
       2080 17.33333333333   31.37470   152.66497              -162.915    139.721    4096
       2081 17.34166666667   31.58613   152.53731              -162.985    135.219    4096
       2082 17.35000000000   31.79760   152.40889              -163.005    136.304    4096
       2083 17.35833333333   32.00909   152.27968              -163.081    139.464    4096
       2084 17.36666666667   32.22060   152.14968              -163.246    142.319    4096
       2085 17.37500000000   32.43213   152.01887              -163.290    137.408    4096
       2086 17.38333333333   32.64366   151.88723              -163.402    143.394    4096
       2087 17.39166666667   32.85520   151.75477              -163.520    134.134    4096
       2088 17.40000000000   33.06674   151.62145              -163.602    127.338    4096
       2089 17.40833333333   33.27827   151.48728              -163.683    145.032    4096
       2090 17.41666666667   33.48979   151.35223              -163.804  -2293.674    4096
       2091 17.42500000000   33.70128   151.21629              -163.832    137.560    4096
       2092 17.43333333333   33.91276   151.07944              -163.878    141.910    4096
       2093 17.44166666667   34.12420   150.94169              -163.949    141.767    4096
       2094 17.45000000000   34.33561   150.80300              -164.076    142.728    4096
       2095 17.45833333333   34.54697   150.66336              -164.123    133.325    4096
       2096 17.46666666667   34.75828   150.52276              -164.173    139.606    4096
       2097 17.47500000000   34.96954   150.38119              -164.277    153.512    4096
       2098 17.48333333333   35.18074   150.23863              -164.403    144.622    4096
       2099 17.49166666667   35.39187   150.09507              -164.517    133.210    4096
       2100 17.50000000000   35.60292   149.95048              -164.594    134.543    4096
       2101 17.50833333333   35.81389   149.80486              -164.628    136.332    4096
       2102 17.51666666667   36.02477   149.65819              -164.761    141.205    4096
       2103 17.52500000000   36.23556   149.51044              -164.904    143.290    4096
       2104 17.53333333333   36.44625   149.36162              -164.917    143.138    4096
       2105 17.54166666667   36.65683   149.21170              -165.021  -2296.415    4096
       2106 17.55000000000   36.86729   149.06066              -165.094    139.454    4096
       2107 17.55833333333   37.07762   148.90849              -165.201    134.809    4096
       2108 17.56666666667   37.28783   148.75517              -165.291    130.498    4096
       2109 17.57500000000   37.49790   148.60068              -165.341    141.396    4096
       2110 17.58333333333   37.70782   148.44501              -165.338    145.070    4096
       2111 17.59166666667   37.91759   148.28814              -165.441    136.294    4096
       2112 17.60000000000   38.12720   148.13005              -165.473  -2298.833    4096
       2113 17.60833333333   38.33664   147.97073              -165.473    136.599    4096
       2114 17.61666666667   38.54590   147.81015              -165.591    133.877    4096
       2115 17.62500000000   38.75498   147.64830              -165.684    130.089    4096
       2116 17.63333333333   38.96387   147.48517              -165.712    133.325    4096
       2117 17.64166666667   39.17255   147.32072              -165.746    135.628    4096
       2118 17.65000000000   39.38103   147.15495              -165.764    131.278    4096
       2119 17.65833333333   39.58928   146.98783              -165.808    141.653    4096
       2120 17.66666666667   39.79731   146.81935              -165.823    140.273    4096
       2121 17.67500000000   40.00510   146.64948              -165.871    137.151    4096
       2122 17.68333333333   40.21265   146.47821              -165.935    137.560    4096
       2123 17.69166666667   40.41995   146.30552              -165.998    134.705    4096
       2124 17.70000000000   40.62698   146.13139              -165.949    142.728    4096
       2125 17.70833333333   40.83374   145.95580              -165.887  -2303.335    4096
       2126 17.71666666667   41.04021   145.77872              -165.775    130.755    4096
       2127 17.72500000000   41.24640   145.60014              -165.641    140.425    4096
       2128 17.73333333333   41.45229   145.42004              -165.501    133.058    4096
       2129 17.74166666667   41.65786   145.23839              -165.367    136.447    4096
       2130 17.75000000000   41.86312   145.05518              -165.293    143.138    4096
       2131 17.75833333333   42.06804   144.87038              -165.299    140.691    4096
       2132 17.76666666667   42.27263   144.68397              -165.336    132.135    4096
       2133 17.77500000000   42.47686   144.49594              -165.403    134.410    4096
       2134 17.78333333333   42.68073   144.30626              -165.521    138.379    4096
       2135 17.79166666667   42.88423   144.11490              -165.596    135.628    4096
       2136 17.80000000000   43.08734   143.92185              -165.726    137.665    4096
       2137 17.80833333333   43.29007   143.72708              -165.863    130.869    4096
       2138 17.81666666667   43.49238   143.53058              -166.063    134.695    4096
       2139 17.82500000000   43.69428   143.33231              -166.184    133.734    4096
       2140 17.83333333333   43.89575   143.13226              -166.228    129.936    4096
       2141 17.84166666667   44.09678   142.93040              -166.271    133.363    4096
       2142 17.85000000000   44.29736   142.72671              -166.288    140.130    4096
       2143 17.85833333333   44.49748   142.52117              -166.325    129.784    4096
       2144 17.86666666667   44.69712   142.31375              -166.318    128.709    4096
       2145 17.87500000000   44.89627   142.10443              -166.325    125.701    4096
       2146 17.88333333333   45.09493   141.89319              -166.368    127.595    4096
       2147 17.89166666667   45.29307   141.68000              -166.429    127.900    4096
       2148 17.90000000000   45.49068   141.46483              -166.616    135.923    4096
       2149 17.90833333333   45.68776   141.24768              -166.740    137.674    4096
       2150 17.91666666667   45.88428   141.02850              -166.858    127.481    4096
       2151 17.92500000000   46.08024   140.80727              -167.010    139.311    4096
       2152 17.93333333333   46.27562   140.58398              -167.107    140.682    4096
       2153 17.94166666667   46.47041   140.35860              -167.226    136.180    4096
       2154 17.95000000000   46.66459   140.13109              -167.342  -2293.293    4096
       2155 17.95833333333   46.85815   139.90145              -167.513    139.197    4096
       2156 17.96666666667   47.05108   139.66963              -167.608    139.568    4096
       2157 17.97500000000   47.24336   139.43562              -167.694    140.158    4096
       2158 17.98333333333   47.43498   139.19940              -167.805    139.454    4096
       2159 17.99166666667   47.62592   138.96093              -167.897    142.995    4096
       2160 18.00000000000   47.81612   138.72081              -168.018    140.016    4096
       2161 18.00833333333   48.00570   138.47717              -168.132    138.379    4096
       2162 18.01666666667   48.19451   138.23183              -168.209    137.560    4096
       2163 18.02500000000   48.38258   137.98414              -168.269  -2303.772    4096
       2164 18.03333333333   48.56990   137.73408              -168.369    138.788    4096
       2165 18.04166666667   48.75645   137.48163              -168.477    140.539    4096
       2166 18.05000000000   48.94221   137.22677              -168.551    139.711    4096
       2167 18.05833333333   49.12716   136.96946              -168.638    133.877    4096
       2168 18.06666666667   49.31129   136.70968              -168.698    131.278    4096
       2169 18.07500000000   49.49459   136.44741              -168.783    126.520    4096
       2170 18.08333333333   49.67703   136.18263              -168.838    129.384    4096
       2171 18.09166666667   49.85861   135.91530              -168.925    131.316    4096
       2172 18.10000000000   50.03929   135.64540              -169.048    126.786    4096
       2173 18.10833333333   50.21906   135.37292              -169.140    126.776    4096
       2174 18.11666666667   50.39791   135.09782              -169.244    129.794    4096
       2175 18.12500000000   50.57582   134.82008              -169.323    123.398    4096
       2176 18.13333333333   50.75277   134.53969              -169.403    122.170    4096
       2177 18.14166666667   50.92873   134.25660              -169.412    123.655    4096
       2178 18.15000000000   51.10370   133.97081              -169.465    121.094    4096
       2179 18.15833333333   51.27765   133.68229              -169.498    129.270    4096
       2180 18.16666666667   51.45057   133.39101              -169.555    129.375    4096
       2181 18.17500000000   51.62243   133.09696              -169.596    128.261    4096
       2182 18.18333333333   51.79322   132.80011              -169.623    129.232    4096
       2183 18.19166666667   51.96291   132.50044              -169.634    128.671    4096
       2184 18.20000000000   52.13148   132.19794              -169.712    130.051    4096
       2185 18.20833333333   52.29892   131.89257              -169.768    132.249    4096
       2186 18.21666666667   52.46521   131.58432              -169.792    126.929    4096
       2187 18.22500000000   52.63032   131.27318              -169.807    125.292    4096
       2188 18.23333333333   52.79423   130.95912              -169.866    132.811    4096
       2189 18.24166666667   52.95693   130.64212              -169.939    130.460    4096
       2190 18.25000000000   53.11838   130.32217              -170.021    130.203    4096
       2191 18.25833333333   53.27858   129.99924              -170.096    128.414    4096
       2192 18.26666666667   53.43750   129.67334              -170.153    125.434    4096
       2193 18.27500000000   53.59511   129.34443              -170.214    132.801    4096
       2194 18.28333333333   53.75140   129.01250              -170.317    123.950    4096
       2195 18.29166666667   53.90634   128.67754              -170.431    123.245    4096
       2196 18.30000000000   54.05992   128.33954              -170.487    126.776    4096
       2197 18.30833333333   54.21210   127.99849                 0.000      0.000    5200
       2198 18.31666666667   54.36287   127.65436               -70.731    131.164    4096
       2199 18.32500000000   54.51220   127.30716               -70.812    130.460    4096
       2200 18.33333333333   54.66008   126.95688               -68.566    129.537    4096
       2201 18.34166666667   54.80647   126.60350               -68.686    126.662    4096
       2202 18.35000000000   54.95136   126.24702               -68.755    125.958    4096
       2203 18.35833333333   55.09472   125.88744               -68.830    128.452    4096
       2204 18.36666666667   55.23653   125.52474               -68.921    124.321    4096
       2205 18.37500000000   55.37676   125.15894               -69.029    121.199    4096
       2206 18.38333333333   55.51540   124.79001               -69.107    122.579    4096
       2207 18.39166666667   55.65242   124.41797               -69.149    131.688    4096
       2208 18.40000000000   55.78779   124.04281               -69.211    128.832    4096
       2209 18.40833333333   55.92150   123.66454               -64.575    124.740    4098
       2210 18.41666666667   56.05351   123.28315               -69.308    132.801    4096
       2211 18.42500000000   56.18381   122.89867               -64.699    126.672    4096
       2212 18.43333333333   56.31237   122.51108               -62.432    129.527    4098
       2213 18.44166666667   56.43916   122.12041               -62.466    125.035    4096
       2214 18.45000000000   56.56417   121.72665               -62.479    126.929    4096
       2215 18.45833333333   56.68737   121.32982               -60.228    127.072    4098
       2216 18.46666666667   56.80873   120.92994                 0.000      0.000    5200
       2217 18.47500000000   56.92824   120.52702                 0.000      0.000    5200
       2218 18.48333333333   57.04586   120.12108               -60.364    130.355    4096
       2219 18.49166666667   57.16158   119.71213                 0.000      0.000    5200
       2220 18.50000000000   57.27538   119.30020               -58.098    124.216    4096
       2221 18.50833333333   57.38722   118.88531               -58.118    125.815    4098
       2222 18.51666666667   57.49708   118.46748               -60.439    128.004    4096
       2223 18.52500000000   57.60495   118.04674               -58.180    129.641    4096
       2224 18.53333333333   57.71080   117.62312               -58.197    125.035    4098
       2225 18.54166666667   57.81460   117.19666               -58.251    125.701    4096
       2226 18.55000000000   57.91633   116.76737                 0.000      0.000    5200
       2227 18.55833333333   58.01598   116.33530               -58.276    127.595    4096
       2228 18.56666666667   58.11352   115.90048               -60.663    129.936    4098
       2229 18.57500000000   58.20892   115.46296               -58.339    127.081    4096
       2230 18.58333333333   58.30217   115.02277               -63.039    130.193    4098
       2231 18.59166666667   58.39324   114.57995                 0.000      0.000    5200
       2232 18.60000000000   58.48211   114.13456               -60.745  -2310.549    4096
       2233 18.60833333333   58.56877   113.68665               -63.111    133.182    4098
       2234 18.61666666667   58.65319   113.23625               -58.484    130.051    4098
       2235 18.62500000000   58.73535   112.78343                 0.000      0.000    5200
       2236 18.63333333333   58.81523   112.32823               -58.582    127.033    4096
       2237 18.64166666667   58.89281   111.87072               -56.277    121.761    4098
       2238 18.65000000000   58.96807   111.41094               -56.339    126.558    4098
       2239 18.65833333333   59.04100   110.94898                 0.000      0.000    5200
       2240 18.66666666667   59.11158   110.48488               -56.428    124.064    4096
       2241 18.67500000000   59.17978   110.01871               -58.784    124.892    4096
       2242 18.68333333333   59.24559   109.55053               -58.816    128.709    4098
       2243 18.69166666667   59.30900   109.08043               -56.540    124.064    4098
       2244 18.70000000000   59.36999   108.60846                 0.000      0.000    5232
       2245 18.70833333333   59.42854   108.13471                 0.000      0.000    5200
       2246 18.71666666667   59.48464   107.65924                 0.000      0.000    5232
       2247 18.72500000000   59.53827   107.18214               -56.639    121.903    4096
       2248 18.73333333333   59.58943   106.70347               -54.356    129.118    4098
       2249 18.74166666667   59.63808   106.22333               -56.694    125.701    4096
       2250 18.75000000000   59.68424   105.74180                 0.000      0.000    5200
       2251 18.75833333333   59.72787   105.25895               -56.751    127.738    4096
       2252 18.76666666667   59.76897   104.77488               -59.121    129.118    4098
       2253 18.77500000000   59.80754   104.28966               -56.854    129.537    4098
       2254 18.78333333333   59.84355   103.80340               -59.214    125.596    4096
       2255 18.79166666667   59.87700   103.31617               -59.242    124.768    4098
       2256 18.80000000000   59.90789   102.82807               -56.923  -2310.701    4098
       2257 18.80833333333   59.93620   102.33920               -54.665    127.233    4096
       2258 18.81666666667   59.96192   101.84963               -59.351    132.915    4098
       2259 18.82500000000   59.98506   101.35948                 0.000      0.000    5200
       2260 18.83333333333   60.00560   100.86883               -54.807    125.292    4096
       2261 18.84166666667   60.02354   100.37777                 0.000      0.000    5200
       2262 18.85000000000   60.03887    99.88641               -54.918    126.110    4096
       2263 18.85833333333   60.05160    99.39484            -14894.354    128.975    4096
       2264 18.86666666667   60.06172    98.90316                 0.000      0.000    5200
       2265 18.87500000000   60.06923    98.41147                 0.000      0.000    5200
       2266 18.88333333333   60.07412    97.91986                 0.000      0.000    5200
       2267 18.89166666667   60.07640    97.42843                 0.000      0.000    5200
       2268 18.90000000000   60.07607    96.93729                 0.000      0.000    5200
       2269 18.90833333333   60.07312    96.44652               -55.239    127.862    4096
       2270 18.91666666667   60.06757    95.95623                 0.000      0.000    5200
       2271 18.92500000000   60.05941    95.46652                 0.000      0.000    5232
       2272 18.93333333333   60.04865    94.97747                 0.000      0.000    5200
       2273 18.94166666667   60.03529    94.48920                 0.000      0.000    5200
       2274 18.95000000000   60.01933    94.00179               -62.353    133.877    4096
       2275 18.95833333333   60.00079    93.51534                 0.000      0.000    5200
       2276 18.96666666667   59.97967    93.02995               -53.144    128.309    4096
       2277 18.97500000000   59.95597    92.54570               -57.830    129.089    4096
       2278 18.98333333333   59.92971    92.06270                 0.000      0.000    5200
       2279 18.99166666667   59.90090    91.58103               -57.958    131.021    4096
       2280 19.00000000000   59.86953    91.10079                 0.000      0.000    5200
       2281 19.00833333333   59.83564    90.62206                 0.000      0.000    5200
       2282 19.01666666667   59.79921    90.14493                 0.000      0.000    5200
       2283 19.02500000000   59.76028    89.66949                 0.000      0.000    5200
       2284 19.03333333333   59.71884    89.19583                 0.000      0.000    5200
       2285 19.04166666667   59.67491    88.72402                 0.000      0.000    5200
       2286 19.05000000000   59.62851    88.25416                 0.000      0.000    5232
       2287 19.05833333333   59.57965    87.78631               -53.653    129.232    4096
       2288 19.06666666667   59.52834    87.32057                 0.000      0.000    5200
       2289 19.07500000000   59.47460    86.85700               -53.737    125.853    4096
       2290 19.08333333333   59.41845    86.39568                 0.000      0.000    5200
       2291 19.09166666667   59.35990    85.93669                 0.000      0.000    5200
       2292 19.10000000000   59.29897    85.48009               -51.518    131.021    4096
       2293 19.10833333333   59.23568    85.02595               -51.530    131.983    4098
       2294 19.11666666667   59.17004    84.57435               -49.262    126.815    4098
       2295 19.12500000000   59.10208    84.12534               -49.284    127.233    4098
       2296 19.13333333333   59.03180    83.67899               -53.997    130.089    4098
       2297 19.14166666667   58.95924    83.23537               -51.674    129.232    4096
       2298 19.15000000000   58.88441    82.79451                 0.000      0.000    5232
       2299 19.15833333333   58.80733    82.35650               -54.044    131.174    4096
       2300 19.16666666667   58.72803    81.92137                 0.000      0.000    5200
       2301 19.17500000000   58.64651    81.48919               -51.767    125.444    4096
       2302 19.18333333333   58.56281    81.05999               -51.786    128.823    4096
       2303 19.19166666667   58.47695    80.63384               -54.162    132.097    4096
       2304 19.20000000000   58.38895    80.21076               -47.225    127.186    4098
       2305 19.20833333333   58.29882    79.79082               -51.904    136.447    4096
       2306 19.21666666667   58.20659    79.37404               -56.565    135.105    4098
       2307 19.22500000000   58.11229    78.96048                 0.000      0.000    5200
       2308 19.23333333333   58.01594    78.55015               -51.975    130.317    4096
       2309 19.24166666667   57.91756    78.14311               -51.994    133.591    4098
       2310 19.25000000000   57.81717    77.73938               -49.699    126.405    4098
       2311 19.25833333333   57.71480    77.33899                 0.000      0.000    5200
       2312 19.26666666667   57.61047    76.94198               -52.046    126.520    4096
       2313 19.27500000000   57.50420    76.54836               -49.737    127.481    4096
       2314 19.28333333333   57.39602    76.15817                 0.000      0.000    5200
       2315 19.29166666667   57.28595    75.77142                 0.000      0.000    5232
       2316 19.30000000000   57.17401    75.38814                 0.000      0.000    5200
       2317 19.30833333333   57.06024    75.00834                 0.000      0.000    5232
       2318 19.31666666667   56.94465    74.63204                 0.000      0.000    5200
       2319 19.32500000000   56.82726    74.25926                 0.000      0.000    5200
       2320 19.33333333333   56.70811    73.89002               -42.969    121.723    4096
       2321 19.34166666667   56.58721    73.52431                 0.000      0.000    5200
       2322 19.35000000000   56.46459    73.16216                 0.000      0.000    5200
       2323 19.35833333333   56.34027    72.80357               -49.994  -2310.844    4096
       2324 19.36666666667   56.21429    72.44854               -45.388    121.237    4098
       2325 19.37500000000   56.08665    72.09709               -52.389    128.042    4096
       2326 19.38333333333   55.95739    71.74922               -45.422    127.747    4096
       2327 19.39166666667   55.82652    71.40492               -45.440    119.448    4096
       2328 19.40000000000   55.69408    71.06420               -47.793    125.035    4096
       2329 19.40833333333   55.56009    70.72707               -45.463    125.958    4096
       2330 19.41666666667   55.42456    70.39351               -50.157    127.081    4096
       2331 19.42500000000   55.28753    70.06352               -50.197    128.975    4098
       2332 19.43333333333   55.14901    69.73710               -52.525  -2307.161    4098
       2333 19.44166666667   55.00904    69.41425               -45.584    124.064    4096
       2334 19.45000000000   54.86762    69.09495               -45.619    125.149    4098
       2335 19.45833333333   54.72480    68.77921               -43.320    124.625    4098
       2336 19.46666666667   54.58058    68.46700               -43.318    122.056    4096
       2337 19.47500000000   54.43499    68.15833                 0.000      0.000    5200
       2338 19.48333333333   54.28805    67.85317               -48.060    127.338    4096
       2339 19.49166666667   54.13979    67.55153               -48.054    123.502    4098
       2340 19.50000000000   53.99023    67.25337               -48.061    121.094    4096
       2341 19.50833333333   53.83939    66.95870               -48.096    124.625    4096
       2342 19.51666666667   53.68729    66.66750               -48.099    121.456    4096
       2343 19.52500000000   53.53395    66.37975               -48.126    124.473    4096
       2344 19.53333333333   53.37940    66.09543               -48.135    128.566    4096
       2345 19.54166666667   53.22365    65.81453               -48.183  -2311.253    4096
       2346 19.55000000000   53.06673    65.53704               -48.216    133.220    4096
       2347 19.55833333333   52.90866    65.26292               -48.220    133.582    4096
       2348 19.56666666667   52.74945    64.99218               -48.225    130.051    4098
       2349 19.57500000000   52.58913    64.72478               -45.978    133.068    4096
       2350 19.58333333333   52.42772    64.46070               -45.964    127.490    4096
       2351 19.59166666667   52.26524    64.19994               -43.675    123.360    4098
       2352 19.60000000000   52.10171    63.94246               -46.013    125.549    4096
       2353 19.60833333333   51.93714    63.68824               -48.345    125.844    4098
       2354 19.61666666667   51.77156    63.43727                 0.000      0.000    5200
       2355 19.62500000000   51.60499    63.18951               -50.694    128.566    4096
       2356 19.63333333333   51.43744    62.94496               -48.382    125.967    4098
       2357 19.64166666667   51.26894    62.70359               -48.405  -2302.107    4096
       2358 19.65000000000   51.09950    62.46537               -50.761    128.823    4098
       2359 19.65833333333   50.92913    62.23028               -50.820    127.747    4096
       2360 19.66666666667   50.75787    61.99830               -50.854    128.566    4096
       2361 19.67500000000   50.58572    61.76940               -50.835    128.709    4096
       2362 19.68333333333   50.41270    61.54356               -50.839    131.421    4096
       2363 19.69166666667   50.23884    61.32076               -50.824    125.292    4096
       2364 19.70000000000   50.06414    61.10097               -50.840  -2308.131    4096
       2365 19.70833333333   49.88863    60.88418               -50.867    134.543    4096
       2366 19.71666666667   49.71232    60.67034               -50.863    127.862    4096
       2367 19.72500000000   49.53522    60.45944               -50.928    130.460    4096
       2368 19.73333333333   49.35736    60.25146               -50.938    128.832    4096
       2369 19.74166666667   49.17875    60.04637               -50.955    127.081    4096
       2370 19.75000000000   48.99941    59.84415               -50.975    130.764    4096
       2371 19.75833333333   48.81935    59.64477               -51.009    125.292    4096
       2372 19.76666666667   48.63858    59.44820               -51.011    123.398    4096
       2373 19.77500000000   48.45712    59.25443               -51.049    129.384    4096
       2374 19.78333333333   48.27500    59.06342               -51.052    125.330    4096
       2375 19.79166666667   48.09221    58.87515               -51.070  -2319.581    4096
       2376 19.80000000000   47.90878    58.68961               -51.123    123.398    4096
       2377 19.80833333333   47.72472    58.50675               -51.120    129.794    4096
       2378 19.81666666667   47.54005    58.32657               -51.143    126.263    4096
       2379 19.82500000000   47.35477    58.14902               -51.133    120.133    4096
       2380 19.83333333333   47.16891    57.97410               -51.144    124.216    4096
       2381 19.84166666667   46.98247    57.80177               -51.186    126.253    4096
       2382 19.85000000000   46.79547    57.63202               -51.179    119.572    4096
       2383 19.85833333333   46.60792    57.46481               -51.199  -2310.692    4096
       2384 19.86666666667   46.41984    57.30012               -51.208    126.520    4096
       2385 19.87500000000   46.23124    57.13793               -51.233    122.722    4096
       2386 19.88333333333   46.04212    56.97822               -51.245    128.718    4096
       2387 19.89166666667   45.85251    56.82096               -51.215    125.177    4096
       2388 19.90000000000   45.66242    56.66613               -51.242    123.245    4096
       2389 19.90833333333   45.47185    56.51370               -51.253    121.199    4096
       2390 19.91666666667   45.28082    56.36365               -51.246    123.550    4096
       2391 19.92500000000   45.08934    56.21596               -51.271    117.002    4096
       2392 19.93333333333   44.89743    56.07061               -51.281    121.456    4096
       2393 19.94166666667   44.70508    55.92756               -51.258    120.942    4096
       2394 19.95000000000   44.51233    55.78681               -51.302    127.481    4096
       2395 19.95833333333   44.31916    55.64832               -51.269    127.862    4096
       2396 19.96666666667   44.12561    55.51208               -51.245    128.299    4096
       2397 19.97500000000   43.93167    55.37807               -51.252    131.716    4096
       2398 19.98333333333   43.73736    55.24625               -51.226    127.747    4096
       2399 19.99166666667   43.54269    55.11661               -51.248    126.776    4096
       2400 20.00000000000   43.34786    54.98886               -51.235    127.338    4096
       2401 20.00833333333   43.15230    54.86379               -51.218    130.612    4096
       2402 20.01666666667   42.95660    54.74056               -51.165    131.688    4096
       2403 20.02500000000   42.76058    54.61942               -51.118    133.325    4096
       2404 20.03333333333   42.56425    54.50036               -51.123    128.671    4096
       2405 20.04166666667   42.36761    54.38335               -51.105    134.000    4096
       2406 20.05000000000   42.17068    54.26837               -51.095    137.703    4096
       2407 20.05833333333   41.97346    54.15541               -51.039    126.634    4096
       2408 20.06666666667   41.77597    54.04444               -51.045    134.400    4096
       2409 20.07500000000   41.57822    53.93544               -51.023    134.848    4096
       2410 20.08333333333   41.38020    53.82839               -50.962    132.658    4096
       2411 20.09166666667   41.18193    53.72327               -50.941    130.089    4096
       2412 20.10000000000   40.98343    53.62007               -50.943    130.755    4096
       2413 20.10833333333   40.78469    53.51876               -50.899    131.421    4096
       2414 20.11666666667   40.58572    53.41933               -50.897    126.377    4096
       2415 20.12500000000   40.38654    53.32176               -50.908    126.405    4096
       2416 20.13333333333   40.18715    53.22602               -50.892    122.979    4096
       2417 20.14166666667   39.98756    53.13210               -50.857    125.177    4096
       2418 20.15000000000   39.78777    53.03999               -50.860    122.988    4096
       2419 20.15833333333   39.58780    52.94966               -50.846    129.232    4096
       2420 20.16666666667   39.38765    52.86110               -50.783    128.709    4096
       2421 20.17500000000   39.18733    52.77429               -50.748    135.066    4096
       2422 20.18333333333   38.98685    52.68921               -50.732    137.113    4096
       2423 20.19166666667   38.78621    52.60584               -50.738    132.506    4096
       2424 20.20000000000   38.58542    52.52418               -50.688    128.299    4096
       2425 20.20833333333   38.38448    52.44419               -50.638    130.308    4096
       2426 20.21666666667   38.18341    52.36587               -50.678    123.388    4096
       2427 20.22500000000   37.98221    52.28920               -50.637    121.865    4096
       2428 20.23333333333   37.78089    52.21416               -50.538    129.794    4096
       2429 20.24166666667   37.57945    52.14073               -50.485    130.346    4096
       2430 20.25000000000   37.37790    52.06891               -50.422    121.247    4096
       2431 20.25833333333   37.17625    51.99867             18990.501  -2311.225    4096
       2432 20.26666666667   36.97450    51.93000               -50.387    133.877    4096
       2433 20.27500000000   36.77265    51.86289               -50.368    127.490    4096
       2434 20.28333333333   36.57072    51.79731               -50.380    128.004    4096
       2435 20.29166666667   36.36871    51.73326               -50.398  -2308.122    4096
       2436 20.30000000000   36.16663    51.67072               -50.372    128.861    4096
       2437 20.30833333333   35.96448    51.60968               -50.376    128.680    4096
       2438 20.31666666667   35.76226    51.55011               -50.315    139.054    4096
       2439 20.32500000000   35.55999    51.49201               -50.274    134.039    4096
       2440 20.33333333333   35.35766    51.43537               -50.270    129.270    4096
       2441 20.34166666667   35.15529    51.38016               -50.245    129.118    4096
       2442 20.35000000000   34.95287    51.32638               -50.264    129.270    4096
       2443 20.35833333333   34.75042    51.27400               -50.198    130.051    4096
       2444 20.36666666667   34.54794    51.22303               -50.190    126.520    4096
       2445 20.37500000000   34.34543    51.17344               -50.144    125.149    4096
       2446 20.38333333333   34.14290    51.12523               -50.133    128.014    4096
       2447 20.39166666667   33.94035    51.07837               -50.058    124.064    4096
       2448 20.40000000000   33.73779    51.03286               -50.090    126.110    4096
       2449 20.40833333333   33.53522    50.98868               -50.012    127.747    4096
       2450 20.41666666667   33.33265    50.94583               -49.990    127.081    4096
       2451 20.42500000000   33.13008    50.90428               -49.902    124.073    4096
       2452 20.43333333333   32.92751    50.86403               -49.881    129.384    4096
       2453 20.44166666667   32.72496    50.82507               -49.850    126.634    4096
       2454 20.45000000000   32.52242    50.78737               -49.784    124.178    4096
       2455 20.45833333333   32.31990    50.75094               -49.732    122.836    4096
       2456 20.46666666667   32.11740    50.71576               -49.686    116.031    4096
       2457 20.47500000000   31.91493    50.68182               -49.623    124.216    4096
       2458 20.48333333333   31.71249    50.64911               -49.612    119.010    4096
       2459 20.49166666667   31.51008    50.61761               -49.554    118.896    4096
       2460 20.50000000000   31.30772    50.58732               -49.569    120.676    4096
       2461 20.50833333333   31.10539    50.55822               -49.520  -2316.126    4096
       2462 20.51666666667   30.90311    50.53031               -49.489    124.064    4096
       2463 20.52500000000   30.70089    50.50356               -49.452    127.633    4096
       2464 20.53333333333   30.49871    50.47798               -49.408    112.205    4096
       2465 20.54166666667   30.29659    50.45356               -49.394    120.533    4096
       2466 20.55000000000   30.09454    50.43027               -49.380    122.874    4096
       2467 20.55833333333   29.89254    50.40812               -49.364    120.799    4096
       2468 20.56666666667   29.69062    50.38709               -49.266    124.178    4096
       2469 20.57500000000   29.48876    50.36717               -49.321    120.381    4096
       2470 20.58333333333   29.28698    50.34836               -49.248    130.346    4096
       2471 20.59166666667   29.08528    50.33064               -49.152    131.278    4096
       2472 20.60000000000   28.88366    50.31400               -49.147    130.612    4096
       2473 20.60833333333   28.68212    50.29843               -49.074    128.452    4096
       2474 20.61666666667   28.48067    50.28393               -49.013    124.616    4096
       2475 20.62500000000   28.27930    50.27049               -48.935    126.558    4096
       2476 20.63333333333   28.07803    50.25809               -48.875    127.747    4096
       2477 20.64166666667   27.87686    50.24673               -48.806    128.042    4096
       2478 20.65000000000   27.67578    50.23640               -48.661  -2309.216    4096
       2479 20.65833333333   27.47481    50.22710               -48.624    123.950    4096
       2480 20.66666666667   27.27394    50.21880               -48.507    125.292    4096
       2481 20.67500000000   27.07317    50.21150            -19089.457    125.815    4096
       2482 20.68333333333   26.87252    50.20521               -48.431    127.338    4096
       2483 20.69166666667   26.67197    50.19989               -48.362    129.499    4096
       2484 20.70000000000   26.47154    50.19556               -48.296    124.768    4096
       2485 20.70833333333   26.27123    50.19220               -48.269    123.912    4096
       2486 20.71666666667   26.07104    50.18980               -48.186    122.579    4096
       2487 20.72500000000   25.87097    50.18835               -48.178    123.093    4096
       2488 20.73333333333   25.67102    50.18785               -48.151    123.360    4096
       2489 20.74166666667   25.47120    50.18829               -48.098    131.830    4096
       2490 20.75000000000   25.27151    50.18967               -48.019    127.890    4096
       2491 20.75833333333   25.07195    50.19196               -47.973    128.014    4096
       2492 20.76666666667   24.87252    50.19518               -47.929    136.856    4096
       2493 20.77500000000   24.67323    50.19930               -47.855    134.400    4096
       2494 20.78333333333   24.47408    50.20432               -47.756    125.035    4096
       2495 20.79166666667   24.27507    50.21024               -47.661    124.882    4096
       2496 20.80000000000   24.07620    50.21705               -47.610    131.830    4096
       2497 20.80833333333   23.87747    50.22474               -47.574    135.514    4096
       2498 20.81666666667   23.67889    50.23330               -47.476    133.877    4096
       2499 20.82500000000   23.48046    50.24273               -47.411    127.481    4096
       2500 20.83333333333   23.28218    50.25302               -47.285    131.278    4096
       2501 20.84166666667   23.08404    50.26417               -47.170    121.209    4096
       2502 20.85000000000   22.88607    50.27616               -47.098    113.737    4096
       2503 20.85833333333   22.68825    50.28899               -47.007    122.275    4096
       2504 20.86666666667   22.49058    50.30266               -46.929    126.263    4096
       2505 20.87500000000   22.29308    50.31716               -46.822    124.882    4096
       2506 20.88333333333   22.09573    50.33247               -46.704    123.550    4096
       2507 20.89166666667   21.89855    50.34861               -46.666    127.738    4096
       2508 20.90000000000   21.70154    50.36555               -46.712    121.056    4096
       2509 20.90833333333   21.50468    50.38329               -46.720    117.973    4096
       2510 20.91666666667   21.30800    50.40184               -46.627    127.490    4096
       2511 20.92500000000   21.11149    50.42117               -46.589    135.666    4096
       2512 20.93333333333   20.91514    50.44129               -46.501    131.012    4096
       2513 20.94166666667   20.71897    50.46219               -46.495    130.498    4096
       2514 20.95000000000   20.52297    50.48387               -46.350    141.757    4096
       2515 20.95833333333   20.32715    50.50631               -46.221    146.678    4096
       2516 20.96666666667   20.13150    50.52952               -46.241    136.894    4096
       2517 20.97500000000   19.93603    50.55348               -46.075    133.068    4096
       2518 20.98333333333   19.74074    50.57819               -46.073    136.742    4096
       2519 20.99166666667   19.54563    50.60366               -45.874    133.439    4096
       2520 21.00000000000   19.35070    50.62986               -45.889    128.975    4096
       2521 21.00833333333   19.15596    50.65680               -45.724    127.338    4096
       2522 21.01666666667   18.96140    50.68447               -45.717    120.124    4096
       2523 21.02500000000   18.76702    50.71287               -45.570    118.743    4096
       2524 21.03333333333   18.57283    50.74198               -45.438    139.464    4096
       2525 21.04166666667   18.37883    50.77181               -45.519    128.566    4096
       2526 21.05000000000   18.18502    50.80236               -45.346    126.263    4096
       2527 21.05833333333   17.99140    50.83361               -45.245    132.506    4096
       2528 21.06666666667   17.79797    50.86555               -45.102    129.499    4096
       2529 21.07500000000   17.60474    50.89820               -45.062    124.368    4096
       2530 21.08333333333   17.41169    50.93154               -44.916    124.625    4096
       2531 21.09166666667   17.21884    50.96556               -44.842    119.829    4096
       2532 21.10000000000   17.02619    51.00026               -44.755    117.106    4096
       2533 21.10833333333   16.83374    51.03565               -44.709    135.105    4096
       2534 21.11666666667   16.64148    51.07170               -44.738    129.679    4096
       2535 21.12500000000   16.44942    51.10842               -44.550    140.691    4096
       2536 21.13333333333   16.25756    51.14581               -44.493    136.856    4096
       2537 21.14166666667   16.06590    51.18386               -44.341    137.160    4096
       2538 21.15000000000   15.87444    51.22256               -44.268    127.338    4096
       2539 21.15833333333   15.68318    51.26191               -44.236    125.330    4096
       2540 21.16666666667   15.49213    51.30191               -44.113    128.414    4096
       2541 21.17500000000   15.30128    51.34255               -44.032    138.788    4096
       2542 21.18333333333   15.11064    51.38383               -44.030    130.755    4096
       2543 21.19166666667   14.92020    51.42574               -43.918    141.101    4096
       2544 21.20000000000   14.72997    51.46828               -43.787    134.181    4096
       2545 21.20833333333   14.53994    51.51145               -43.730    126.672    4096
       2546 21.21666666667   14.35012    51.55524             18997.273  -2302.107    4096
       2547 21.22500000000   14.16051    51.59965               -43.673    119.039    4096
       2548 21.23333333333   13.97111    51.64467               -43.627    119.305    4096
       2549 21.24166666667   13.78192    51.69031               -43.521    121.608    4096
       2550 21.25000000000   13.59294    51.73655               -43.466    122.874    4096
       2551 21.25833333333   13.40418    51.78339               -43.487    122.950    4096
       2553 21.27500000000   13.02728    51.87886              -113.060    128.680    4096
       2554 21.28333333333   12.83914    51.92749              -113.031    114.137    4096
       2555 21.29166666667   12.65123    51.97670              -113.055    133.210    4096
       2556 21.30000000000   12.46352    52.02650              -113.177    119.010    4096
       2557 21.30833333333   12.27603    52.07688              -113.032    126.367    4096
       2558 21.31666666667   12.08876    52.12784              -112.916    129.794    4096
       2559 21.32500000000   11.90170    52.17937              -112.831    143.404    4096
       2560 21.33333333333   11.71486    52.23147              -112.744    139.606    4096
       2561 21.34166666667   11.52824    52.28413              -112.812    118.601    4096
       2562 21.35000000000   11.34183    52.33736              -112.777    103.391    4096
       2563 21.35833333333   11.15564    52.39115              -112.615    113.214    4096
       2564 21.36666666667   10.96967    52.44550              -112.725    112.766    4096
       2565 21.37500000000   10.78392    52.50040              -112.648    111.282    4096
       2566 21.38333333333   10.59838    52.55585              -112.481    124.625    4096
       2567 21.39166666667   10.41307    52.61185              -112.501    114.251    4096
       2568 21.40000000000   10.22798    52.66839              -112.379    114.813    4096
       2569 21.40833333333   10.04310    52.72547              -112.224    122.436    4096
       2570 21.41666666667    9.85845    52.78309              -112.204    109.787    4096
       2571 21.42500000000    9.67401    52.84124              -112.050    112.500    4096
       2572 21.43333333333    9.48980    52.89993              -112.074    122.950    4096
       2573 21.44166666667    9.30581    52.95914              -111.829  -2313.861    4096
       2574 21.45000000000    9.12204    53.01888              -111.730    139.464    4096
       2575 21.45833333333    8.93850    53.07914              -111.540    135.628    4096
       2576 21.46666666667    8.75517    53.13992              -111.518    142.471    4096
       2577 21.47500000000    8.57207    53.20122              -111.288    140.425    4096
       2578 21.48333333333    8.38920    53.26303              -111.091    145.032    4096
       2579 21.49166666667    8.20654    53.32535              -110.935    133.772    4096
       2580 21.50000000000    8.02411    53.38818              -110.576    130.203    4096
       2581 21.50833333333    7.84190    53.45152              -110.453    122.322    4096
       2582 21.51666666667    7.65992    53.51535              -110.275    132.506    4096
       2583 21.52500000000    7.47816    53.57969              -110.037    139.978    4097
