# Created on 2022-09-13 07:27:25 
# Sources: obs\TPKL1681.22O, nav\TPKL1681.22G
# Satellite: R10 (k = -7.0)
# Interval: 30.0
# Sampling interval: 0.0 (not used).
# Site: TPKL
# Position (L, B, H): 78.5290569025, 42.4638637031, 1886.01891334
# Position (X, Y, Z): 937429.6846, 4619604.6444, 4285027.6573
# datetime format: %Y-%m-%dT%H:%M:%S
# Columns: tsn, hour, el, az, tec.l1l2, tec.p1p2, validity
# (I11,1X,F14.11,1X,F10.5,1X,F11.5,1X,F21.3,1X,F10.3,1X,I7)
        481  4.00833333333    7.17470   327.70656                 0.000      0.000    5232
        482  4.01666666667    7.39852   327.73197                 0.000      0.000    5232
        483  4.02500000000    7.62252   327.75648                 0.000      0.000    5232
        484  4.03333333333    7.84669   327.78010                 0.000      0.000    5232
        485  4.04166666667    8.07103   327.80281                 0.000      0.000    5232
        486  4.05000000000    8.29555   327.82462                 0.000      0.000    5232
        487  4.05833333333    8.52025   327.84552                 0.000      0.000    5232
        488  4.06666666667    8.74511   327.86550                 0.000      0.000    5232
        489  4.07500000000    8.97015   327.88456                 0.000      0.000    5232
        490  4.08333333333    9.19536   327.90270                 0.000      0.000    5232
        491  4.09166666667    9.42074   327.91991                 0.000      0.000    5232
        492  4.10000000000    9.64628   327.93619                 0.000      0.000    5232
        493  4.10833333333    9.87200   327.95154                 0.000      0.000    5232
        494  4.11666666667   10.09788   327.96594                 0.000      0.000    5232
        495  4.12500000000   10.32393   327.97940                 0.000      0.000    5232
        496  4.13333333333   10.55014   327.99190                 0.000      0.000    5232
        497  4.14166666667   10.77652   328.00346                 0.000      0.000    5232
        498  4.15000000000   11.00306   328.01405                 0.000      0.000    5232
        499  4.15833333333   11.22976   328.02368                 0.000      0.000    5232
        500  4.16666666667   11.45663   328.03234                 0.000      0.000    5232
        501  4.17500000000   11.68366   328.04002                 0.000      0.000    5232
        502  4.18333333333   11.91084   328.04672                 0.000      0.000    5232
        503  4.19166666667   12.13819   328.05244                 0.000      0.000    5232
        504  4.20000000000   12.36569   328.05717                 0.000      0.000    5232
        505  4.20833333333   12.59336   328.06089                 0.000      0.000    5232
        506  4.21666666667   12.82118   328.06362                 0.000      0.000    5232
        507  4.22500000000   13.04915   328.06534                 0.000      0.000    5232
        508  4.23333333333   13.27728   328.06604                 0.000      0.000    5232
        509  4.24166666667   13.50557   328.06573                 0.000      0.000    5232
        510  4.25000000000   13.73400   328.06439                 0.000      0.000    5232
        511  4.25833333333   13.96260   328.06201                 0.000      0.000    5232
        512  4.26666666667   14.19134   328.05860                 0.000      0.000    5232
        513  4.27500000000   14.42023   328.05414                 0.000      0.000    5232
        514  4.28333333333   14.64928   328.04863                 0.000      0.000    5232
        515  4.29166666667   14.87847   328.04207                 0.000      0.000    5232
        516  4.30000000000   15.10781   328.03443                 0.000      0.000    5232
        517  4.30833333333   15.33730   328.02573                 0.000      0.000    5232
        518  4.31666666667   15.56693   328.01595                 0.000      0.000    5232
        519  4.32500000000   15.79671   328.00508                 0.000      0.000    5232
        520  4.33333333333   16.02663   327.99311                 0.000      0.000    5232
        521  4.34166666667   16.25670   327.98005                 0.000      0.000    5232
        522  4.35000000000   16.48691   327.96588                 0.000      0.000    5232
        523  4.35833333333   16.71726   327.95059                 0.000      0.000    5232
        524  4.36666666667   16.94775   327.93418                 0.000      0.000    5232
        525  4.37500000000   17.17838   327.91663                 0.000      0.000    5232
        526  4.38333333333   17.40915   327.89795                 0.000      0.000    5232
        527  4.39166666667   17.64006   327.87812                 0.000      0.000    5232
        528  4.40000000000   17.87110   327.85713                 0.000      0.000    5232
        529  4.40833333333   18.10228   327.83497                 0.000      0.000    5232
        530  4.41666666667   18.33359   327.81165                 0.000      0.000    5232
        531  4.42500000000   18.56503   327.78714                 0.000      0.000    5232
        532  4.43333333333   18.79660   327.76144                 0.000      0.000    5232
        533  4.44166666667   19.02830   327.73454                 0.000      0.000    5232
        534  4.45000000000   19.26013   327.70643                 0.000      0.000    5232
        535  4.45833333333   19.49209   327.67710                 0.000      0.000    5232
        536  4.46666666667   19.72417   327.64654                 0.000      0.000    5232
        537  4.47500000000   19.95637   327.61475                 0.000      0.000    5232
        538  4.48333333333   20.18870   327.58170                 0.000      0.000    5232
        539  4.49166666667   20.42115   327.54740                 0.000      0.000    5232
        540  4.50000000000   20.65371   327.51183                 0.000      0.000    5232
        541  4.50833333333   20.86600   327.47381                 0.000      0.000    5232
        542  4.51666666667   21.09856   327.43517                 0.000      0.000    5232
        543  4.52500000000   21.33109   327.39523                 0.000      0.000    5232
        544  4.53333333333   21.56360   327.35397                 0.000      0.000    5232
        545  4.54166666667   21.79606   327.31139                 0.000      0.000    5232
        546  4.55000000000   22.02850   327.26746                 0.000      0.000    5232
        547  4.55833333333   22.26089   327.22219                 0.000      0.000    5232
        548  4.56666666667   22.49324   327.17556                 0.000      0.000    5232
        549  4.57500000000   22.72555   327.12755                 0.000      0.000    5232
        550  4.58333333333   22.95780   327.07816                 0.000      0.000    5232
        551  4.59166666667   23.19000   327.02738                 0.000      0.000    5232
        552  4.60000000000   23.42214   326.97519                 0.000      0.000    5232
        553  4.60833333333   23.65423   326.92158                 0.000      0.000    5232
        554  4.61666666667   23.88624   326.86654                 0.000      0.000    5232
        555  4.62500000000   24.11819   326.81005                 0.000      0.000    5232
        556  4.63333333333   24.35007   326.75210                 0.000      0.000    5232
        557  4.64166666667   24.58187   326.69269                 0.000      0.000    5232
        558  4.65000000000   24.81359   326.63180                 0.000      0.000    5232
        559  4.65833333333   25.04523   326.56940                 0.000      0.000    5232
        560  4.66666666667   25.27678   326.50550                 0.000      0.000    5232
        561  4.67500000000   25.50823   326.44008                 0.000      0.000    5232
        562  4.68333333333   25.73959   326.37312                 0.000      0.000    5232
        563  4.69166666667   25.97085   326.30460                 0.000      0.000    5232
        564  4.70000000000   26.20200   326.23453                 0.000      0.000    5232
        565  4.70833333333   26.43304   326.16287                 0.000      0.000    5232
        566  4.71666666667   26.66396   326.08962                 0.000      0.000    5232
        567  4.72500000000   26.89476   326.01476                 0.000      0.000    5232
        568  4.73333333333   27.12544   325.93828                 0.000      0.000    5232
        569  4.74166666667   27.35599   325.86015                 0.000      0.000    5232
        570  4.75000000000   27.58640   325.78038                 0.000      0.000    5232
        571  4.75833333333   27.81668   325.69893                 0.000      0.000    5232
        572  4.76666666667   28.04680   325.61580                 0.000      0.000    5232
        573  4.77500000000   28.27678   325.53096                 0.000      0.000    5232
        574  4.78333333333   28.50659   325.44441                 0.000      0.000    5232
        575  4.79166666667   28.73625   325.35612                 0.000      0.000    5232
        576  4.80000000000   28.96573   325.26608                 0.000      0.000    5232
        577  4.80833333333   29.19504   325.17428                 0.000      0.000    5232
        578  4.81666666667   29.42417   325.08068                 0.000      0.000    5232
        579  4.82500000000   29.65311   324.98529                 0.000      0.000    5232
        580  4.83333333333   29.88186   324.88807                 0.000      0.000    5232
        581  4.84166666667   30.11041   324.78902                 0.000      0.000    5232
        582  4.85000000000   30.33875   324.68811                 0.000      0.000    5232
        583  4.85833333333   30.56688   324.58533                 0.000      0.000    5232
        584  4.86666666667   30.79478   324.48065                 0.000      0.000    5232
        585  4.87500000000   31.02246   324.37406                 0.000      0.000    5232
        586  4.88333333333   31.24990   324.26554                 0.000      0.000    5232
        587  4.89166666667   31.47710   324.15508                 0.000      0.000    5232
        588  4.90000000000   31.70405   324.04264                 0.000      0.000    5232
        589  4.90833333333   31.93075   323.92821                 0.000      0.000    5232
        590  4.91666666667   32.15717   323.81178                 0.000      0.000    5232
        591  4.92500000000   32.38332   323.69332                 0.000      0.000    5232
        592  4.93333333333   32.60919   323.57280                 0.000      0.000    5232
        593  4.94166666667   32.83477   323.45022                 0.000      0.000    5232
        594  4.95000000000   33.06005   323.32555                 0.000      0.000    5232
        595  4.95833333333   33.28501   323.19877                 0.000      0.000    5232
        596  4.96666666667   33.50966   323.06985                 0.000      0.000    5232
        597  4.97500000000   33.73399   322.93879                 0.000      0.000    5232
        598  4.98333333333   33.95797   322.80554                 0.000      0.000    5232
        599  4.99166666667   34.18161   322.67010                 0.000      0.000    5232
        600  5.00000000000   34.40489   322.53244                 0.000      0.000    5232
        601  5.00833333333   34.60801   322.40949                 0.000      0.000    5232
        602  5.01666666667   34.83014   322.26709                 0.000      0.000    5232
        603  5.02500000000   35.05175   322.12251                 0.000      0.000    5232
        604  5.03333333333   35.27283   321.97575                 0.000      0.000    5232
        605  5.04166666667   35.49336   321.82678                 0.000      0.000    5232
        606  5.05000000000   35.71334   321.67557                 0.000      0.000    5232
        607  5.05833333333   35.93275   321.52211                 0.000      0.000    5232
        608  5.06666666667   36.15159   321.36638                 0.000      0.000    5232
        609  5.07500000000   36.36985   321.20835                 0.000      0.000    5232
        610  5.08333333333   36.58750   321.04800                 0.000      0.000    5232
        611  5.09166666667   36.80454   320.88530                 0.000      0.000    5232
        612  5.10000000000   37.02096   320.72025                 0.000      0.000    5232
        613  5.10833333333   37.23674   320.55280                 0.000      0.000    5232
        614  5.11666666667   37.45187   320.38295                 0.000      0.000    5232
        615  5.12500000000   37.66635   320.21066                 0.000      0.000    5232
        616  5.13333333333   37.88014   320.03592                 0.000      0.000    5232
        617  5.14166666667   38.09326   319.85870                 0.000      0.000    5232
        618  5.15000000000   38.30566   319.67898                 0.000      0.000    5232
        619  5.15833333333   38.51736   319.49674                 0.000      0.000    5232
        620  5.16666666667   38.72832   319.31195                 0.000      0.000    5232
        621  5.17500000000   38.93854   319.12458                 0.000      0.000    5232
        622  5.18333333333   39.14800   318.93462                 0.000      0.000    5232
        623  5.19166666667   39.35669   318.74205                 0.000      0.000    5232
        624  5.20000000000   39.56459   318.54683                 0.000      0.000    5232
        625  5.20833333333   39.77169   318.34894                 0.000      0.000    5232
        626  5.21666666667   39.97797   318.14837                 0.000      0.000    5232
        627  5.22500000000   40.18341   317.94509                 0.000      0.000    5232
        628  5.23333333333   40.38801   317.73906                 0.000      0.000    5232
        629  5.24166666667   40.59173   317.53028                 0.000      0.000    5232
        630  5.25000000000   40.79457   317.31872                 0.000      0.000    5232
        631  5.25833333333   40.99651   317.10435                 0.000      0.000    5232
        632  5.26666666667   41.19753   316.88714                 0.000      0.000    5232
        633  5.27500000000   41.39761   316.66709                 0.000      0.000    5232
        634  5.28333333333   41.59674   316.44415                 0.000      0.000    5232
        635  5.29166666667   41.79490   316.21832                 0.000      0.000    5232
        636  5.30000000000   41.99206   315.98956                 0.000      0.000    5232
        637  5.30833333333   42.18822   315.75786                 0.000      0.000    5232
        638  5.31666666667   42.38335   315.52319                 0.000      0.000    5232
        639  5.32500000000   42.57743   315.28552                 0.000      0.000    5232
        640  5.33333333333   42.77044   315.04484                 0.000      0.000    5232
        641  5.34166666667   42.96236   314.80113                 0.000      0.000    5232
        642  5.35000000000   43.15318   314.55436                 0.000      0.000    5232
        643  5.35833333333   43.34287   314.30450                 0.000      0.000    5232
        644  5.36666666667   43.53141   314.05155                 0.000      0.000    5232
        645  5.37500000000   43.71878   313.79547                 0.000      0.000    5232
        646  5.38333333333   43.90496   313.53625                 0.000      0.000    5232
        647  5.39166666667   44.08992   313.27387                 0.000      0.000    5232
        648  5.40000000000   44.27365   313.00831                 0.000      0.000    5232
        649  5.40833333333   44.45612   312.73954                 0.000      0.000    5232
        650  5.41666666667   44.63731   312.46756                 0.000      0.000    5232
        651  5.42500000000   44.81720   312.19233                 0.000      0.000    5232
        652  5.43333333333   44.99575   311.91385                 0.000      0.000    5232
        653  5.44166666667   45.17296   311.63210                 0.000      0.000    5232
        654  5.45000000000   45.34880   311.34705                 0.000      0.000    5232
        655  5.45833333333   45.52324   311.05870                 0.000      0.000    5232
        656  5.46666666667   45.69625   310.76702                 0.000      0.000    5232
        657  5.47500000000   45.86782   310.47201                 0.000      0.000    5232
        658  5.48333333333   46.03791   310.17364                 0.000      0.000    5232
        659  5.49166666667   46.20651   309.87192                 0.000      0.000    5232
        660  5.50000000000   46.37358   309.56682                 0.000      0.000    5232
        661  5.50833333333   46.53415   309.29404                 0.000      0.000    5232
        662  5.51666666667   46.69773   308.98229                 0.000      0.000    5232
        663  5.52500000000   46.85969   308.66739                 0.000      0.000    5232
        664  5.53333333333   47.01999   308.34932                 0.000      0.000    5232
        665  5.54166666667   47.17861   308.02807                 0.000      0.000    5232
        666  5.55000000000   47.33553   307.70364                 0.000      0.000    5232
        667  5.55833333333   47.49073   307.37603                 0.000      0.000    5232
        668  5.56666666667   47.64419   307.04523                 0.000      0.000    5232
        669  5.57500000000   47.79586   306.71124                 0.000      0.000    5232
        670  5.58333333333   47.94575   306.37405                 0.000      0.000    5232
        671  5.59166666667   48.09381   306.03367                 0.000      0.000    5232
        672  5.60000000000   48.24002   305.69011                 0.000      0.000    5232
        673  5.60833333333   48.38436   305.34335                 0.000      0.000    5232
        674  5.61666666667   48.52680   304.99341                 0.000      0.000    5232
        675  5.62500000000   48.66732   304.64029                 0.000      0.000    5232
        676  5.63333333333   48.80589   304.28399                 0.000      0.000    5232
        677  5.64166666667   48.94249   303.92452                 0.000      0.000    5232
        678  5.65000000000   49.07709   303.56190                 0.000      0.000    5232
        679  5.65833333333   49.20967   303.19613                 0.000      0.000    5232
        680  5.66666666667   49.34019   302.82723                 0.000      0.000    5232
        681  5.67500000000   49.46865   302.45520                 0.000      0.000    5232
        682  5.68333333333   49.59499   302.08007                 0.000      0.000    5232
        683  5.69166666667   49.71922   301.70184                 0.000      0.000    5232
        684  5.70000000000   49.84129   301.32054                 0.000      0.000    5232
        685  5.70833333333   49.96118   300.93619                 0.000      0.000    5232
        686  5.71666666667   50.07887   300.54881                 0.000      0.000    5232
        687  5.72500000000   50.19433   300.15842                 0.000      0.000    5232
        688  5.73333333333   50.30753   299.76504                 0.000      0.000    5232
        689  5.74166666667   50.41845   299.36871                 0.000      0.000    5232
        690  5.75000000000   50.52707   298.96945                 0.000      0.000    5232
        691  5.75833333333   50.63336   298.56729                 0.000      0.000    5232
        692  5.76666666667   50.73730   298.16226                 0.000      0.000    5232
        693  5.77500000000   50.83885   297.75440                 0.000      0.000    5232
        694  5.78333333333   50.93800   297.34375                 0.000      0.000    5232
        695  5.79166666667   51.03472   296.93033                 0.000      0.000    5232
        696  5.80000000000   51.12898   296.51419                 0.000      0.000    5232
        697  5.80833333333   51.22077   296.09538                 0.000      0.000    5232
        698  5.81666666667   51.31006   295.67393                 0.000      0.000    5232
        699  5.82500000000   51.39682   295.24988                 0.000      0.000    5232
        700  5.83333333333   51.48104   294.82329                 0.000      0.000    5232
        701  5.84166666667   51.56269   294.39421                 0.000      0.000    5232
        702  5.85000000000   51.64174   293.96269                 0.000      0.000    5232
        703  5.85833333333   51.71818   293.52877                 0.000      0.000    5232
        704  5.86666666667   51.79198   293.09251                 0.000      0.000    5232
        705  5.87500000000   51.86313   292.65397                 0.000      0.000    5232
        706  5.88333333333   51.93160   292.21321                 0.000      0.000    5232
        707  5.89166666667   51.99737   291.77029                 0.000      0.000    5232
        708  5.90000000000   52.06042   291.32526                 0.000      0.000    5232
        709  5.90833333333   52.12074   290.87820                 0.000      0.000    5232
        710  5.91666666667   52.17830   290.42916                 0.000      0.000    5232
        711  5.92500000000   52.23308   289.97822                 0.000      0.000    5232
        712  5.93333333333   52.28508   289.52544                 0.000      0.000    5232
        713  5.94166666667   52.33426   289.07089                 0.000      0.000    5232
        714  5.95000000000   52.38062   288.61464                 0.000      0.000    5232
        715  5.95833333333   52.42414   288.15678                 0.000      0.000    5232
        716  5.96666666667   52.46480   287.69736                 0.000      0.000    5232
        717  5.97500000000   52.50259   287.23648                 0.000      0.000    5232
        718  5.98333333333   52.53749   286.77420                 0.000      0.000    5232
        719  5.99166666667   52.56950   286.31060                 0.000      0.000    5232
        720  6.00000000000   52.59860   285.84577                 0.000      0.000    5232
        721  6.00833333333   52.64461   285.40823                 0.000      0.000    5232
        722  6.01666666667   52.66768   284.94129                 0.000      0.000    5232
        723  6.02500000000   52.68794   284.47355                 0.000      0.000    5232
        724  6.03333333333   52.70539   284.00507                 0.000      0.000    5232
        725  6.04166666667   52.72002   283.53593                 0.000      0.000    5232
        726  6.05000000000   52.73182   283.06622                 0.000      0.000    5232
        727  6.05833333333   52.74080   282.59600                 0.000      0.000    5232
        728  6.06666666667   52.74694   282.12536                 0.000      0.000    5232
        729  6.07500000000   52.75024   281.65436                 0.000      0.000    5232
        730  6.08333333333   52.75070   281.18310                 0.000      0.000    5232
        731  6.09166666667   52.74832   280.71166                 0.000      0.000    5232
        732  6.10000000000   52.74310   280.24009                 0.000      0.000    5232
        733  6.10833333333   52.73502   279.76850                 0.000      0.000    5232
        734  6.11666666667   52.72410   279.29695                 0.000      0.000    5232
        735  6.12500000000   52.71034   278.82553                 0.000      0.000    5232
        736  6.13333333333   52.69372   278.35432                 0.000      0.000    5232
        737  6.14166666667   52.67427   277.88338                 0.000      0.000    5232
        738  6.15000000000   52.65198   277.41281                 0.000      0.000    5232
        739  6.15833333333   52.62684   276.94268                 0.000      0.000    5232
        740  6.16666666667   52.59888   276.47307                 0.000      0.000    5232
        741  6.17500000000   52.56808   276.00405                 0.000      0.000    5232
        742  6.18333333333   52.53446   275.53570                 0.000      0.000    5232
        743  6.19166666667   52.49803   275.06810                 0.000      0.000    5232
        744  6.20000000000   52.45878   274.60132                 0.000      0.000    5232
        745  6.20833333333   52.41673   274.13543                 0.000      0.000    5232
        746  6.21666666667   52.37188   273.67052                 0.000      0.000    5232
        747  6.22500000000   52.32425   273.20665                 0.000      0.000    5232
        748  6.23333333333   52.27384   272.74390                 0.000      0.000    5232
        749  6.24166666667   52.22067   272.28233                 0.000      0.000    5232
        750  6.25000000000   52.16473   271.82202                 0.000      0.000    5232
        751  6.25833333333   52.10606   271.36304                 0.000      0.000    5232
        752  6.26666666667   52.04465   270.90544                 0.000      0.000    5232
        753  6.27500000000   51.98052   270.44931                 0.000      0.000    5232
        754  6.28333333333   51.91368   269.99470                 0.000      0.000    5232
        755  6.29166666667   51.84415   269.54168                 0.000      0.000    5232
        756  6.30000000000   51.77194   269.09032                 0.000      0.000    5232
        757  6.30833333333   51.69706   268.64066                 0.000      0.000    5232
        758  6.31666666667   51.61954   268.19278                 0.000      0.000    5232
        759  6.32500000000   51.53938   267.74673                 0.000      0.000    5232
        760  6.33333333333   51.45661   267.30256                 0.000      0.000    5232
        761  6.34166666667   51.37123   266.86034                 0.000      0.000    5232
        762  6.35000000000   51.28328   266.42012                 0.000      0.000    5232
        763  6.35833333333   51.19275   265.98194                 0.000      0.000    5232
        764  6.36666666667   51.09969   265.54587                 0.000      0.000    5232
        765  6.37500000000   51.00409   265.11194                 0.000      0.000    5232
        766  6.38333333333   50.90599   264.68022                 0.000      0.000    5232
        767  6.39166666667   50.80540   264.25074                 0.000      0.000    5232
        768  6.40000000000   50.70234   263.82354                 0.000      0.000    5232
        769  6.40833333333   50.59684   263.39868                 0.000      0.000    5232
        770  6.41666666667   50.48890   262.97619                 0.000      0.000    5232
        771  6.42500000000   50.37856   262.55611                 0.000      0.000    5232
        772  6.43333333333   50.26584   262.13849                 0.000      0.000    5232
        773  6.44166666667   50.15075   261.72334                 0.000      0.000    5232
        774  6.45000000000   50.03332   261.31073                 0.000      0.000    5232
        775  6.45833333333   49.91357   260.90066                 0.000      0.000    5232
        776  6.46666666667   49.79153   260.49318                 0.000      0.000    5232
        777  6.47500000000   49.66721   260.08832                 0.000      0.000    5232
        778  6.48333333333   49.54064   259.68610                 0.000      0.000    5232
        779  6.49166666667   49.41184   259.28656                 0.000      0.000    5232
        780  6.50000000000   49.28084   258.88971                 0.000      0.000    5232
        781  6.50833333333   49.17983   258.48191                 0.000      0.000    5232
        782  6.51666666667   49.04440   258.09051                 0.000      0.000    5232
        783  6.52500000000   48.90704   257.70176                 0.000      0.000    5232
        784  6.53333333333   48.76779   257.31569                 0.000      0.000    5232
        785  6.54166666667   48.62667   256.93231                 0.000      0.000    5232
        786  6.55000000000   48.48368   256.55162                 0.000      0.000    5232
        787  6.55833333333   48.33887   256.17364                 0.000      0.000    5232
        788  6.56666666667   48.19224   255.79836                 0.000      0.000    5232
        789  6.57500000000   48.04382   255.42581                 0.000      0.000    5232
        790  6.58333333333   47.89363   255.05597                 0.000      0.000    5232
        791  6.59166666667   47.74170   254.68887                 0.000      0.000    5232
        792  6.60000000000   47.58804   254.32449                 0.000      0.000    5232
        793  6.60833333333   47.43267   253.96284                 0.000      0.000    5232
        794  6.61666666667   47.27563   253.60393                 0.000      0.000    5232
        795  6.62500000000   47.11692   253.24776                 0.000      0.000    5232
        796  6.63333333333   46.95657   252.89431                 0.000      0.000    5232
        797  6.64166666667   46.79461   252.54360                 0.000      0.000    5232
        798  6.65000000000   46.63105   252.19562                 0.000      0.000    5232
        799  6.65833333333   46.46591   251.85037                 0.000      0.000    5232
        800  6.66666666667   46.29922   251.50784                 0.000      0.000    5232
        801  6.67500000000   46.13099   251.16803                 0.000      0.000    5232
        802  6.68333333333   45.96125   250.83093                 0.000      0.000    5232
        803  6.69166666667   45.79002   250.49655                 0.000      0.000    5232
        804  6.70000000000   45.61732   250.16486                 0.000      0.000    5232
        805  6.70833333333   45.44318   249.83587                 0.000      0.000    5232
        806  6.71666666667   45.26760   249.50956                 0.000      0.000    5232
        807  6.72500000000   45.09061   249.18594                 0.000      0.000    5232
        808  6.73333333333   44.91223   248.86498                 0.000      0.000    5232
        809  6.74166666667   44.73249   248.54668                 0.000      0.000    5232
        810  6.75000000000   44.55140   248.23104                 0.000      0.000    5232
        811  6.75833333333   44.36898   247.91803                 0.000      0.000    5232
        812  6.76666666667   44.18525   247.60765                 0.000      0.000    5232
        813  6.77500000000   44.00024   247.29988                 0.000      0.000    5232
        814  6.78333333333   43.81396   246.99473                 0.000      0.000    5232
        815  6.79166666667   43.62643   246.69216                 0.000      0.000    5232
        816  6.80000000000   43.43767   246.39217                 0.000      0.000    5232
        817  6.80833333333   43.24770   246.09475                 0.000      0.000    5232
        818  6.81666666667   43.05653   245.79988                 0.000      0.000    5232
        819  6.82500000000   42.86420   245.50755                 0.000      0.000    5232
        820  6.83333333333   42.67072   245.21774                 0.000      0.000    5232
        821  6.84166666667   42.47610   244.93044                 0.000      0.000    5232
        822  6.85000000000   42.28036   244.64564                 0.000      0.000    5232
        823  6.85833333333   42.08353   244.36332                 0.000      0.000    5232
        824  6.86666666667   41.88562   244.08346                 0.000      0.000    5232
        825  6.87500000000   41.68664   243.80605                 0.000      0.000    5232
        826  6.88333333333   41.48663   243.53108                 0.000      0.000    5232
        827  6.89166666667   41.28559   243.25852                 0.000      0.000    5232
        828  6.90000000000   41.08354   242.98836                 0.000      0.000    5232
        829  6.90833333333   40.88050   242.72059                 0.000      0.000    5232
        830  6.91666666667   40.67649   242.45519                 0.000      0.000    5232
        831  6.92500000000   40.47152   242.19213                 0.000      0.000    5232
        832  6.93333333333   40.26561   241.93141                 0.000      0.000    5232
        833  6.94166666667   40.05879   241.67301                 0.000      0.000    5232
        834  6.95000000000   39.85105   241.41691                 0.000      0.000    5232
        835  6.95833333333   39.64243   241.16309                 0.000      0.000    5232
        836  6.96666666667   39.43294   240.91154                 0.000      0.000    5232
        837  6.97500000000   39.22259   240.66224                 0.000      0.000    5232
        838  6.98333333333   39.01140   240.41517                 0.000      0.000    5232
        839  6.99166666667   38.79939   240.17031                 0.000      0.000    5232
        840  7.00000000000   38.58657   239.92765                 0.000      0.000    5232
        841  7.00833333333   38.40148   239.64869                 0.000      0.000    5232
        842  7.01666666667   38.18706   239.41025                 0.000      0.000    5232
        843  7.02500000000   37.97207   239.17370                 0.000      0.000    5232
        844  7.03333333333   37.75651   238.93901                 0.000      0.000    5232
        845  7.04166666667   37.54039   238.70616                 0.000      0.000    5232
        846  7.05000000000   37.32373   238.47515                 0.000      0.000    5232
        847  7.05833333333   37.10655   238.24595                 0.000      0.000    5232
        848  7.06666666667   36.88884   238.01854                 0.000      0.000    5232
        849  7.07500000000   36.67062   237.79291                 0.000      0.000    5232
        850  7.08333333333   36.45191   237.56904                 0.000      0.000    5232
        851  7.09166666667   36.23271   237.34691                 0.000      0.000    5232
        852  7.10000000000   36.01303   237.12651                 0.000      0.000    5232
        853  7.10833333333   35.79288   236.90781                 0.000      0.000    5232
        854  7.11666666667   35.57228   236.69081                 0.000      0.000    5232
        855  7.12500000000   35.35123   236.47547                 0.000      0.000    5232
        856  7.13333333333   35.12975   236.26180                 0.000      0.000    5232
        857  7.14166666667   34.90785   236.04977                 0.000      0.000    5232
        858  7.15000000000   34.68552   235.83936                 0.000      0.000    5232
        859  7.15833333333   34.46280   235.63056                 0.000      0.000    5232
        860  7.16666666667   34.23967   235.42335                 0.000      0.000    5232
        861  7.17500000000   34.01616   235.21772                 0.000      0.000    5232
        862  7.18333333333   33.79228   235.01365                 0.000      0.000    5232
        863  7.19166666667   33.56802   234.81113                 0.000      0.000    5232
        864  7.20000000000   33.34341   234.61013                 0.000      0.000    5232
        865  7.20833333333   33.11845   234.41065                 0.000      0.000    5232
        866  7.21666666667   32.89314   234.21267                 0.000      0.000    5232
        867  7.22500000000   32.66751   234.01617                 0.000      0.000    5232
        868  7.23333333333   32.44156   233.82113                 0.000      0.000    5232
        869  7.24166666667   32.21529   233.62756                 0.000      0.000    5232
        870  7.25000000000   31.98871   233.43541                 0.000      0.000    5232
        871  7.25833333333   31.76184   233.24470                 0.000      0.000    5232
        872  7.26666666667   31.53468   233.05539                 0.000      0.000    5232
        873  7.27500000000   31.30724   232.86748                 0.000      0.000    5232
        874  7.28333333333   31.07953   232.68095                 0.000      0.000    5232
        875  7.29166666667   30.85155   232.49578                 0.000      0.000    5232
        876  7.30000000000   30.62332   232.31197                 0.000      0.000    5232
        877  7.30833333333   30.39484   232.12950                 0.000      0.000    5232
        878  7.31666666667   30.16612   231.94835                 0.000      0.000    5232
        879  7.32500000000   29.93717   231.76852                 0.000      0.000    5232
        880  7.33333333333   29.70799   231.58998                 0.000      0.000    5232
        881  7.34166666667   29.47859   231.41273                 0.000      0.000    5232
        882  7.35000000000   29.24899   231.23675                 0.000      0.000    5232
        883  7.35833333333   29.01918   231.06203                 0.000      0.000    5232
        884  7.36666666667   28.78917   230.88855                 0.000      0.000    5232
        885  7.37500000000   28.55898   230.71631                 0.000      0.000    5232
        886  7.38333333333   28.32860   230.54529                 0.000      0.000    5232
        887  7.39166666667   28.09805   230.37548                 0.000      0.000    5232
        888  7.40000000000   27.86733   230.20686                 0.000      0.000    5232
        889  7.40833333333   27.63645   230.03943                 0.000      0.000    5232
        890  7.41666666667   27.40542   229.87317                 0.000      0.000    5232
        891  7.42500000000   27.17423   229.70807                 0.000      0.000    5232
        892  7.43333333333   26.94291   229.54411                 0.000      0.000    5232
        893  7.44166666667   26.71145   229.38129                 0.000      0.000    5232
        894  7.45000000000   26.47986   229.21960                 0.000      0.000    5232
        895  7.45833333333   26.24814   229.05902                 0.000      0.000    5232
        896  7.46666666667   26.01632   228.89954                 0.000      0.000    5232
        897  7.47500000000   25.78437   228.74115                 0.000      0.000    5232
        898  7.48333333333   25.55233   228.58384                 0.000      0.000    5232
        899  7.49166666667   25.32019   228.42760                 0.000      0.000    5232
        900  7.50000000000   25.08795   228.27241                 0.000      0.000    5232
        901  7.50833333333   24.87940   228.07671                 0.000      0.000    5232
        902  7.51666666667   24.64704   227.92329                 0.000      0.000    5232
        903  7.52500000000   24.41476   227.77062                 0.000      0.000    5232
        904  7.53333333333   24.18256   227.61868                 0.000      0.000    5232
        905  7.54166666667   23.95044   227.46748                 0.000      0.000    5232
        906  7.55000000000   23.71841   227.31700                 0.000      0.000    5232
        907  7.55833333333   23.48647   227.16723                 0.000      0.000    5232
        908  7.56666666667   23.25463   227.01816                 0.000      0.000    5232
        909  7.57500000000   23.02289   226.86980                 0.000      0.000    5232
        910  7.58333333333   22.79125   226.72211                 0.000      0.000    5232
        911  7.59166666667   22.55971   226.57511                 0.000      0.000    5232
        912  7.60000000000   22.32828   226.42878                 0.000      0.000    5232
        913  7.60833333333   22.09697   226.28311                 0.000      0.000    5232
        914  7.61666666667   21.86577   226.13810                 0.000      0.000    5232
        915  7.62500000000   21.63468   225.99373                 0.000      0.000    5232
        916  7.63333333333   21.40372   225.85000                 0.000      0.000    5232
        917  7.64166666667   21.17288   225.70691                 0.000      0.000    5232
        918  7.65000000000   20.94217   225.56443                 0.000      0.000    5232
        919  7.65833333333   20.71159   225.42258                 0.000      0.000    5232
        920  7.66666666667   20.48114   225.28133                 0.000      0.000    5232
        921  7.67500000000   20.25083   225.14068                 0.000      0.000    5232
        922  7.68333333333   20.02065   225.00063                 0.000      0.000    5232
        923  7.69166666667   19.79062   224.86116                 0.000      0.000    5232
        924  7.70000000000   19.56073   224.72228                 0.000      0.000    5232
        925  7.70833333333   19.33099   224.58396                 0.000      0.000    5232
        926  7.71666666667   19.10139   224.44621                 0.000      0.000    5232
        927  7.72500000000   18.87195   224.30902                 0.000      0.000    5232
        928  7.73333333333   18.64266   224.17238                 0.000      0.000    5232
        929  7.74166666667   18.41352   224.03629                 0.000      0.000    5232
        930  7.75000000000   18.18455   223.90073                 0.000      0.000    5232
        931  7.75833333333   17.95574   223.76570                 0.000      0.000    5232
        932  7.76666666667   17.72709   223.63120                 0.000      0.000    5232
        933  7.77500000000   17.49860   223.49722                 0.000      0.000    5232
        934  7.78333333333   17.27028   223.36375                 0.000      0.000    5232
        935  7.79166666667   17.04214   223.23079                 0.000      0.000    5232
        936  7.80000000000   16.81416   223.09832                 0.000      0.000    5232
        937  7.80833333333   16.58636   222.96635                 0.000      0.000    5232
        938  7.81666666667   16.35874   222.83486                 0.000      0.000    5232
        939  7.82500000000   16.13129   222.70386                 0.000      0.000    5232
        940  7.83333333333   15.90403   222.57333                 0.000      0.000    5232
        941  7.84166666667   15.67695   222.44327                 0.000      0.000    5232
        942  7.85000000000   15.45005   222.31367                 0.000      0.000    5232
        943  7.85833333333   15.22333   222.18453                 0.000      0.000    5232
        944  7.86666666667   14.99681   222.05584                 0.000      0.000    5232
        945  7.87500000000   14.77047   221.92760                 0.000      0.000    5232
        946  7.88333333333   14.54433   221.79980                 0.000      0.000    5232
        947  7.89166666667   14.31838   221.67243                 0.000      0.000    5232
        948  7.90000000000   14.09262   221.54548                 0.000      0.000    5232
        949  7.90833333333   13.86706   221.41897                 0.000      0.000    5232
        950  7.91666666667   13.64170   221.29287                 0.000      0.000    5232
        951  7.92500000000   13.41654   221.16718                 0.000      0.000    5232
        952  7.93333333333   13.19158   221.04190                 0.000      0.000    5232
        953  7.94166666667   12.96682   220.91702                 0.000      0.000    5232
        954  7.95000000000   12.74226   220.79253                 0.000      0.000    5232
        955  7.95833333333   12.51791   220.66844                 0.000      0.000    5232
        956  7.96666666667   12.29377   220.54473                 0.000      0.000    5232
        957  7.97500000000   12.06983   220.42141                 0.000      0.000    5232
        958  7.98333333333   11.84611   220.29846                 0.000      0.000    5232
        959  7.99166666667   11.62259   220.17588                 0.000      0.000    5232
        960  8.00000000000   11.39929   220.05366                 0.000      0.000    5232
       1560 13.00000000000    3.39972   115.62913               291.227      0.000      32
       1561 13.00833333333    3.58922   115.46834               291.227      0.000      32
       1562 13.01666666667    3.77874   115.30718               291.227      0.000      32
       1563 13.02500000000    3.96828   115.14563               291.227      0.000      32
       1564 13.03333333333    4.15784   114.98369               291.227      0.000      32
       1565 13.04166666667    4.34742   114.82136               291.227      0.000      32
       1566 13.05000000000    4.53701   114.65864               291.227      0.000      32
       1567 13.05833333333    4.72662   114.49552               291.227      0.000      32
       1568 13.06666666667    4.91623   114.33199               291.227      0.000      32
       1569 13.07500000000    5.10585   114.16806               291.227      0.000      32
       1570 13.08333333333    5.29547   114.00371               291.227      0.000      32
       1571 13.09166666667    5.48509   113.83896               291.227      0.000      32
       1572 13.10000000000    5.67471   113.67378               291.227      0.000      32
       1573 13.10833333333    5.86432   113.50818               291.227      0.000      32
       1574 13.11666666667    6.05393   113.34216               291.227      0.000      32
       1575 13.12500000000    6.24353   113.17570               291.227      0.000      32
       1576 13.13333333333    6.43311   113.00882               291.227      0.000      32
       1577 13.14166666667    6.62268   112.84149               291.227      0.000      32
       1578 13.15000000000    6.81222   112.67373               291.227      0.000      32
       1579 13.15833333333    7.00175   112.50551               291.227      0.000      32
       1580 13.16666666667    7.19124   112.33685               291.227      0.000      32
       1581 13.17500000000    7.38071   112.16774               291.227      0.000      32
       1582 13.18333333333    7.57015   111.99817               291.227      0.000      32
       1583 13.19166666667    7.75955   111.82814               291.227      0.000      32
       1584 13.20000000000    7.94892   111.65764               291.227      0.000      32
       1585 13.20833333333    8.13824   111.48667               291.227      0.000      32
       1586 13.21666666667    8.32752   111.31523               291.227      0.000      32
       1587 13.22500000000    8.51675   111.14332               291.227      0.000      32
       1588 13.23333333333    8.70593   110.97092               291.227      0.000      32
       1589 13.24166666667    8.89505   110.79803               291.227      0.000      32
       1590 13.25000000000    9.08412   110.62466               291.227      0.000      32
       1591 13.25833333333    9.27312   110.45079               291.227      0.000      32
       1592 13.26666666667    9.46206   110.27642               291.227      0.000      32
       1593 13.27500000000    9.65093   110.10156               291.227      0.000      32
       1594 13.28333333333    9.83973   109.92618               291.227      0.000      32
       1595 13.29166666667   10.02846   109.75030               291.227      0.000      32
       1596 13.30000000000   10.21710   109.57390               291.227      0.000      32
       1597 13.30833333333   10.40567   109.39698               291.227      0.000      32
       1598 13.31666666667   10.59415   109.21954               291.227      0.000      32
       1599 13.32500000000   10.78253   109.04157               291.227      0.000      32
       1600 13.33333333333   10.97083   108.86307               291.227      0.000      32
       1601 13.34166666667   11.15903   108.68404               291.227      0.000      32
       1602 13.35000000000   11.34712   108.50446               291.227      0.000      32
       1603 13.35833333333   11.53512   108.32434               291.227      0.000      32
       1604 13.36666666667   11.72300   108.14367               291.227      0.000      32
       1605 13.37500000000   11.91077   107.96245               291.227      0.000      32
       1606 13.38333333333   12.09843   107.78066               291.227      0.000      32
       1607 13.39166666667   12.28596   107.59832               291.227      0.000      32
       1608 13.40000000000   12.47337   107.41541               291.227      0.000      32
       1609 13.40833333333   12.66066   107.23193               291.227      0.000      32
       1610 13.41666666667   12.84781   107.04787               291.227      0.000      32
       1611 13.42500000000   13.03482   106.86324               291.227      0.000      32
       1612 13.43333333333   13.22170   106.67802              2742.824      0.000      32
       1613 13.44166666667   13.40843   106.49221             -7591.065      0.000      32
       1614 13.45000000000   13.59501   106.30580              1772.976      0.000      32
       1615 13.45833333333   13.78144   106.11880             -7495.701      0.000      32
       1616 13.46666666667   13.96771   105.93120              2949.674      0.000      32
       1617 13.47500000000   14.15382   105.74299             -5221.119      0.000      32
       1618 13.48333333333   14.33977   105.55416              6339.726      0.000      32
       1619 13.49166666667   14.52554   105.36472              -699.094      0.000      32
       1620 13.50000000000   14.71114   105.17466             -7160.058      0.000      32
       1621 13.50833333333   14.86748   104.95414              6134.213      0.000      32
       1622 13.51666666667   15.05220   104.76242               853.262      0.000      32
       1623 13.52500000000   15.23655   104.56986             -3824.065      0.000      32
       1624 13.53333333333   15.42050   104.37647             11277.867      0.000      32
       1625 13.54166666667   15.60406   104.18223              7830.694      0.000      32
       1626 13.55000000000   15.78722   103.98715              5010.866      0.000      32
       1627 13.55833333333   15.96998   103.79121              2827.315      0.000      32
       1628 13.56666666667   16.15232   103.59443              1287.346      0.000      32
       1629 13.57500000000   16.33423   103.39678               399.568      0.000      32
       1630 13.58333333333   16.51572   103.19827               173.729      0.000      32
       1631 13.59166666667   16.69678   102.99889               615.486      0.000      32
       1632 13.60000000000   16.87740   102.79864              1735.554      0.000      32
       1633 13.60833333333   17.05757   102.59751              3540.175      0.000      32
       1634 13.61666666667   17.23728   102.39551              6037.944      0.000      32
       1635 13.62500000000   17.41653   102.19262              9237.170      0.000      32
       1636 13.63333333333   17.59532   101.98884             -6023.282      0.000      32
       1637 13.64166666667   17.77363   101.78418             -1397.583      0.000      32
       1638 13.65000000000   17.95146   101.57861              3955.328      0.000      32
       1639 13.65833333333   18.12880   101.37215             10042.660      0.000      32
       1640 13.66666666667   18.30564   101.16479             -2297.849      0.000      32
       1641 13.67500000000   18.48199   100.95651              5281.940      0.000      32
       1642 13.68333333333   18.65782   100.74733             -5549.587      0.000      32
       1643 13.69166666667   18.83313   100.53723              3555.016      0.000      32
       1644 13.70000000000   19.00792   100.32621             -5735.165      0.000      32
       1645 13.70833333333   19.18218   100.11427              4927.062      0.000      32
       1646 13.71666666667   19.35590    99.90141             -2789.782      0.000      32
       1647 13.72500000000   19.52908    99.68761              9460.820      0.000      32
       1648 13.73333333333   19.70170    99.47288              3348.782      0.000      32
       1649 13.74166666667   19.87376    99.25722             -1948.528      0.000      32
       1650 13.75000000000   20.04525    99.04061             -6423.946      0.000      32
       1651 13.75833333333   20.21616    98.82306              9100.825      0.000      32
       1652 13.76666666667   20.38650    98.60456              6295.120      0.000      32
       1653 13.77500000000   20.55624    98.38511              4335.893      0.000      32
       1654 13.78333333333   20.72539    98.16471              3230.804      0.000      32
       1655 13.79166666667   20.89392    97.94335              2987.521      0.000      32
       1656 13.80000000000   21.06185    97.72102              3613.767      0.000      32
       1657 13.80833333333   21.22916    97.49774              5118.203      0.000      32
       1658 13.81666666667   21.39583    97.27348              7507.649      0.000      32
       1659 13.82500000000   21.56187    97.04826             -8379.241      0.000      32
       1660 13.83333333333   21.72727    96.82206             -4196.933      0.000      32
       1661 13.84166666667   21.89201    96.59488               894.199      0.000      32
       1662 13.85000000000   22.05610    96.36672              6901.772      0.000      32
       1663 13.85833333333   22.21952    96.13759             -5336.286      0.000      32
       1664 13.86666666667   22.38226    95.90746              2526.734      0.000      32
       1665 13.87500000000   22.54432    95.67635             -7840.644      0.000      32
       1666 13.88333333333   22.70569    95.44424              1907.692      0.000      32
       1667 13.89166666667   22.86636    95.21115             -6557.899      0.000      32
       1668 13.90000000000   23.02633    94.97705              5106.441      0.000      32
       1669 13.90833333333   23.18558    94.74196             -1430.369      0.000      32
       1670 13.91666666667   23.34410    94.50586             -6989.577      0.000      32
       1671 13.92500000000   23.50190    94.26876              7603.413      0.000      32
       1672 13.93333333333   23.65896    94.03066              4019.002      0.000      32
       1673 13.94166666667   23.81527    93.79155              1432.738      0.000      32
       1674 13.95000000000   23.97082    93.55142              -147.260      0.000      32
       1675 13.95833333333   24.12562    93.31029              -714.495      0.000      32
       1676 13.96666666667   24.27964    93.06813              -260.465      0.000      32
       1677 13.97500000000   24.43288    92.82497              1220.946      0.000      32
       1678 13.98333333333   24.58533    92.58078              3736.186      0.000      32
       1679 13.99166666667   24.73699    92.33558              7294.309      0.000      32
       1680 14.00000000000   24.88785    92.08935             -7268.272      0.000      32
       1681 14.00833333333   25.00744    91.82322             -1605.134      0.000      32
       1682 14.01666666667   25.15602    91.57458              5120.982      0.000      32
       1683 14.02500000000   25.30356    91.32479             -6251.957      0.000      32
       1684 14.03333333333   25.45006    91.07387              2621.018      0.000      32
       1685 14.04166666667   25.59551    90.82180             -6590.691      0.000      32
       1686 14.05000000000   25.73989    90.56858              4456.993      0.000      32
       1687 14.05833333333   25.88320    90.31423             -2566.869      0.000      32
       1688 14.06666666667   26.02542    90.05875             10682.073      0.000      32
       1689 14.07500000000   26.16654    89.80213              5873.515      0.000      32
       1690 14.08333333333   26.30656    89.54438              2182.939      0.000      32
       1691 14.09166666667   26.44546    89.28550              -384.329      0.000      32
       1692 14.10000000000   26.58324    89.02550             -1819.149      0.000      32
       1693 14.10833333333   26.71987    88.76437             -2117.437      0.000      32
       1694 14.11666666667   26.85536    88.50213             -1272.558      0.000      32
       1695 14.12500000000   26.98969    88.23877               723.466      0.000      32
       1696 14.13333333333   27.12286    87.97430              3875.596      0.000      32
       1697 14.14166666667   27.25484    87.70873              8191.633      0.000      32
       1698 14.15000000000   27.38563    87.44205             -5492.193      0.000      32
       1699 14.15833333333   27.51523    87.17427              1168.599      0.000      32
       1700 14.16666666667   27.64361    86.90540              9011.487      0.000      32
       1701 14.17500000000   27.77078    86.63545             -1126.529      0.000      32
       1702 14.18333333333   27.89671    86.36440              9097.952      0.000      32
       1703 14.19166666667   28.02141    86.09228              1353.216      0.000      32
       1704 14.20000000000   28.14486    85.81909             -5185.382      0.000      32
       1705 14.20833333333   28.26705    85.54483              8657.931      0.000      32
       1706 14.21666666667   28.38796    85.26951              4549.277      0.000      32
       1707 14.22500000000   28.50760    84.99314              1665.219      0.000      32
       1708 14.23333333333   28.62595    84.71572                10.567      0.000      32
       1709 14.24166666667   28.74301    84.43725              -408.000      0.000      32
       1710 14.25000000000   28.85875    84.15775               414.293      0.000      32
       1711 14.25833333333   28.97317    83.87723              2483.199      0.000      32
       1712 14.26666666667   29.08627    83.59568              5804.636      0.000      32
       1713 14.27500000000   29.19803    83.31312             10384.162      0.000      32
       1714 14.28333333333   29.30845    83.02956             -2942.963      0.000      32
       1715 14.29166666667   29.41750    82.74500              4168.178      0.000      32
       1716 14.30000000000   29.52520    82.45945             -6616.836      0.000      32
       1717 14.30833333333   29.63152    82.17292              3046.856      0.000      32
       1718 14.31666666667   29.73645    81.88542             -5173.785      0.000      32
       1719 14.32500000000   29.84000    81.59696              7064.819      0.000      32
       1720 14.33333333333   29.94214    81.30754              1427.853      0.000      32
       1721 14.34166666667   30.04287    81.01719             -2909.384      0.000      32
       1722 14.35000000000   30.14218    80.72590             -5941.699      0.000      32
       1723 14.35833333333   30.24007    80.43368             -7665.077      0.000      32
       1724 14.36666666667   30.33651    80.14055             -8073.700      0.000      32
       1725 14.37500000000   30.43152    79.84652             -7163.574      0.000      32
       1726 14.38333333333   30.52507    79.55160             -4929.418      0.000      32
       1727 14.39166666667   30.61716    79.25579             -1367.194      0.000      32
       1728 14.40000000000   30.70777    78.95912              3528.699      0.000      32
       1729 14.40833333333   30.79691    78.66159              9762.087      0.000      32
       1730 14.41666666667   30.88457    78.36321             -1831.425      0.000      32
       1731 14.42500000000   30.97073    78.06399              7089.885      0.000      32
       1732 14.43333333333   31.05539    77.76395             -1807.059      0.000      32
       1733 14.44166666667   31.13853    77.46310             -9348.978      0.000      32
       1734 14.45000000000   31.22016    77.16145              3637.216      0.000      32
       1735 14.45833333333   31.30027    76.85902             -1182.630      0.000      32
       1736 14.46666666667   31.37884    76.55581             -4635.665      0.000      32
       1737 14.47500000000   31.45588    76.25184             -6717.397      0.000      32
       1738 14.48333333333   31.53137    75.94713             -7423.805      0.000      32
       1739 14.49166666667   31.60530    75.64168             -6750.855      0.000      32
       1740 14.50000000000   31.67767    75.33552             -4695.744      0.000      32
       1741 14.50833333333   31.72215    75.03173             -1254.216      0.000      32
       1742 14.51666666667   31.79071    74.72411              3577.244      0.000      32
       1743 14.52500000000   31.85751    74.41585              9802.243      0.000      32
       1744 14.53333333333   31.92255    74.10696             -1745.462      0.000      32
       1745 14.54166666667   31.98583    73.79747              7276.281      0.000      32
       1746 14.55000000000   32.04733    73.48740             -1467.640      0.000      32
       1747 14.55833333333   32.10705    73.17676             10365.281      0.000      32
       1748 14.56666666667   32.16498    72.86559            -10470.786      0.000      32
       1749 14.57500000000   32.22112    72.55389               -75.090      0.000      32
       1750 14.58333333333   32.27546    72.24169             -3172.304      0.000      32
       1751 14.59166666667   32.32800    71.92901             -4851.208      0.000      32
       1752 14.60000000000   32.37872    71.61587             -5107.343      0.000      32
       1753 14.60833333333   32.42764    71.30229             -3938.181      0.000      32
       1754 14.61666666667   32.47473    70.98830             -1342.539      0.000      32
       1755 14.62500000000   32.52000    70.67391              2682.836      0.000      32
       1756 14.63333333333   32.56344    70.35915              8140.662      0.000      32
       1757 14.64166666667   32.60505    70.04404             -4134.678      0.000      32
       1758 14.65000000000   32.64483    69.72861              4195.595      0.000      32
       1759 14.65833333333   32.68276    69.41286             -5202.700      0.000      32
       1760 14.66666666667   32.71885    69.09683              6011.071      0.000      32
       1761 14.67500000000   32.75310    68.78055              -500.348      0.000      32
       1762 14.68333333333   32.78549    68.46402             -5565.747      0.000      32
       1763 14.69166666667   32.81603    68.14727              9986.570      0.000      32
       1764 14.70000000000   32.84472    67.83034              7820.365      0.000      32
       1765 14.70833333333   32.87155    67.51323              7105.740      0.000      32
       1766 14.71666666667   32.89652    67.19597              7845.014      0.000      32
       1767 14.72500000000   32.91963    66.87859             10040.136      0.000      32
       1768 14.73333333333   32.94088    66.56111             -5476.988      0.000      32
       1769 14.74166666667   32.96026    66.24355              -365.231      0.000      32
       1770 14.75000000000   32.97777    65.92594              6206.313      0.000      32
       1771 14.75833333333   32.99342    65.60829             -4928.505      0.000      32
       1772 14.76666666667   33.00720    65.29063              4568.240      0.000      32
       1773 14.77500000000   33.01911    64.97298             -3639.839      0.000      32
       1774 14.78333333333   33.02915    64.65537              8786.906      0.000      32
       1775 14.79166666667   33.03733    64.33782              3510.507      0.000      32
       1776 14.80000000000   33.04363    64.02035              -297.998      0.000      32
       1777 14.80833333333   33.04807    63.70299             -2638.101      0.000      32
       1778 14.81666666667   33.05064    63.38575             -3508.761      0.000      32
       1779 14.82500000000   33.05134    63.06867             -2909.383      0.000      32
       1780 14.83333333333   33.05018    62.75176              -839.758      0.000      32
       1781 14.84166666667   33.04715    62.43504              2701.943      0.000      32
       1782 14.85000000000   33.04226    62.11855              7714.898      0.000      32
       1783 14.85833333333   33.03550    61.80229             -4968.955      0.000      32
       1784 14.86666666667   33.02689    61.48630              2988.602      0.000      32
       1785 14.87500000000   33.01641    61.17060             -6749.636      0.000      32
       1786 14.88333333333   33.00408    60.85520              4155.130      0.000      32
       1787 14.89166666667   32.98990    60.54013             -2637.000      0.000      32
       1788 14.90000000000   32.97387    60.22542             -7955.365      0.000      32
       1789 14.90833333333   32.95598    59.91108              7368.161      0.000      32
       1790 14.91666666667   32.93626    59.59713              4995.381      0.000      32
       1791 14.92500000000   32.91469    59.28361              4095.158      0.000      32
       1792 14.93333333333   32.89128    58.97052              4667.570      0.000      32
       1793 14.94166666667   32.86603    58.65789              6712.277      0.000      32
       1794 14.95000000000   32.83896    58.34574             -8940.378      0.000      32
       1795 14.95833333333   32.81006    58.03409             -3952.786      0.000      32
       1796 14.96666666667   32.77933    57.72296              2505.056      0.000      32
       1797 14.97500000000   32.74679    57.41238             -8736.069      0.000      32
       1798 14.98333333333   32.71243    57.10236               660.649      0.000      32
       1799 14.99166666667   32.67627    56.79291             -7645.249      0.000      32
       1800 15.00000000000   32.63829    56.48408              4686.629      0.000      32
       1801 15.00833333333   32.58695    56.19911              -685.466      0.000      32
       1802 15.01666666667   32.54487    55.89180             -4592.315      0.000      32
       1803 15.02500000000   32.50093    55.58532             -7034.478      0.000      32
       1804 15.03333333333   32.45513    55.27969             11155.092      0.000      32
       1805 15.04166666667   32.40750    54.97492             -7531.744      0.000      32
       1806 15.05000000000   32.35802    54.67104             -5589.509      0.000      32
       1807 15.05833333333   32.30671    54.36806             -2189.503      0.000      32
       1808 15.06666666667   32.25359    54.06601              2667.857      0.000      32
       1809 15.07500000000   32.19864    53.76491              8981.830      0.000      32
       1810 15.08333333333   32.14190    53.46478             -2420.249      0.000      32
       1811 15.09166666667   32.08335    53.16563              6798.753      0.000      32
       1812 15.10000000000   32.02302    52.86749             -1702.396      0.000      32
       1813 15.10833333333   31.96090    52.57037             10414.233      0.000      32
       1814 15.11666666667   31.89702    52.27429              4807.391      0.000      32
       1815 15.12500000000   31.83137    51.97926               643.953      0.000      32
       1816 15.13333333333   31.76396    51.68532             -2076.742      0.000      32
       1817 15.14166666667   31.69482    51.39246             -3357.510      0.000      32
       1818 15.15000000000   31.62393    51.10071             -3202.071      0.000      32
       1819 15.15833333333   31.55132    50.81009             -1611.066      0.000      32
       1820 15.16666666667   31.47700    50.52061              1411.655      0.000      32
       1821 15.17500000000   31.40097    50.23228              5864.573      0.000      32
       1822 15.18333333333   31.32324    49.94513             -7424.264      0.000      32
       1823 15.19166666667   31.24383    49.65916              -119.049      0.000      32
       1824 15.20000000000   31.16274    49.37439              8607.714      0.000      32
       1825 15.20833333333   31.07998    49.09083              -416.201      0.000      32
       1826 15.21666666667   30.99557    48.80850             -8024.325      0.000      32
       1827 15.22500000000   30.90951    48.52740              4950.974      0.000      32
       1828 15.23333333333   30.82181    48.24756               166.344      0.000      32
       1829 15.24166666667   30.73249    47.96898             -3211.499      0.000      32
       1830 15.25000000000   30.64155    47.69168             -5185.483      0.000      32
       1831 15.25833333333   30.54901    47.41566             -5758.829      0.000      32
       1832 15.26666666667   30.45488    47.14095             -4934.603      0.000      32
       1833 15.27500000000   30.35916    46.86754             -2715.737      0.000      32
       1834 15.28333333333   30.26187    46.59545               892.610      0.000      32
       1835 15.29166666667   30.16302    46.32469              5889.112      0.000      32
       1836 15.30000000000   30.06262    46.05526             -6900.813      0.000      32
       1837 15.30833333333   29.96068    45.78719               858.025      0.000      32
       1838 15.31666666667   29.85721    45.52047              9993.259      0.000      32
       1839 15.32500000000   29.75222    45.25512              1330.011      0.000      32
       1840 15.33333333333   29.64572    44.99114             -5964.478      0.000      32
       1841 15.34166666667   29.53773    44.72854              7274.765      0.000      32
       1842 15.35000000000   29.42826    44.46733              2704.321      0.000      32
       1843 15.35833333333   29.31731    44.20751              -508.765      0.000      32
       1844 15.36666666667   29.20489    43.94910             -2369.080      0.000      32
       1845 15.37500000000   29.09103    43.69209             -2881.220      0.000      32
       1846 15.38333333333   28.97573    43.43650             -2050.136      0.000      32
       1847 15.39166666667   28.85899    43.18233               121.110      0.000      32
       1848 15.40000000000   28.74084    42.92958              3628.049      0.000      32
       1849 15.40833333333   28.62128    42.67827              8466.413      0.000      32
       1850 15.41666666667   28.50033    42.42839             -4538.518      0.000      32
       1851 15.42500000000   28.37799    42.17994              2947.551      0.000      32
       1852 15.43333333333   28.25428    41.93295             -7417.731      0.000      32
       1853 15.44166666667   28.12920    41.68740              2698.047      0.000      32
       1854 15.45000000000   28.00277    41.44330             -5046.685      0.000      32
       1855 15.45833333333   27.87501    41.20065              7680.945      0.000      32
       1856 15.46666666667   27.74591    40.95946              2536.485      0.000      32
       1857 15.47500000000   27.61549    40.71973             -1313.891      0.000      32
       1858 15.48333333333   27.48377    40.48146             -3875.275      0.000      32
       1859 15.49166666667   27.35075    40.24466             -5153.156      0.000      32
       1860 15.50000000000   27.21645    40.00932             -5152.660      0.000      32
       1861 15.50833333333   27.08776    39.80075             -3878.170      0.000      32
       1862 15.51666666667   26.95065    39.56878             -1336.362      0.000      32
       1863 15.52500000000   26.81234    39.33846              2469.321      0.000      32
       1864 15.53333333333   26.67284    39.10977              7533.986      0.000      32
       1865 15.54166666667   26.53217    38.88273             -5318.776      0.000      32
       1866 15.55000000000   26.39034    38.65732              2244.548      0.000      32
       1867 15.55833333333   26.24735    38.43355             11049.967      0.000      32
       1868 15.56666666667   26.10322    38.21142              1923.127      0.000      32
       1869 15.57500000000   25.95796    37.99093             -5972.892      0.000      32
       1870 15.58333333333   25.81159    37.77207              6525.076      0.000      32
       1871 15.59166666667   25.66411    37.55484              1074.389      0.000      32
       1872 15.60000000000   25.51554    37.33925             -3162.714      0.000      32
       1873 15.60833333333   25.36589    37.12528             -6190.896      0.000      32
       1874 15.61666666667   25.21516    36.91295             -8016.549      0.000      32
       1875 15.62500000000   25.06338    36.70223             -8644.624      0.000      32
       1876 15.63333333333   24.91054    36.49314             -8081.727      0.000      32
       1877 15.64166666667   24.75667    36.28567             -6333.829      0.000      32
       1878 15.65000000000   24.60177    36.07982             -3406.369      0.000      32
       1879 15.65833333333   24.44586    35.87558               694.841      0.000      32
       1880 15.66666666667   24.28894    35.67295              5963.119      0.000      32
       1881 15.67500000000   24.13103    35.47193             -6776.630      0.000      32
       1882 15.68333333333   23.97213    35.27251               808.159      0.000      32
       1883 15.69166666667   23.81227    35.07469              9542.874      0.000      32
       1884 15.70000000000   23.65144    34.87846               251.390      0.000      32
       1885 15.70833333333   23.48966    34.68383             11267.308      0.000      32
       1886 15.71666666667   23.32694    34.49078              4243.505      0.000      32
       1887 15.72500000000   23.16328    34.29931             -1655.528      0.000      32
       1888 15.73333333333   22.99871    34.10942             -6436.626      0.000      32
       1889 15.74166666667   22.83323    33.92111              9062.508      0.000      32
       1890 15.75000000000   22.66684    33.73436              6498.487      0.000      32
       1891 15.75833333333   22.49957    33.54917              5034.103      0.000      32
       1892 15.76666666667   22.33141    33.36554              4662.261      0.000      32
       1893 15.77500000000   22.16238    33.18346              5376.021      0.000      32
       1894 15.78333333333   21.99249    33.00293              7168.175      0.000      32
       1895 15.79166666667   21.82175    32.82394             -9134.967      0.000      32
       1896 15.80000000000   21.65017    32.64649             -5201.944      0.000      32
       1897 15.80833333333   21.47775    32.47057              -208.064      0.000      32
       1898 15.81666666667   21.30451    32.29617              5838.724      0.000      32
       1899 15.82500000000   21.13046    32.12329             -6237.965      0.000      32
       1900 15.83333333333   20.95560    31.95192              1894.514      0.000      32
       1901 15.84166666667   20.77995    31.78206             -8110.161      0.000      32
       1902 15.85000000000   20.60350    31.61370              2081.092      0.000      32
       1903 15.85833333333   20.42628    31.44684             -5876.798      0.000      32
       1904 15.86666666667   20.24829    31.28146              6348.331      0.000      32
       1905 15.87500000000   20.06954    31.11757               410.464      0.000      32
       1906 15.88333333333   19.89003    30.95515             -4527.475      0.000      32
       1907 15.89166666667   19.70979    30.79420             10696.102      0.000      32
       1908 15.90000000000   19.52880    30.63472              7736.460      0.000      32
       1909 15.90833333333   19.34709    30.47669              5754.661      0.000      32
       1910 15.91666666667   19.16466    30.32011              4746.173      0.000      32
       1911 15.92500000000   18.98152    30.16498              4701.292      0.000      32
       1912 15.93333333333   18.79768    30.01128              5614.968      0.000      32
       1913 15.94166666667   18.61315    29.85901              7478.689      0.000      32
       1914 15.95000000000   18.42793    29.70817             10286.706      0.000      32
       1915 15.95833333333   18.24203    29.55874             -5137.382      0.000      32
       1916 15.96666666667   18.05546    29.41073              -463.515      0.000      32
       1917 15.97500000000   17.86822    29.26412              5133.938      0.000      32
       1918 15.98333333333   17.68033    29.11890             11646.622      0.000      32
       1919 15.99166666667   17.49180    28.97508              -101.843      0.000      32
       1920 16.00000000000   17.30262    28.83264              8220.643      0.000      32
       1921 16.00833333333   17.13033    28.70512             -1732.754      0.000      32
       1922 16.01666666667   16.93985    28.56590              8369.922      0.000      32
       1923 16.02500000000   16.74889    28.42814               183.182      0.000      32
       1924 16.03333333333   16.55742    28.29182             12038.183      0.000      32
       1925 16.04166666667   16.36548    28.15693              5589.020      0.000      32
       1926 16.05000000000   16.17306    28.02347                -2.249      0.000      32
       1927 16.05833333333   15.98016    27.89143             -4742.495      0.000      32
       1928 16.06666666667   15.78680    27.76080             10529.924      0.000      32
       1929 16.07500000000   15.59299    27.63157              7468.691      0.000      32
       1930 16.08333333333   15.39872    27.50374              5236.928      0.000      32
       1931 16.09166666667   15.20400    27.37730              3827.610      0.000      32
       1932 16.10000000000   15.00885    27.25224              3232.132      0.000      32
       1933 16.10833333333   14.81326    27.12855              3443.997      0.000      32
       1934 16.11666666667   14.61724    27.00623            -10454.104      0.000      32
       1935 16.12500000000   14.42081    26.88526              6258.849      0.000      32
       1936 16.13333333333   14.22395    26.76565              8847.092      0.000      32
       1937 16.14166666667   14.02669    26.64738             -6955.224      0.000      32
       1938 16.15000000000   13.82902    26.53045             -2818.082      0.000      32
       1939 16.15833333333   13.63095    26.41484              2082.652      0.000      32
       1940 16.16666666667   13.43248    26.30056              7738.498      0.000      32
       1941 16.17500000000   13.23363    26.18759             -5026.991      0.000      32
       1942 16.18333333333   13.03440    26.07593              2118.087      0.000      32
       1943 16.19166666667   12.83479    25.96556              9997.260      0.000      32
       1944 16.20000000000   12.63480    25.85649              -566.368      0.000      32
       1945 16.20833333333   12.43445    25.74870              8758.002      0.000      32
       1946 16.21666666667   12.23373    25.64220              -376.099      0.000      32
       1947 16.22500000000   12.03266    25.53696             10363.602      0.000      32
       1948 16.23333333333   11.83124    25.43299              2630.365      0.000      32
       1949 16.24166666667   11.62946    25.33027             -4413.873      0.000      32
       1950 16.25000000000   11.42735    25.22880              8392.245      0.000      32
       1951 16.25833333333   11.22490    25.12858              2704.163      0.000      32
       1952 16.26666666667   11.02211    25.02959             -2317.113      0.000      32
       1953 16.27500000000   10.81900    24.93184             -6679.637      0.000      32
       1954 16.28333333333   10.61556    24.83530              8780.211      0.000      32
       1955 16.29166666667   10.41180    24.73999              5715.154      0.000      32
       1956 16.30000000000   10.20773    24.64588              3287.562      0.000      32
       1957 16.30833333333   10.00334    24.55298              1489.477      0.000      32
       1958 16.31666666667    9.79865    24.46127               315.033      0.000      32
       1959 16.32500000000    9.59366    24.37075              -243.621      0.000      32
       1960 16.33333333333    9.38838    24.28142              -194.654      0.000      32
       1961 16.34166666667    9.18279    24.19326               455.202      0.000      32
       1962 16.35000000000    8.97693    24.10628              1697.703      0.000      32
       1963 16.35833333333    8.77077    24.02046              3525.604      0.000      32
       1964 16.36666666667    8.56434    23.93580              5932.203      0.000      32
       1965 16.37500000000    8.35762    23.85230              8909.378      0.000      32
       1966 16.38333333333    8.15064    23.76994             -6718.512      0.000      32
       1967 16.39166666667    7.94339    23.68872             -2619.866      0.000      32
       1968 16.40000000000    7.73587    23.60864              2027.402      0.000      32
       1969 16.40833333333    7.52809    23.52968              7216.404      0.000      32
       1970 16.41666666667    7.32006    23.45185             -6229.367      0.000      32
       1971 16.42500000000    7.11177    23.37514                20.899      0.000      32
       1972 16.43333333333    6.90324    23.29954              6791.955      0.000      32
       1973 16.44166666667    6.69446    23.22505             -5094.470      0.000      32
       1974 16.45000000000    6.48544    23.15165              2693.734      0.000      32
       1975 16.45833333333    6.27618    23.07936             10978.482      0.000      32
       1976 16.46666666667    6.06669    23.00815               584.620      0.000      32
       1977 16.47500000000    5.85697    22.93803              9842.700      0.000      32
       1978 16.48333333333    5.64702    22.86898               408.933      0.000      32
       1979 16.49166666667    5.43685    22.80101             10612.280      0.000      32
       1980 16.50000000000    5.22646    22.73411              2108.050      0.000      32
       1981 16.50833333333    5.03337    22.66706             -5942.085      0.000      32
       1982 16.51666666667    4.82267    22.60270              5624.321      0.000      32
       1983 16.52500000000    4.61187    22.53937             -1538.885      0.000      32
       1984 16.53333333333    4.40097    22.47708             10899.293      0.000      32
       1985 16.54166666667    4.18999    22.41582              4595.038      0.000      32
       1986 16.55000000000    3.97893    22.35558             -1290.776      0.000      32
       1987 16.55833333333    3.76778    22.29637             -6765.421      0.000      32
       1988 16.56666666667    3.55655    22.23817              7333.469      0.000      32
       1989 16.57500000000    3.34523    22.18098              2660.851      0.000      32
       1990 16.58333333333    3.13384    22.12480             -1621.473      0.000      32
       1991 16.59166666667    2.92237    22.06962             -5521.776      0.000      32
