# Created on 2022-09-13 07:27:27 
# Sources: obs\TPKL1681.22O, nav\TPKL1681.22N
# Satellite: G09
# Interval: 30.0
# Sampling interval: 0.0 (not used).
# Site: TPKL
# Position (L, B, H): 78.5290569025, 42.4638637031, 1886.01891334
# Position (X, Y, Z): 937429.6846, 4619604.6444, 4285027.6573
# datetime format: %Y-%m-%dT%H:%M:%S
# Columns: tsn, hour, el, az, tec.l1l2, tec.p1p2, validity
# (I11,1X,F14.11,1X,F10.5,1X,F11.5,1X,F21.3,1X,F10.3,1X,I7)
        822  6.85000000000    7.28097    51.44218              -142.958    156.082    4096
        823  6.85833333333    7.29990    51.24176              -143.162    156.634    4096
        824  6.86666666667    7.31794    51.04134              -143.374    157.148    4096
        825  6.87500000000    7.33507    50.84094              -143.543    163.182    4096
        826  6.88333333333    7.35130    50.64055              -143.695    158.680    4096
        827  6.89166666667    7.36663    50.44019              -143.659    155.825    4096
        828  6.90000000000    7.38104    50.23985              -143.713    148.601    4096
        829  6.90833333333    7.39455    50.03955              -143.862    164.771    4096
        830  6.91666666667    7.40714    49.83928              -143.873    156.186    4096
        831  6.92500000000    7.41883    49.63905              -144.018    156.634    4096
        832  6.93333333333    7.42959    49.43887              -144.224    164.933    4096
        833  6.94166666667    7.43944    49.23875              -144.397    163.401    4096
        834  6.95000000000    7.44838    49.03868              -144.380    160.127    4096
        835  6.95833333333    7.45639    48.83867              -144.505    143.147    4096
        836  6.96666666667    7.46348    48.63873              -144.473    149.124    4096
        837  6.97500000000    7.46965    48.43886              -144.600    148.867    4096
        838  6.98333333333    7.47490    48.23908              -144.557    158.233    4096
        839  6.99166666667    7.47922    48.03937              -144.492    166.713    4096
        840  7.00000000000    7.48262    47.83976              -144.579    172.138    4097
        841  7.00833333333    7.48508    47.64024              -144.385    171.881    4096
        842  7.01666666667    7.48662    47.44082              -144.397    167.122    4096
        844  7.03333333333    7.48691    47.04230              -158.533    178.277    4099
        845  7.04166666667    7.48566    46.84321              -158.386    159.755    4097
        846  7.05000000000    7.48348    46.64424                 0.000      0.000    5233
        847  7.05833333333    7.48036    46.44540              -155.377    158.794    4097
        850  7.08333333333    7.46540    45.84968               197.518    132.649    4096
        851  7.09166666667    7.45854    45.65140               197.504    126.786    4096
        852  7.10000000000    7.45075    45.45327               197.492    137.046    4096
        853  7.10833333333    7.44202    45.25530               197.417    153.474    4096
        854  7.11666666667    7.43235    45.05750               197.257  -2262.370    4096
        855  7.12500000000    7.42175    44.85986             19237.985  -2278.170    4096
        856  7.13333333333    7.41021    44.66240                 0.000      0.000    5201
        857  7.14166666667    7.39773    44.46512              -152.259    165.333    4096
        858  7.15000000000    7.38431    44.26803              -152.438    165.181    4096
        859  7.15833333333    7.36995    44.07112              -152.485    149.533    4096
        860  7.16666666667    7.35465    43.87442              -152.508    154.844    4096
        861  7.17500000000    7.33842    43.67792              -152.683    152.398    4096
        862  7.18333333333    7.32125    43.48162              -152.752    162.620    4096
        863  7.19166666667    7.30314    43.28554              -152.855    155.254    4096
        864  7.20000000000    7.28409    43.08968              -152.909  -2281.843    4096
        865  7.20833333333    7.26410    42.89404              -153.125    144.365    4096
        866  7.21666666667    7.24318    42.69863              -153.105    150.799    4096
        867  7.22500000000    7.22132    42.50345              -153.169    149.276    4096
        868  7.23333333333    7.19852    42.30852              -153.171    151.475    4096
        869  7.24166666667    7.17478    42.11383              -153.246    150.352    4096
        870  7.25000000000    7.15011    41.91939              -153.179    148.972    4096
        871  7.25833333333    7.12451    41.72520              -153.293    149.838    4096
        872  7.26666666667    7.09797    41.53128              -153.194    137.560    4096
        873  7.27500000000    7.07049    41.33763              -153.271    148.610    4096
        874  7.28333333333    7.04209    41.14424              -153.319    164.105    4096
        875  7.29166666667    7.01275    40.95114              -153.104    160.165    4096
        876  7.30000000000    6.98247    40.75832              -153.181    157.005    4096
        877  7.30833333333    6.95127    40.56578              -153.128    165.228    4096
        878  7.31666666667    6.91914    40.37354              -153.051    149.533    4096
        879  7.32500000000    6.88608    40.18159              -152.976  -2269.432    4096
        880  7.33333333333    6.85209    39.98995              -152.852    166.418    4096
        881  7.34166666667    6.81718    39.79862              -152.958    157.566    4096
        882  7.35000000000    6.78134    39.60760              -152.775    169.825    4096
        883  7.35833333333    6.74457    39.41690              -152.730    144.670    4096
        884  7.36666666667    6.70689    39.22652              -152.844    152.541    4096
        885  7.37500000000    6.66828    39.03648              -152.730    164.257    4096
        886  7.38333333333    6.62875    38.84676              -152.668    145.336    4096
        887  7.39166666667    6.58830    38.65739              -152.861    147.630    4096
        888  7.40000000000    6.54694    38.46835              -152.790    149.828    4096
        889  7.40833333333    6.50466    38.27967              -152.726    146.707    4096
        890  7.41666666667    6.46147    38.09134              -152.732    145.850    4096
        891  7.42500000000    6.41736    37.90337              -152.687    143.252    4096
        892  7.43333333333    6.37235    37.71576              -152.771    140.977    4096
        893  7.44166666667    6.32642    37.52852              -152.800    159.346    4096
        894  7.45000000000    6.27959    37.34165              -152.899    149.686    4096
        895  7.45833333333    6.23185    37.15516              -152.817    132.249    4096
        896  7.46666666667    6.18321    36.96905              -152.894    151.056    4096
        897  7.47500000000    6.13367    36.78333              -152.951    124.359    4096
        898  7.48333333333    6.08323    36.59800              -153.025    136.437    4096
        899  7.49166666667    6.03189    36.41307              -152.893    158.680    4096
        900  7.50000000000    5.97966    36.22853              -152.877    138.893    4096
        901  7.50833333333    5.92653    36.04440              -152.811  -2290.248    4096
        902  7.51666666667    5.87251    35.86068              -152.779    143.547    4096
        903  7.52500000000    5.81761    35.67738              -152.772    143.033    4096
        904  7.53333333333    5.76181    35.49449              -152.657    150.085    4096
        905  7.54166666667    5.70514    35.31203              -152.678    154.844    4096
        906  7.55000000000    5.64758    35.12999              -152.656    163.401    4096
        907  7.55833333333    5.58914    34.94838              -152.589    172.957    4096
        908  7.56666666667    5.52983    34.76721              -152.543    172.176    4096
        909  7.57500000000    5.46964    34.58648              -152.481    164.629    4096
        910  7.58333333333    5.40858    34.40620              -152.298  -2269.166    4096
        911  7.59166666667    5.34664    34.22636              -152.234    153.617    4096
        912  7.60000000000    5.28385    34.04697              -152.106    145.184    4096
        913  7.60833333333    5.22019    33.86804              -152.060    160.431    4096
        914  7.61666666667    5.15566    33.68957              -151.991    160.945    4096
        915  7.62500000000    5.09028    33.51156              -151.982    155.263    4096
        916  7.63333333333    5.02404    33.33402              -151.854    152.284    4096
        917  7.64166666667    4.95695    33.15695              -151.905    150.647    4096
        918  7.65000000000    4.88901    32.98036              -151.936    154.026    4096
        919  7.65833333333    4.82022    32.80425              -151.814    156.748    4096
        920  7.66666666667    4.75059    32.62862              -151.807  -2281.843    4096
        921  7.67500000000    4.68012    32.45347              -151.803    163.030    4096
        922  7.68333333333    4.60880    32.27882              -151.790    163.325    4096
        923  7.69166666667    4.53665    32.10466              -151.812    161.945    4096
        924  7.70000000000    4.46367    31.93099              -151.759    164.924    4096
        925  7.70833333333    4.38986    31.75783              -151.725  -2270.689    4096
        926  7.71666666667    4.31522    31.58517              -151.739    165.447    4096
        927  7.72500000000    4.23976    31.41302              -151.657    154.968    4096
        928  7.73333333333    4.16348    31.24138              -151.611    169.016    4096
        929  7.74166666667    4.08639    31.07025              -151.616    169.311    4096
        930  7.75000000000    4.00848    30.89964              -151.603    165.333    4096
        931  7.75833333333    3.92976    30.72955              -151.437    160.574    4096
        932  7.76666666667    3.85023    30.55998              -151.385    150.495    4096
        933  7.77500000000    3.76990    30.39094              -151.361    158.375    4096
        934  7.78333333333    3.68876    30.22243              -151.450    166.827    4096
        935  7.79166666667    3.60684    30.05445              -151.311    170.758    4096
        936  7.80000000000    3.52411    29.88701              -151.288    150.457    4096
        937  7.80833333333    3.44060    29.72010              -151.169    157.300    4096
        938  7.81666666667    3.35630    29.55374              -151.191    165.076    4096
        939  7.82500000000    3.27122    29.38792              -151.099    169.121    4096
        940  7.83333333333    3.18536    29.22264              -150.987    148.601    4096
        941  7.84166666667    3.09872    29.05792              -150.962    140.682    4096
       2206 18.38333333333   11.07997   293.54830              -134.666    137.712    4096
       2207 18.39166666667   11.25064   293.66517              -134.773  -2302.364    4096
       2208 18.40000000000   11.42154   293.78180              -135.227    136.294    4096
       2209 18.40833333333   11.59267   293.89819              -135.527    129.232    4096
       2210 18.41666666667   11.76403   294.01435              -135.715    131.726    4096
       2211 18.42500000000   11.93561   294.13026              -135.982    131.688    4096
       2212 18.43333333333   12.10743   294.24592              -136.141    137.712    4096
       2213 18.44166666667   12.27948   294.36135              -135.937    133.477    4096
       2214 18.45000000000   12.45175   294.47652              -136.472    129.232    4096
       2215 18.45833333333   12.62426   294.59144              -136.559    134.695    4096
       2216 18.46666666667   12.79700   294.70612              -136.703    134.143    4096
       2217 18.47500000000   12.96997   294.82054              -136.882    132.097    4096
       2218 18.48333333333   13.14317   294.93470              -136.919    126.672    4096
       2219 18.49166666667   13.31661   295.04862              -137.071    126.662    4096
       2220 18.50000000000   13.49029   295.16227              -137.051    126.672    4096
       2221 18.50833333333   13.66420   295.27566              -137.071    127.747    4096
       2222 18.51666666667   13.83834   295.38880              -137.240    136.599    4096
       2223 18.52500000000   14.01273   295.50166              -137.362    133.991    4096
       2224 18.53333333333   14.18734   295.61427              -137.447    130.355    4096
       2225 18.54166666667   14.36220   295.72661              -137.463    130.346    4096
       2226 18.55000000000   14.53730   295.83868              -137.519    131.278    4096
       2227 18.55833333333   14.71263   295.95048              -137.503    134.667    4096
       2228 18.56666666667   14.88821   296.06200              -137.675    125.330    4096
       2229 18.57500000000   15.06402   296.17326              -137.680    124.216    4096
       2230 18.58333333333   15.24008   296.28423              -137.905    129.936    4096
       2231 18.59166666667   15.41638   296.39493              -137.937    132.363    4096
       2232 18.60000000000   15.59292   296.50535              -138.099    131.421    4096
       2233 18.60833333333   15.76970   296.61549              -138.274    124.616    4096
       2234 18.61666666667   15.94673   296.72535              -138.401    126.634    4096
       2235 18.62500000000   16.12400   296.83492              -138.571    129.679    4096
       2236 18.63333333333   16.30151   296.94420              -138.706    127.633    4096
       2237 18.64166666667   16.47927   297.05319              -138.880    118.896    4096
       2238 18.65000000000   16.65728   297.16189              -139.031    126.520    4096
       2239 18.65833333333   16.83553   297.27030              -139.176    123.655    4096
       2240 18.66666666667   17.01403   297.37841              -139.299    122.570    4096
       2241 18.67500000000   17.19278   297.48623              -139.494    126.929    4096
       2242 18.68333333333   17.37177   297.59374              -139.648    131.164    4096
       2243 18.69166666667   17.55102   297.70096              -139.817    125.853    4096
       2244 18.70000000000   17.73051   297.80787              -139.919    122.579    4096
       2245 18.70833333333   17.91025   297.91447              -140.072    133.058    4096
       2246 18.71666666667   18.09025   298.02077              -140.284    133.848    4096
       2247 18.72500000000   18.27049   298.12676              -140.431    130.051    4096
       2248 18.73333333333   18.45099   298.23243              -140.492    123.921    4096
       2249 18.74166666667   18.63173   298.33779              -140.629    131.012    4096
       2250 18.75000000000   18.81274   298.44284             18900.244  -2318.877    4096
       2251 18.75833333333   18.99399   298.54756              -140.860    132.249    4096
       2252 18.76666666667   19.17550   298.65197              -140.940    124.178    4096
       2253 18.77500000000   19.35726   298.75605              -141.086    121.875    4096
       2254 18.78333333333   19.53927   298.85981              -141.247    129.641    4096
       2255 18.79166666667   19.72154   298.96323              -141.237    122.018    4096
       2256 18.80000000000   19.90407   299.06633              -141.292    132.097    4096
       2257 18.80833333333   20.08685   299.16910              -141.311    136.075    4096
       2258 18.81666666667   20.26989   299.27153              -141.325    129.232    4096
       2259 18.82500000000   20.45319   299.37363              -141.371    127.043    4096
       2260 18.83333333333   20.63674   299.47538              -141.477    133.772    4096
       2261 18.84166666667   20.82055   299.57679              -141.575    134.286    4096
       2262 18.85000000000   21.00462   299.67786              -141.627    126.006    4096
       2263 18.85833333333   21.18895   299.77859              -141.626    119.971    4096
       2264 18.86666666667   21.37354   299.87896              -141.731    137.855    4096
       2265 18.87500000000   21.55839   299.97898              -141.782    131.830    4096
       2266 18.88333333333   21.74349   300.07865              -141.715    118.496    4096
       2267 18.89166666667   21.92886   300.17796              -141.747    129.908    4096
       2268 18.90000000000   22.11449   300.27691              -141.840    120.942    4096
       2269 18.90833333333   22.30038   300.37550              -141.863    119.819    4096
       2270 18.91666666667   22.48654   300.47372              -141.941    124.768    4096
       2271 18.92500000000   22.67295   300.57158              -141.918    121.504    4096
       2272 18.93333333333   22.85963   300.66906              -141.878    127.890    4096
       2273 18.94166666667   23.04657   300.76618              -141.868    129.794    4096
       2274 18.95000000000   23.23378   300.86291              -141.879    134.809    4096
       2275 18.95833333333   23.42125   300.95927              -141.842    120.533    4096
       2276 18.96666666667   23.60898   301.05525              -141.810    122.722    4096
       2277 18.97500000000   23.79697   301.15085              -141.818    113.842    4096
       2278 18.98333333333   23.98524   301.24606              -141.893    112.766    4096
       2279 18.99166666667   24.17376   301.34087              -141.871    113.985    4096
       2280 19.00000000000   24.36256   301.43530              -141.951    119.562    4096
       2281 19.00833333333   24.55162   301.52933              -141.971    114.289    4096
       2282 19.01666666667   24.74094   301.62296              -142.154    114.546    4096
       2283 19.02500000000   24.93053   301.71619              -142.292    130.051    4096
       2284 19.03333333333   25.12039   301.80902              -142.428    132.506    4096
       2285 19.04166666667   25.31051   301.90143              -142.549    123.959    4096
       2286 19.05000000000   25.50091   301.99344              -142.576    133.724    4096
       2287 19.05833333333   25.69157   302.08503              -142.726    137.265    4096
       2288 19.06666666667   25.88250   302.17621              -142.759    120.495    4096
       2289 19.07500000000   26.07369   302.26696              -142.866    131.012    4096
       2290 19.08333333333   26.26516   302.35729              -142.857    131.393    4096
       2291 19.09166666667   26.45689   302.44720              -142.969    121.237    4096
       2292 19.10000000000   26.64889   302.53667              -143.071    116.183    4096
       2293 19.10833333333   26.84116   302.62571              -143.213    123.807    4096
       2294 19.11666666667   27.03370   302.71431              -143.381    129.384    4096
       2295 19.12500000000   27.22651   302.80247              -143.512    120.942    4096
       2296 19.13333333333   27.41959   302.89019              -143.609    120.390    4096
       2297 19.14166666667   27.61294   302.97745              -143.821    126.148    4096
       2298 19.15000000000   27.80656   303.06427              -143.877    134.143    4096
       2299 19.15833333333   28.00045   303.15063              -144.133  -2317.088    4096
       2300 19.16666666667   28.19461   303.23653              -144.387    121.237    4096
       2301 19.17500000000   28.38905   303.32197              -144.640    125.701    4096
       2302 19.18333333333   28.58375   303.40695              -144.848    123.502    4096
       2303 19.19166666667   28.77872   303.49145              -145.000    124.730    4096
       2304 19.20000000000   28.97396   303.57548              -145.059    115.070    4096
       2305 19.20833333333   29.16948   303.65903              -145.129    119.048    4096
       2306 19.21666666667   29.36526   303.74210              -145.317    119.562    4096
       2307 19.22500000000   29.56132   303.82468              -145.437    124.778    4096
       2308 19.23333333333   29.75764   303.90677              -145.641    125.444    4096
       2309 19.24166666667   29.95424   303.98837              -145.794    127.747    4096
       2310 19.25000000000   30.15111   304.06946              -145.911    137.160    4096
       2311 19.25833333333   30.34825   304.15006              -146.072    133.734    4096
       2312 19.26666666667   30.54567   304.23015            -14983.334    138.531    4096
       2313 19.27500000000   30.74335   304.30972              -146.348    124.625    4096
       2314 19.28333333333   30.94130   304.38878              -146.500  -2312.215    4096
       2315 19.29166666667   31.13953   304.46732              -146.669    130.051    4096
       2316 19.30000000000   31.33803   304.54533              -146.801    127.329    4096
       2317 19.30833333333   31.53679   304.62282              -146.925    126.263    4096
       2318 19.31666666667   31.73583   304.69977              -147.044    126.224    4096
       2319 19.32500000000   31.93514   304.77618              -147.123    118.743    4096
       2320 19.33333333333   32.13472   304.85204              -147.240    117.411    4096
       2321 19.34166666667   32.33457   304.92736              -147.362    125.701    4096
       2322 19.35000000000   32.53469   305.00212              -147.401    122.988    4096
       2323 19.35833333333   32.73509   305.07632              -147.469    126.824    4096
       2324 19.36666666667   32.93575   305.14996              -147.584    123.807    4096
       2325 19.37500000000   33.13668   305.22302              -147.646    129.641    4096
       2326 19.38333333333   33.33788   305.29552              -147.748    126.367    4096
       2327 19.39166666667   33.53936   305.36743              -147.827    125.844    4096
       2328 19.40000000000   33.74110   305.43876              -147.851    130.346    4096
       2329 19.40833333333   33.94311   305.50949              -147.990    127.852    4096
       2330 19.41666666667   34.14539   305.57963              -148.074    116.964    4096
       2331 19.42500000000   34.34793   305.64917              -148.176    116.297    4096
       2332 19.43333333333   34.55075   305.71810              -148.309    125.177    4096
       2333 19.44166666667   34.75384   305.78641              -148.398    109.645    4096
       2334 19.45000000000   34.95719   305.85410              -148.434    114.955    4096
       2335 19.45833333333   35.16081   305.92117              -148.579    112.804    4096
       2336 19.46666666667   35.36469   305.98761              -148.655    120.790    4096
       2337 19.47500000000   35.56885   306.05340              -148.747    120.124    4096
       2338 19.48333333333   35.77327   306.11855              -148.801    118.077    4096
       2339 19.49166666667   35.97795   306.18305              -148.916    117.002    4096
       2340 19.50000000000   36.18290   306.24690              -149.011    115.631    4096
       2341 19.50833333333   36.38812   306.31007              -149.046    113.728    4096
       2342 19.51666666667   36.59360   306.37258              -149.095    123.921    4096
       2343 19.52500000000   36.79934   306.43441              -149.272    110.044    4096
       2344 19.53333333333   37.00535   306.49555              -149.301    108.969    4096
       2345 19.54166666667   37.21162   306.55600              -149.409    118.896    4096
       2346 19.55000000000   37.41815   306.61575              -149.493    117.934    4096
       2347 19.55833333333   37.62494   306.67479              -149.586    117.116    4096
       2348 19.56666666667   37.83200   306.73312              -149.665    121.466    4096
       2349 19.57500000000   38.03931   306.79073              -149.771    116.592    4096
       2350 19.58333333333   38.24689   306.84761              -149.848    121.056    4096
       2351 19.59166666667   38.45472   306.90375              -149.932    126.662    4096
       2352 19.60000000000   38.66281   306.95915              -150.037    122.056    4096
       2353 19.60833333333   38.87116   307.01379              -150.157    119.305    4096
       2354 19.61666666667   39.07977   307.06767              -150.196    118.077    4096
       2355 19.62500000000   39.28863   307.12078              -150.294    116.031    4096
       2356 19.63333333333   39.49775   307.17311              -150.334  -2311.111    4096
       2357 19.64166666667   39.70712   307.22465              -150.451    120.381    4096
       2358 19.65000000000   39.91674   307.27540              -150.471    109.340    4096
       2359 19.65833333333   40.12662   307.32534              -150.583    113.433    4096
       2360 19.66666666667   40.33675   307.37447              -150.647    119.714    4096
       2361 19.67500000000   40.54713   307.42277              -150.703    112.919    4096
       2362 19.68333333333   40.75776   307.47024              -150.800    122.579    4096
       2363 19.69166666667   40.96864   307.51687              -150.877    117.973    4096
       2364 19.70000000000   41.17977   307.56264              -150.942    121.056    4096
       2365 19.70833333333   41.39114   307.60755              -151.027    118.344    4096
       2366 19.71666666667   41.60276   307.65159              -151.110    121.094    4096
       2367 19.72500000000   41.81462   307.69475              -151.220    119.724    4096
       2368 19.73333333333   42.02673   307.73701              -151.280    112.509    4096
       2369 19.74166666667   42.23908   307.77837              -151.319    109.749    4096
       2370 19.75000000000   42.45167   307.81881              -151.461    121.761    4096
       2371 19.75833333333   42.66450   307.85832              -151.587    110.044    4096
       2372 19.76666666667   42.87757   307.89690              -151.639  -2323.522    4096
       2373 19.77500000000   43.09087   307.93453              -151.714    112.062    4096
       2374 19.78333333333   43.30441   307.97119              -151.789  -2315.194    4096
       2375 19.79166666667   43.51818   308.00688              -151.869    114.289    4096
       2376 19.80000000000   43.73219   308.04159              -151.962    118.344    4096
       2377 19.80833333333   43.94643   308.07529              -151.996    121.466    4096
       2378 19.81666666667   44.16089   308.10799              -152.087    111.834    4096
       2379 19.82500000000   44.37559   308.13966              -152.151    117.678    4096
       2380 19.83333333333   44.59051   308.17029             18888.690    119.457    4096
       2381 19.84166666667   44.80566   308.19987               -54.638    116.849    4098
       2382 19.85000000000   45.02103   308.22839               -59.409    120.266    4096
       2383 19.85833333333   45.23662   308.25582               -59.464  -2315.194    4096
       2384 19.86666666667   45.45243   308.28217               -57.216  -2315.603    4098
       2385 19.87500000000   45.66846   308.30740                 0.000      0.000    5200
       2386 19.88333333333   45.88470   308.33151               -59.655    128.309    4096
       2387 19.89166666667   46.10116   308.35449               -55.089    132.097    4096
       2388 19.90000000000   46.31783   308.37631                 0.000      0.000    5200
       2389 19.90833333333   46.53471   308.39696               -55.221    123.807    4096
       2390 19.91666666667   46.75180   308.41642                 0.000      0.000    5232
       2391 19.92500000000   46.96909   308.43468               -50.684    121.247    4096
       2392 19.93333333333   47.18659   308.45172               -53.036    119.457    4098
       2393 19.94166666667   47.40428   308.46752               -50.736    113.623    4096
       2394 19.95000000000   47.62218   308.48207               -53.130    111.948    4098
       2395 19.95833333333   47.84027   308.49535               -50.854    113.994    4096
       2396 19.96666666667   48.05856   308.50733               -50.896    111.529    4096
       2397 19.97500000000   48.27704   308.51801               -50.931    111.129    4096
       2398 19.98333333333   48.49571   308.52735               -51.001    108.940    4096
       2399 19.99166666667   48.71457   308.53535               -51.067    109.902    4096
       2400 20.00000000000   48.93277   308.54133               -48.762    113.870    4098
       2401 20.00833333333   49.15282   308.54722               -48.815    116.440    4096
       2402 20.01666666667   49.37222   308.55105               -46.590    114.251    4096
       2403 20.02500000000   49.59180   308.55345               -46.663    108.931    4096
       2404 20.03333333333   49.81154   308.55439               -51.293    117.154    4098
       2405 20.04166666667   50.03146   308.55386               -51.393  -2319.838    4096
       2406 20.05000000000   50.25154   308.55183               -46.779    112.909    4098
       2407 20.05833333333   50.47179   308.54828               -44.471    114.137    4096
       2408 20.06666666667   50.69219   308.54318               -46.854    123.502    4098
       2409 20.07500000000   50.91276   308.53651               -46.938  -2317.649    4096
       2410 20.08333333333   51.13347   308.52825               -44.613    119.305    4096
       2411 20.09166666667   51.35434   308.51837               -44.690    118.230    4096
       2412 20.10000000000   51.57535   308.50684               -44.722    118.487    4096
       2413 20.10833333333   51.79650   308.49363                 0.000      0.000    5200
       2414 20.11666666667   52.01780   308.47872                 0.000      0.000    5200
       2415 20.12500000000   52.23922   308.46209               -47.199    118.191    4096
       2416 20.13333333333   52.46078   308.44369               -44.876    106.104    4096
       2417 20.14166666667   52.68247   308.42351               -44.929    118.334    4096
       2418 20.15000000000   52.90428   308.40151               -42.638    112.795    4098
       2419 20.15833333333   53.12621   308.37767               -42.669    109.749    4096
       2420 20.16666666667   53.34825   308.35194               -42.656    106.780    4096
       2421 20.17500000000   53.57040   308.32430               -42.721  -2324.188    4096
       2422 20.18333333333   53.79265   308.29472               -42.746    109.940    4096
       2423 20.19166666667   54.01501   308.26315               -42.766    108.674    4096
       2424 20.20000000000   54.23746   308.22958               -42.785    112.386    4096
       2425 20.20833333333   54.46001   308.19395               -42.785    109.340    4096
       2426 20.21666666667   54.68263   308.15624               -42.816    114.108    4096
       2427 20.22500000000   54.90534   308.11640               -42.861    109.749    4096
       2428 20.23333333333   55.12813   308.07441               -42.886    110.977    4096
       2429 20.24166666667   55.35098   308.03021                 0.000      0.000    5232
       2430 20.25000000000   55.57390   307.98377               -47.551    119.867    4096
       2431 20.25833333333   55.79687   307.93505               -45.253    115.479    4098
       2432 20.26666666667   56.01990   307.88401                 0.000      0.000    5200
       2433 20.27500000000   56.24297   307.83059               -42.951    114.137    4096
       2434 20.28333333333   56.46608   307.77477               -45.307    120.381    4096
       2435 20.29166666667   56.68923   307.71649                 0.000      0.000    5200
       2436 20.30000000000   56.91240   307.65570                 0.000      0.000    5200
       2437 20.30833333333   57.13560   307.59236               -38.386    108.007    4096
       2438 20.31666666667   57.35880   307.52642               -33.752  -2335.086    4098
       2439 20.32500000000   57.58201   307.45783               -33.742    108.407    4096
       2440 20.33333333333   57.80523   307.38653               -36.099    109.378    4098
       2441 20.34166666667   58.02843   307.31248               -40.747    114.546    4096
       2442 20.35000000000   58.25161   307.23561                 0.000      0.000    5200
       2443 20.35833333333   58.47477   307.15588               -40.756    120.381    4096
       2444 20.36666666667   58.69790   307.07322                 0.000      0.000    5200
       2445 20.37500000000   58.92099   306.98757                 0.000      0.000    5200
       2446 20.38333333333   59.14402   306.89888               -43.139    115.736    4096
       2447 20.39166666667   59.36700   306.80709               -45.491    116.849    4098
       2448 20.40000000000   59.58991   306.71212                 0.000      0.000    5200
       2449 20.40833333333   59.81275   306.61391                 0.000      0.000    5200
       2450 20.41666666667   60.03549   306.51240               -40.847    107.589    4096
       2451 20.42500000000   60.25814   306.40752                 0.000      0.000    5200
       2452 20.43333333333   60.48069   306.29919               -40.845    110.720    4096
       2453 20.44166666667   60.70311   306.18734               -40.894    113.318    4098
       2454 20.45000000000   60.92541   306.07189                 0.000      0.000    5200
       2455 20.45833333333   61.14757   305.95278                 0.000      0.000    5200
       2456 20.46666666667   61.36957   305.82991                 0.000      0.000    5232
       2457 20.47500000000   61.59142   305.70322               -38.552    112.652    4096
       2458 20.48333333333   61.81309   305.57260               -43.196    114.137    4098
       2459 20.49166666667   62.03457   305.43798                 0.000      0.000    5200
       2460 20.50000000000   62.25585   305.29928               -40.890  -2322.142    4096
       2461 20.50833333333   62.47692   305.15638                 0.000      0.000    5200
       2462 20.51666666667   62.69776   305.00922               -40.899    116.554    4096
       2463 20.52500000000   62.91836   304.85768               -36.249    113.985    4096
       2464 20.53333333333   63.13870   304.70166               -40.934    114.508    4098
       2465 20.54166666667   63.35878   304.54108               -38.623    110.615    4098
       2466 20.55000000000   63.57856   304.37581               -31.669    106.665    4098
       2467 20.55833333333   63.79805   304.20576               -36.314    111.796    4096
       2468 20.56666666667   64.01721   304.03081               -40.993    110.311    4098
       2469 20.57500000000   64.23604   303.85085                 0.000      0.000    5200
       2470 20.58333333333   64.45451   303.66576               -38.671    111.386    4096
       2471 20.59166666667   64.67262   303.47542               -36.345    112.462    4098
       2472 20.60000000000   64.89033   303.27971               -38.704    116.450    4096
       2473 20.60833333333   65.10764   303.07850               -36.406    109.226    4096
       2474 20.61666666667   65.32451   302.87166               -36.405    109.492    4098
       2475 20.62500000000   65.54094   302.65905               -41.087  -2322.408    4096
       2476 20.63333333333   65.75689   302.44054                 0.000      0.000    5200
       2477 20.64166666667   65.97235   302.21598                 0.000      0.000    5232
       2478 20.65000000000   66.18730   301.98523                 0.000      0.000    5200
       2479 20.65833333333   66.40170   301.74814               -34.209    104.172    4096
       2480 20.66666666667   66.61554   301.50455                 0.000      0.000    5200
       2481 20.67500000000   66.82880   301.25430                 0.000      0.000    5200
       2482 20.68333333333   67.04144   300.99723               -38.937    112.614    4096
       2483 20.69166666667   67.25344   300.73318               -41.290    113.842    4096
       2484 20.70000000000   67.46477   300.46197                 0.000      0.000    5200
       2485 20.70833333333   67.67540   300.18342                 0.000      0.000    5200
       2486 20.71666666667   67.88531   299.89736               -34.441    109.892    4096
       2487 20.72500000000   68.09446   299.60360                 0.000      0.000    5200
       2488 20.73333333333   68.30282   299.30194                 0.000      0.000    5200
       2489 20.74166666667   68.51036   298.99220                 0.000      0.000    5200
       2490 20.75000000000   68.71704   298.67417               -36.879    112.757    4096
       2491 20.75833333333   68.92283   298.34765                 0.000      0.000    5200
       2492 20.76666666667   69.12770   298.01242                 0.000      0.000    5232
       2493 20.77500000000   69.33160   297.66827               -34.683    113.728    4096
       2494 20.78333333333   69.53450   297.31499               -37.018    111.948    4098
       2495 20.79166666667   69.73636   296.95235                 0.000      0.000    5200
       2496 20.80000000000   69.93713   296.58011                 0.000      0.000    5200
       2497 20.80833333333   70.13678   296.19804                 0.000      0.000    5200
       2498 20.81666666667   70.33525   295.80591               -34.761    107.332    4096
       2499 20.82500000000   70.53251   295.40347               -39.416    111.015    4098
       2500 20.83333333333   70.72850   294.99047               -37.090    112.919    4096
       2501 20.84166666667   70.92317   294.56665                 0.000      0.000    5232
       2502 20.85000000000   71.11648   294.13177                 0.000      0.000    5232
       2503 20.85833333333   71.30837   293.68557                 0.000      0.000    5200
       2504 20.86666666667   71.49879   293.22776                 0.000      0.000    5200
       2505 20.87500000000   71.68769   292.75810                 0.000      0.000    5200
       2506 20.88333333333   71.87499   292.27632               -32.576    106.513    4096
       2507 20.89166666667   72.06065   291.78213                 0.000      0.000    5232
       2508 20.90000000000   72.24460   291.27526                 0.000      0.000    5200
       2509 20.90833333333   72.42677   290.75544                 0.000      0.000    5200
       2510 20.91666666667   72.60711   290.22240                 0.000      0.000    5200
       2511 20.92500000000   72.78554   289.67585                 0.000      0.000    5200
       2512 20.93333333333   72.96199   289.11553               -39.600    113.290    4096
       2513 20.94166666667   73.13640   288.54116                 0.000      0.000    5200
       2514 20.95000000000   73.30867   287.95246                 0.000      0.000    5200
       2515 20.95833333333   73.47875   287.34918                 0.000      0.000    5200
       2516 20.96666666667   73.64655   286.73106                 0.000      0.000    5232
       2517 20.97500000000   73.81198   286.09783                 0.000      0.000    5200
       2518 20.98333333333   73.97497   285.44925                 0.000      0.000    5200
       2519 20.99166666667   74.13542   284.78508                 0.000      0.000    5200
       2520 21.00000000000   74.29326   284.10510                 0.000      0.000    5200
       2521 21.00833333333   74.44838   283.40909                 0.000      0.000    5200
       2522 21.01666666667   74.60071   282.69685               -34.966    111.691    4096
       2523 21.02500000000   74.75014   281.96820               -39.610    114.803    4096
       2524 21.03333333333   74.89657   281.22297                 0.000      0.000    5200
       2525 21.04166666667   75.03991   280.46102               -39.576    113.471    4096
       2526 21.05000000000   75.18007   279.68223                 0.000      0.000    5200
       2527 21.05833333333   75.31693   278.88649                 0.000      0.000    5200
       2528 21.06666666667   75.45039   278.07374                 0.000      0.000    5200
       2529 21.07500000000   75.58035   277.24394                 0.000      0.000    5200
       2530 21.08333333333   75.70671   276.39709                 0.000      0.000    5200
       2531 21.09166666667   75.82935   275.53320                 0.000      0.000    5200
       2532 21.10000000000   75.94818   274.65236               -37.172    113.176    4096
       2533 21.10833333333   76.06308   273.75465                 0.000      0.000    5200
       2534 21.11666666667   76.17394   272.84024                 0.000      0.000    5200
       2535 21.12500000000   76.28066   271.90932                 0.000      0.000    5200
       2536 21.13333333333   76.38312   270.96212                 0.000      0.000    5200
       2537 21.14166666667   76.48124   269.99893                 0.000      0.000    5232
       2538 21.15000000000   76.57489   269.02010               -39.409    113.461    4096
       2539 21.15833333333   76.66397   268.02602                 0.000      0.000    5200
       2540 21.16666666667   76.74839   267.01712               -32.385    110.720    4096
       2541 21.17500000000   76.82804   265.99392                 0.000      0.000    5200
       2542 21.18333333333   76.90283   264.95695               -34.716    112.348    4096
       2543 21.19166666667   76.97267   263.90684               -32.338    109.749    4098
       2544 21.20000000000   77.03746   262.84425               -36.992    113.023    4096
       2545 21.20833333333   77.09712   261.76989                 0.000      0.000    5232
       2546 21.21666666667   77.15158   260.68453                 0.000      0.000    5200
       2547 21.22500000000   77.20075   259.58898                 0.000      0.000    5200
       2548 21.23333333333   77.24457   258.48412               -36.936    110.454    4096
       2549 21.24166666667   77.28297   257.37085                 0.000      0.000    5200
       2550 21.25000000000   77.31590   256.25012                 0.000      0.000    5200
       2551 21.25833333333   77.34331   255.12292               -34.603    110.758    4096
       2552 21.26666666667   77.36514   253.99028                 0.000      0.000    5200
       2553 21.27500000000   77.38137   252.85322                 0.000      0.000    5200
       2554 21.28333333333   77.39197   251.71284                 0.000      0.000    5200
       2555 21.29166666667   77.39691   250.57020               -34.492    110.311    4096
       2556 21.30000000000   77.39619   249.42642                 0.000      0.000    5232
       2557 21.30833333333   77.38979   248.28258                 0.000      0.000    5200
       2558 21.31666666667   77.37772   247.13980                 0.000      0.000    5200
       2559 21.32500000000   77.35998   245.99916                 0.000      0.000    5200
       2560 21.33333333333   77.33660   244.86175                 0.000      0.000    5232
       2561 21.34166666667   77.30760   243.72863                 0.000      0.000    5200
       2562 21.35000000000   77.27301   242.60083                 0.000      0.000    5200
       2563 21.35833333333   77.23288   241.47937               -34.256    107.037    4096
       2564 21.36666666667   77.18724   240.36523               -36.575    107.341    4096
       2565 21.37500000000   77.13616   239.25934                 0.000      0.000    5200
       2566 21.38333333333   77.07969   238.16259                 0.000      0.000    5200
       2567 21.39166666667   77.01790   237.07585               -36.487    106.370    4096
       2568 21.40000000000   76.95085   235.99990                 0.000      0.000    5232
       2569 21.40833333333   76.87864   234.93551                 0.000      0.000    5200
       2570 21.41666666667   76.80132   233.88336               -34.107    107.037    4096
       2571 21.42500000000   76.71900   232.84411                 0.000      0.000    5200
       2572 21.43333333333   76.63176   231.81835                 0.000      0.000    5200
       2573 21.44166666667   76.53969   230.80661               -40.994    113.166    4096
       2574 21.45000000000   76.44289   229.80938                 0.000      0.000    5200
       2575 21.45833333333   76.34145   228.82709                 0.000      0.000    5200
       2576 21.46666666667   76.23547   227.86010                 0.000      0.000    5200
       2577 21.47500000000   76.12507   226.90874                 0.000      0.000    5200
       2578 21.48333333333   76.01033   225.97329               -40.980    112.509    4096
       2579 21.49166666667   75.89136   225.05397                 0.000      0.000    5200
       2580 21.50000000000   75.76827   224.15095                 0.000      0.000    5232
       2581 21.50833333333   75.64115   223.26438               -38.576    113.575    4096
       2582 21.51666666667   75.51013   222.39435                 0.000      0.000    5200
       2583 21.52500000000   75.37529   221.54090               -38.526    111.948    4096
       2584 21.53333333333   75.23674   220.70406                 0.000      0.000    5200
       2585 21.54166666667   75.09458   219.88381               -40.786    113.585    4096
       2586 21.55000000000   74.94892   219.08010               -45.376    116.849    4096
       2587 21.55833333333   74.79985   218.29285                 0.000      0.000    5200
       2588 21.56666666667   74.64748   217.52196                 0.000      0.000    5200
       2589 21.57500000000   74.49190   216.76729               -42.968    114.394    4096
       2590 21.58333333333   74.33320   216.02870                 0.000      0.000    5200
       2591 21.59166666667   74.17148   215.30602                 0.000      0.000    5200
       2592 21.60000000000   74.00683   214.59904                 0.000      0.000    5200
       2593 21.60833333333   73.83935   213.90758                 0.000      0.000    5200
       2594 21.61666666667   73.66911   213.23141                 0.000      0.000    5200
       2595 21.62500000000   73.49621   212.57030                 0.000      0.000    5232
       2596 21.63333333333   73.32073   211.92400                 0.000      0.000    5232
       2597 21.64166666667   73.14274   211.29228               -42.799    111.948    4096
       2598 21.65000000000   72.96234   210.67487                 0.000      0.000    5200
       2599 21.65833333333   72.77959   210.07150                 0.000      0.000    5200
       2600 21.66666666667   72.59457   209.48192               -47.318    118.487    4096
       2601 21.67500000000   72.40736   208.90585                 0.000      0.000    5200
       2602 21.68333333333   72.21802   208.34302                 0.000      0.000    5200
       2603 21.69166666667   72.02662   207.79314                 0.000      0.000    5200
       2604 21.70000000000   71.83324   207.25596                 0.000      0.000    5200
       2605 21.70833333333   71.63793   206.73118               -44.883    113.985    4096
       2606 21.71666666667   71.44076   206.21854                 0.000      0.000    5232
       2607 21.72500000000   71.24179   205.71775                 0.000      0.000    5200
       2608 21.73333333333   71.04108   205.22856               -47.131    115.098    4096
       2609 21.74166666667   70.83869   204.75069                 0.000      0.000    5200
       2610 21.75000000000   70.63466   204.28387                 0.000      0.000    5200
       2611 21.75833333333   70.42906   203.82784                 0.000      0.000    5200
       2612 21.76666666667   70.22193   203.38235                 0.000      0.000    5200
       2613 21.77500000000   70.01333   202.94713               -44.723    116.450    4096
       2614 21.78333333333   69.80331   202.52193                 0.000      0.000    5200
       2615 21.79166666667   69.59190   202.10652                 0.000      0.000    5200
       2616 21.80000000000   69.37917   201.70064                 0.000      0.000    5200
       2617 21.80833333333   69.16514   201.30405                 0.000      0.000    5200
       2618 21.81666666667   68.94987   200.91654                 0.000      0.000    5200
       2619 21.82500000000   68.73339   200.53785               -42.359    109.749    4096
       2620 21.83333333333   68.51575   200.16778             18996.298  -2325.530    4096
       2621 21.84166666667   68.29698   199.80611                 0.000      0.000    5232
       2622 21.85000000000   68.07712   199.45261                 0.000      0.000    5200
       2623 21.85833333333   67.85621   199.10709               -46.842    111.539    4096
       2624 21.86666666667   67.63428   198.76934                 0.000      0.000    5200
       2625 21.87500000000   67.41136   198.43916                 0.000      0.000    5200
       2626 21.88333333333   67.18749   198.11635                 0.000      0.000    5200
       2627 21.89166666667   66.96270   197.80073                 0.000      0.000    5200
       2628 21.90000000000   66.73702   197.49211                 0.000      0.000    5200
       2629 21.90833333333   66.51048   197.19031                 0.000      0.000    5232
       2630 21.91666666667   66.28311   196.89516               -51.152    116.040    4096
       2631 21.92500000000   66.05494   196.60649                 0.000      0.000    5200
       2632 21.93333333333   65.82598   196.32413               -46.394    110.311    4096
       2633 21.94166666667   65.59628   196.04791                 0.000      0.000    5200
       2634 21.95000000000   65.36585   195.77769                 0.000      0.000    5232
       2635 21.95833333333   65.13472   195.51331               -48.599    113.985    4096
       2636 21.96666666667   64.90292   195.25462                 0.000      0.000    5200
       2637 21.97500000000   64.67046   195.00147                 0.000      0.000    5200
       2638 21.98333333333   64.43737   194.75372               -48.470    111.796    4096
       2639 21.99166666667   64.20367   194.51124                 0.000      0.000    5200
       2640 22.00000000000   63.97001   194.27549               -46.052    116.859    4096
       2641 22.00833333333   63.73452   194.04155               -48.342    111.948    4096
       2642 22.01666666667   63.49911   193.81408               -45.974    110.311    4098
       2643 22.02500000000   63.26317   193.59136                 0.000      0.000    5200
       2644 22.03333333333   63.02672   193.37328               -48.265    117.373    4096
       2645 22.04166666667   62.78978   193.15971                 0.000      0.000    5200
       2646 22.05000000000   62.55236   192.95055               -55.082    119.457    4096
       2647 22.05833333333   62.31449   192.74568               -48.062    114.251    4098
       2648 22.06666666667   62.07617   192.54500                 0.000      0.000    5200
       2649 22.07500000000   61.83743   192.34840               -52.550    117.259    4096
       2650 22.08333333333   61.59828   192.15579               -47.809    113.585    4096
       2651 22.09166666667   61.35873   191.96705               -47.758    112.205    4098
       2652 22.10000000000   61.11881   191.78211               -50.003    113.994    4096
       2653 22.10833333333   60.87852   191.60086                 0.000      0.000    5200
       2654 22.11666666667   60.63788   191.42321               -49.855    115.365    4096
       2655 22.12500000000   60.39690   191.24908                 0.000      0.000    5200
       2656 22.13333333333   60.15559   191.07838               -49.802    114.955    4096
       2657 22.14166666667   59.91398   190.91103                 0.000      0.000    5200
       2658 22.15000000000   59.67207   190.74694               -52.008    117.259    4096
       2659 22.15833333333   59.42987   190.58604               -56.629    118.753    4098
       2660 22.16666666667   59.18739   190.42825                 0.000      0.000    5200
       2661 22.17500000000   58.94466   190.27350                 0.000      0.000    5200
       2662 22.18333333333   58.70167   190.12171               -53.977    121.047    4096
       2663 22.19166666667   58.45844   189.97281                 0.000      0.000    5200
       2664 22.20000000000   58.21498   189.82673                 0.000      0.000    5200
       2665 22.20833333333   57.97131   189.68341               -60.826    122.693    4096
       2666 22.21666666667   57.72742   189.54277                 0.000      0.000    5200
       2667 22.22500000000   57.48334   189.40477                 0.000      0.000    5200
       2668 22.23333333333   57.23907   189.26933                 0.000      0.000    5200
       2669 22.24166666667   56.99461   189.13639                 0.000      0.000    5200
       2670 22.25000000000   56.74999   189.00590                 0.000      0.000    5200
       2671 22.25833333333   56.50521   188.87780                 0.000      0.000    5200
       2672 22.26666666667   56.26028   188.75203               -58.482    122.018    4096
       2673 22.27500000000   56.01520   188.62853               -65.413    128.157    4098
       2674 22.28333333333   55.76999   188.50727                 0.000      0.000    5200
       2675 22.29166666667   55.52465   188.38817                 0.000      0.000    5232
       2676 22.30000000000   55.27920   188.27120                 0.000      0.000    5200
       2677 22.30833333333   55.03363   188.15631                 0.000      0.000    5200
       2678 22.31666666667   54.78796   188.04344                 0.000      0.000    5200
       2679 22.32500000000   54.54220   187.93255                 0.000      0.000    5200
       2680 22.33333333333   54.29635   187.82359               -58.251    116.183    4096
       2681 22.34166666667   54.05042   187.71653               -55.919    115.365    4098
       2682 22.35000000000   53.80441   187.61131               -53.567    115.517    4096
       2683 22.35833333333   53.55834   187.50789                 0.000      0.000    5200
       2684 22.36666666667   53.31221   187.40624               -62.741    123.103    4096
       2685 22.37500000000   53.06603   187.30632               -62.716    122.836    4096
       2686 22.38333333333   52.81980   187.20808               -62.656    125.177    4098
       2687 22.39166666667   52.57354   187.11148                 0.000      0.000    5200
       2688 22.40000000000   52.32724   187.01649                 0.000      0.000    5232
       2689 22.40833333333   52.08091   186.92308               -57.864    112.091    4096
       2690 22.41666666667   51.83456   186.83120                 0.000      0.000    5232
       2691 22.42500000000   51.58820   186.74083                 0.000      0.000    5200
       2692 22.43333333333   51.34182   186.65192               -57.702    117.516    4096
       2693 22.44166666667   51.09545   186.56445                 0.000      0.000    5200
       2694 22.45000000000   50.84907   186.47838               -59.961    116.592    4096
       2695 22.45833333333   50.60270   186.39369               -62.249    126.520    4098
       2696 22.46666666667   50.35635   186.31033               -64.468    118.077    4098
       2697 22.47500000000   50.11001   186.22829               -62.104    121.313    4096
       2698 22.48333333333   49.86370   186.14753               -62.039    118.905    4096
       2699 22.49166666667   49.61741   186.06802                 0.000      0.000    5200
       2700 22.50000000000   49.37116   185.98974               -59.612    121.351    4096
       2701 22.50833333333   49.12495   185.91265               -59.600    113.023    4096
       2702 22.51666666667   48.87877   185.83673               -59.576    122.836    4096
       2703 22.52500000000   48.63265   185.76196               -59.504    122.579    4096
       2704 22.53333333333   48.38658   185.68830               -59.469    119.457    4096
       2705 22.54166666667   48.14056   185.61574               -59.453    119.305    4096
       2706 22.55000000000   47.89461   185.54425               -59.442    120.942    4096
       2707 22.55833333333   47.64872   185.47380               -59.448    122.579    4096
       2708 22.56666666667   47.40290   185.40438               -59.459    125.444    4096
       2709 22.57500000000   47.15716   185.33595               -59.414    122.988    4096
       2710 22.58333333333   46.91149   185.26850               -59.456    118.191    4096
       2711 22.59166666667   46.66591   185.20200               -59.465    121.504    4096
       2712 22.60000000000   46.42041   185.13644               -59.473    125.444    4096
       2713 22.60833333333   46.17501   185.07179               -59.427    121.199    4096
       2714 22.61666666667   45.92970   185.00803               -59.369    125.025    4096
       2715 22.62500000000   45.68448   184.94514               -59.390    121.351    4096
       2716 22.63333333333   45.43937   184.88310               -59.363  -2314.784    4096
       2717 22.64166666667   45.19436   184.82189               -59.329    109.226    4096
       2718 22.65000000000   44.94947   184.76149                 0.000      0.000    5200
       2719 22.65833333333   44.70468   184.70189               -61.607    116.297    4096
       2720 22.66666666667   44.46002   184.64307               -61.552    114.955    4096
       2721 22.67500000000   44.21547   184.58500               -61.480    112.766    4096
       2722 22.68333333333   43.97104   184.52767               -61.461    117.259    4096
       2723 22.69166666667   43.72674   184.47107               -61.379    115.774    4096
       2724 22.70000000000   43.48258   184.41518               -61.340    115.365    4096
       2725 22.70833333333   43.23854   184.35997               -61.336    117.002    4096
       2726 22.71666666667   42.99464   184.30544               -61.310    119.200    4096
       2727 22.72500000000   42.75088   184.25157               -61.295    112.614    4096
       2728 22.73333333333   42.50727   184.19834               -61.302    120.390    4096
       2729 22.74166666667   42.26380   184.14574               -61.247    124.321    4096
       2730 22.75000000000   42.02047   184.09375               -61.131    131.021    4096
       2731 22.75833333333   41.77730   184.04236               -61.069    124.064    4096
       2732 22.76666666667   41.53429   183.99156               -61.021    122.836    4096
       2733 22.77500000000   41.29143   183.94132               -60.939    124.207    4096
       2734 22.78333333333   41.04873   183.89164               -60.850    122.275    4096
       2735 22.79166666667   40.80620   183.84251               -60.824    113.728    4096
       2736 22.80000000000   40.56383   183.79390               -60.777    113.471    4096
       2737 22.80833333333   40.32163   183.74581               -60.706    114.146    4096
       2738 22.81666666667   40.07960   183.69823               -60.620    119.971    4096
       2739 22.82500000000   39.83775   183.65113               -60.539    123.921    4096
       2740 22.83333333333   39.59607   183.60452               -60.418    112.471    4096
       2741 22.84166666667   39.35457   183.55837               -60.346    109.083    4096
       2742 22.85000000000   39.11325   183.51268               -60.250  -2322.294    4096
       2743 22.85833333333   38.87212   183.46743               -60.168    112.395    4096
       2744 22.86666666667   38.63118   183.42261               -60.030    105.847    4096
       2745 22.87500000000   38.39042   183.37821               -59.931    109.378    4096
       2746 22.88333333333   38.14985   183.33423               -59.738    111.015    4096
       2747 22.89166666667   37.90948   183.29064               -59.571    114.813    4096
       2748 22.90000000000   37.66931   183.24744               -59.426    112.462    4096
       2749 22.90833333333   37.42933   183.20461               -59.276    112.804    4096
       2750 22.91666666667   37.18956   183.16216               -59.150    111.948    4096
       2751 22.92500000000   36.94998   183.12006               -59.041    125.025    4096
       2752 22.93333333333   36.71062   183.07831               -58.805    115.917    4096
       2753 22.94166666667   36.47146   183.03690               -58.715    114.518    4096
       2754 22.95000000000   36.23251   182.99581               -58.594  -2322.399    4096
       2755 22.95833333333   35.99377   182.95504               -58.486    107.332    4096
       2756 22.96666666667   35.75524   182.91459               -58.443    119.714    4096
       2757 22.97500000000   35.51693   182.87443               -58.354    122.427    4096
       2758 22.98333333333   35.27884   182.83456               -58.274    123.398    4096
       2759 22.99166666667   35.04097   182.79497               -58.199    128.147    4096
       2760 23.00000000000   34.80332   182.75566               -58.114    128.709    4096
       2761 23.00833333333   34.56590   182.71662               -58.053    126.776    4096
       2762 23.01666666667   34.32870   182.67783               -57.983    128.157    4096
       2763 23.02500000000   34.09172   182.63928               -57.871    124.064    4096
       2764 23.03333333333   33.85498   182.60098               -57.822    134.286    4096
       2765 23.04166666667   33.61847   182.56291               -57.669    136.742    4096
       2766 23.05000000000   33.38219   182.52506               -57.596    127.195    4096
       2767 23.05833333333   33.14615   182.48743               -57.505  -2311.920    4096
       2768 23.06666666667   32.91035   182.45001               -57.414    119.714    4096
       2769 23.07500000000   32.67478   182.41279               -57.396    128.157    4096
       2770 23.08333333333   32.43945   182.37576               -57.234    135.257    4096
       2771 23.09166666667   32.20437   182.33892               -57.136    134.257    4096
       2772 23.10000000000   31.96953   182.30226               -57.060    125.444    4096
       2773 23.10833333333   31.73494   182.26577               -56.946    131.164    4096
       2774 23.11666666667   31.50059   182.22944               -56.872    130.498    4096
       2775 23.12500000000   31.26649   182.19327               -56.736    134.581    4096
       2776 23.13333333333   31.03265   182.15726               -56.620    132.392    4096
       2777 23.14166666667   30.79905   182.12138               -56.519    136.742    4096
       2778 23.15000000000   30.56571   182.08565               -56.365    132.954    4096
       2779 23.15833333333   30.33262   182.05004               -56.232    128.823    4096
       2780 23.16666666667   30.09979   182.01457               -56.089    130.869    4096
       2781 23.17500000000   29.86722   181.97920               -55.977    131.126    4096
       2782 23.18333333333   29.63491   181.94396               -55.904    126.672    4096
       2783 23.19166666667   29.40287   181.90881               -55.679    120.124    4096
       2784 23.20000000000   29.17108   181.87377               -55.607    136.703    4096
       2785 23.20833333333   28.93956   181.83882               -55.419    138.226    4096
       2786 23.21666666667   28.70830   181.80396               -55.275    134.143    4096
       2787 23.22500000000   28.47732   181.76918               -55.100    126.929    4096
       2788 23.23333333333   28.24660   181.73448               -54.947    118.230    4096
       2789 23.24166666667   28.01615   181.69985               -54.834    132.506    4096
       2790 23.25000000000   27.78597   181.66528               -54.675    127.862    4096
       2791 23.25833333333   27.55607   181.63077               -54.489    125.958    4096
       2792 23.26666666667   27.32644   181.59632               -54.355    134.143    4096
       2793 23.27500000000   27.09709   181.56192               -54.216    123.398    4096
       2794 23.28333333333   26.86801   181.52756               -54.036    136.075    4096
       2795 23.29166666667   26.63921   181.49323               -53.920    118.896    4096
       2796 23.30000000000   26.41069   181.45894               -53.739    128.299    4096
       2797 23.30833333333   26.18246   181.42468               -53.659    125.701    4096
       2798 23.31666666667   25.95450   181.39044               -53.512    121.313    4096
       2799 23.32500000000   25.72683   181.35622               -53.405    117.525    4096
       2800 23.33333333333   25.49944   181.32201               -53.291    113.433    4096
       2801 23.34166666667   25.27234   181.28780               -53.212    120.124    4096
       2802 23.35000000000   25.04553   181.25360               -53.156    120.790    4096
       2803 23.35833333333   24.81901   181.21940               -53.082    125.549    4096
       2804 23.36666666667   24.59277   181.18519               -52.991    114.803    4096
       2805 23.37500000000   24.36683   181.15097               -52.960    136.190    4096
       2806 23.38333333333   24.14118   181.11674               -52.812    132.915    4096
       2807 23.39166666667   23.91582   181.08248               -52.668  -2307.313    4096
       2808 23.40000000000   23.69076   181.04820               -52.593    129.384    4096
       2809 23.40833333333   23.46599   181.01389               -52.424    135.666    4096
       2810 23.41666666667   23.24152   180.97955               -52.245    136.447    4096
       2811 23.42500000000   23.01735   180.94517               -52.070    118.601    4096
       2812 23.43333333333   22.79348   180.91074               -51.984    131.431    4096
       2813 23.44166666667   22.56990   180.87627               -51.833    129.794    4096
       2814 23.45000000000   22.34663   180.84174               -51.651    125.958    4096
       2815 23.45833333333   22.12366   180.80717               -51.466    131.316    4096
       2816 23.46666666667   21.90100   180.77253               -51.262    123.655    4096
       2817 23.47500000000   21.67864   180.73783               -51.027    130.869    4096
       2818 23.48333333333   21.45658   180.70306               -50.881    126.263    4096
       2819 23.49166666667   21.23483   180.66822               -50.671    126.520    4096
       2820 23.50000000000   21.01339   180.63330               -50.477    132.392    4096
       2821 23.50833333333   20.79226   180.59830               -50.259    137.265    4096
       2822 23.51666666667   20.57144   180.56322               -50.074    128.975    4096
       2823 23.52500000000   20.35093   180.52806               -49.916    131.726    4096
       2824 23.53333333333   20.13073   180.49280               -49.792    136.999    4096
       2825 23.54166666667   19.91084   180.45744               -49.572    148.610    4096
       2826 23.55000000000   19.69127   180.42199               -49.429    144.632    4096
       2827 23.55833333333   19.47202   180.38644               -49.233    138.902    4096
       2828 23.56666666667   19.25308   180.35078               -49.040    141.795    4096
       2829 23.57500000000   19.03445   180.31501               -48.852    146.259    4096
       2830 23.58333333333   18.81615   180.27912               -48.629    139.197    4096
       2831 23.59166666667   18.59816   180.24312               -48.464  -2303.220    4096
       2832 23.60000000000   18.38050   180.20700               -48.299    136.437    4096
       2833 23.60833333333   18.16315   180.17075               -48.119    132.506    4096
       2834 23.61666666667   17.94613   180.13438               -48.000    134.695    4096
       2835 23.62500000000   17.72943   180.09787               -47.895    127.852    4096
       2836 23.63333333333   17.51306   180.06123               -47.836    134.248    4096
       2837 23.64166666667   17.29701   180.02446               -47.795    129.232    4096
       2838 23.65000000000   17.08128   179.98754               -47.633    136.856    4096
       2839 23.65833333333   16.86588   179.95048               -47.414  -2307.018    4096
       2840 23.66666666667   16.65081   179.91326               -47.241    134.695    4096
       2841 23.67500000000   16.43607   179.87590               -47.056    136.599    4096
       2842 23.68333333333   16.22166   179.83838               -46.904    130.717    4096
       2843 23.69166666667   16.00757   179.80071               -46.771    116.288    4096
       2844 23.70000000000   15.79382   179.76287               -46.702    126.624    4096
       2845 23.70833333333   15.58040   179.72487               -46.578    132.915    4096
       2846 23.71666666667   15.36732   179.68670               -46.498    138.893    4096
       2847 23.72500000000   15.15457   179.64837               -46.288    128.157    4096
       2848 23.73333333333   14.94215   179.60985               -46.105    138.788    4096
       2849 23.74166666667   14.73007   179.57116               -45.905    127.633    4096
       2850 23.75000000000   14.51833   179.53229               -45.715    124.359    4096
