# Created on 2022-09-13 07:27:24 
# Sources: obs\TPKL1681.22O, nav\TPKL1681.22N
# Satellite: G12
# Interval: 30.0
# Sampling interval: 0.0 (not used).
# Site: TPKL
# Position (L, B, H): 78.5290569025, 42.4638637031, 1886.01891334
# Position (X, Y, Z): 937429.6846, 4619604.6444, 4285027.6573
# datetime format: %Y-%m-%dT%H:%M:%S
# Columns: tsn, hour, el, az, tec.l1l2, tec.p1p2, validity
# (I11,1X,F14.11,1X,F10.5,1X,F11.5,1X,F21.3,1X,F10.3,1X,I7)
        452  3.76666666667   18.26570   304.28913              -113.139    133.058    4096
        453  3.77500000000   18.45738   304.37513              -113.351    123.807    4096
        454  3.78333333333   18.64932   304.46067              -113.514    120.685    4096
        455  3.79166666667   18.84154   304.54576              -113.680  -2316.831    4096
        456  3.80000000000   19.03402   304.63038              -113.846    130.203    4096
        457  3.80833333333   19.22677   304.71454              -114.089    133.477    4096
        458  3.81666666667   19.41979   304.79823              -114.178    125.701    4096
        459  3.82500000000   19.61308   304.88145              -114.372    125.444    4096
        460  3.83333333333   19.80665   304.96420              -114.574    113.166    4096
        461  3.84166666667   20.00048   305.04647              -114.655    124.359    4096
        462  3.85000000000   20.19458   305.12826              -114.783    120.676    4096
        463  3.85833333333   20.38895   305.20956              -114.927    124.473    4096
        464  3.86666666667   20.58359   305.29038              -115.125    120.238    4096
        465  3.87500000000   20.77850   305.37070             18925.709  -2318.354    4096
        466  3.88333333333   20.97367   305.45053              -115.468    122.322    4096
        467  3.89166666667   21.16912   305.52986              -115.503    127.633    4096
        468  3.90000000000   21.36484   305.60869              -115.763    129.641    4096
        469  3.90833333333   21.56083   305.68702              -115.813    130.612    4096
        470  3.91666666667   21.75709   305.76483              -116.100    123.912    4096
        471  3.92500000000   21.95361   305.84213              -116.277    133.877    4096
        472  3.93333333333   22.15041   305.91892              -116.471    132.354    4096
        473  3.94166666667   22.34747   305.99518              -116.534    121.094    4096
        474  3.95000000000   22.54481   306.07092              -116.784    120.942    4096
        475  3.95833333333   22.74241   306.14614              -116.962    134.286    4096
        476  3.96666666667   22.94028   306.22082              -117.113    119.200    4096
        477  3.97500000000   23.13842   306.29496              -117.350    134.296    4096
        478  3.98333333333   23.33683   306.36857              -117.485    134.143    4096
        479  3.99166666667   23.53551   306.44163              -117.655    129.118    4096
        480  4.00000000000   23.73445   306.51414              -117.705    127.890    4096
        481  4.00833333333   23.93366   306.58610              -117.996    114.242    4096
        482  4.01666666667   24.13314   306.65750              -118.160    118.334    4096
        483  4.02500000000   24.33289   306.72834              -118.237    111.015    4096
        484  4.03333333333   24.53290   306.79861              -118.462    123.141    4096
        485  4.04166666667   24.73318   306.86832              -118.493    116.031    4096
        486  4.05000000000   24.93373   306.93745              -118.655    110.044    4096
        487  4.05833333333   25.13454   307.00600              -118.878    118.896    4096
        488  4.06666666667   25.33562   307.07397              -118.957    124.178    4096
        489  4.07500000000   25.53697   307.14135              -119.114    124.616    4096
        490  4.08333333333   25.73858   307.20813              -119.257    122.427    4096
        491  4.09166666667   25.94045   307.27432              -119.355    119.867    4096
        492  4.10000000000   26.14259   307.33991              -119.520    119.562    4096
        493  4.10833333333   26.34499   307.40488              -119.698    125.853    4096
        494  4.11666666667   26.54766   307.46925              -119.815    125.815    4096
        495  4.12500000000   26.75059   307.53300              -119.933    119.714    4096
        496  4.13333333333   26.95378   307.59612              -120.126    123.141    4096
        497  4.14166666667   27.15724   307.65862              -120.270    125.996    4096
        498  4.15000000000   27.36095   307.72049              -120.419    116.297    4096
        499  4.15833333333   27.56493   307.78171              -120.529    114.955    4096
        500  4.16666666667   27.76917   307.84229              -120.707    111.948    4096
        501  4.17500000000   27.97367   307.90223              -120.838    124.473    4096
        502  4.18333333333   28.17842   307.96151              -120.979    124.359    4096
        503  4.19166666667   28.38344   308.02012              -121.083    115.222    4096
        504  4.20000000000   28.58871   308.07808              -121.282    114.137    4096
        505  4.20833333333   28.79425   308.13535              -121.455    114.803    4096
        506  4.21666666667   29.00003   308.19196              -121.586    119.039    4096
        507  4.22500000000   29.20608   308.24787              -121.675    110.044    4096
        508  4.23333333333   29.41238   308.30310              -121.847    110.044    4096
        509  4.24166666667   29.61894   308.35763              -121.924    117.563    4096
        510  4.25000000000   29.82575   308.41146              -122.101  -2325.682    4096
        511  4.25833333333   30.03281   308.46458              -122.157    114.251    4096
        512  4.26666666667   30.24012   308.51699              -122.286    109.378    4096
        513  4.27500000000   30.44769   308.56868              -122.420    102.944    4096
        514  4.28333333333   30.65551   308.61963              -122.583    102.535    4096
        515  4.29166666667   30.86358   308.66985              -122.624    101.307    4096
        516  4.30000000000   31.07190   308.71934              -122.800    110.044    4096
        517  4.30833333333   31.28046   308.76807              -122.919    103.401    4096
        518  4.31666666667   31.48928   308.81604              -123.026    107.189    4096
        519  4.32500000000   31.69834   308.86326              -123.116    124.616    4096
        520  4.33333333333   31.90764   308.90970              -123.283    124.882    4096
        521  4.34166666667   32.11719   308.95537              -123.432    117.259    4096
        522  4.35000000000   32.32698   309.00025              -123.539    110.054    4096
        523  4.35833333333   32.53702   309.04435              -123.651    114.508    4096
        524  4.36666666667   32.74729   309.08764              -123.715    109.635    4096
        525  4.37500000000   32.95781   309.13012              -123.841    106.104    4096
        526  4.38333333333   33.16856   309.17179              -123.935    104.324    4096
        527  4.39166666667   33.37956   309.21264              -124.059    109.787    4096
        528  4.40000000000   33.59078   309.25265              -124.166    105.552    4096
        529  4.40833333333   33.80225   309.29183              -124.308    117.782    4096
        530  4.41666666667   34.01395   309.33015              -124.365  -2314.518    4096
        531  4.42500000000   34.22588   309.36762              -124.549    127.338    4096
        532  4.43333333333   34.43804   309.40422              -124.601    117.259    4096
        533  4.44166666667   34.65043   309.43995              -124.736    111.129    4096
        534  4.45000000000   34.86305   309.47480              -124.813    102.021    4096
        535  4.45833333333   35.07590   309.50876              -124.935    105.961    4096
        536  4.46666666667   35.28897   309.54181              -125.023  -2325.311    4096
        537  4.47500000000   35.50226   309.57395              -125.166    110.568    4096
        538  4.48333333333   35.71578   309.60517              -125.246    103.763    4096
        539  4.49166666667   35.92952   309.63546              -125.378    105.961    4096
        540  4.50000000000   36.14348   309.66481              -125.468     98.042    4096
        541  4.50833333333   36.35766   309.69321              -125.610    105.400    4096
        542  4.51666666667   36.57205   309.72065              -125.717    103.763    4096
        543  4.52500000000   36.78666   309.74712              -125.826    103.915    4096
        544  4.53333333333   37.00147   309.77261              -125.915    115.060    4096
        545  4.54166666667   37.21650   309.79711              -126.040    107.560    4096
        546  4.55000000000   37.43174   309.82060              -126.100  -2320.514    4096
        547  4.55833333333   37.64718   309.84308              -126.196    121.237    4096
        548  4.56666666667   37.86283   309.86454              -126.327  -2314.784    4096
        549  4.57500000000   38.07869   309.88495              -126.382    116.849    4096
        550  4.58333333333   38.29474   309.90432              -126.510    111.948    4096
        551  4.59166666667   38.51099   309.92263              -126.607    108.112    4096
        552  4.60000000000   38.72744   309.93987              -126.727    108.674    4096
        553  4.60833333333   38.94408   309.95602              -126.733    111.834    4096
        554  4.61666666667   39.16091   309.97107              -126.860    110.568    4096
        555  4.62500000000   39.37793   309.98502              -126.956    108.007    4096
        556  4.63333333333   39.59514   309.99784              -127.033    105.400    4096
        557  4.64166666667   39.81254   310.00952              -127.144    102.021    4096
        558  4.65000000000   40.03012   310.02006              -127.181    105.809    4096
        559  4.65833333333   40.24788   310.02943              -127.323    112.386    4096
        560  4.66666666667   40.46581   310.03763              -127.394    111.120    4096
        561  4.67500000000   40.68392   310.04463              -127.507    113.471    4096
        562  4.68333333333   40.90220   310.05043              -127.569    118.077    4096
        563  4.69166666667   41.12066   310.05501              -127.626     99.936    4096
        564  4.70000000000   41.33928   310.05835              -127.724    106.665    4096
        565  4.70833333333   41.55806   310.06044              -127.808     97.928    4096
        566  4.71666666667   41.77700   310.06127              -127.834    107.037    4096
        567  4.72500000000   41.99610   310.06081              -127.944    104.581    4096
        568  4.73333333333   42.21536   310.05906              -128.018    105.400    4096
        569  4.74166666667   42.43477   310.05599              -128.055     94.245    4096
        570  4.75000000000   42.65433   310.05159              -128.132    107.341    4096
        571  4.75833333333   42.87403   310.04585              -128.242    100.079    4096
        572  4.76666666667   43.09387   310.03874              -128.302    103.391    4096
        573  4.77500000000   43.31386   310.03025              -128.328    116.183    4096
        574  4.78333333333   43.53398   310.02035              -128.433    110.197    4096
        575  4.79166666667   43.75423   310.00904              -128.493    102.944    4096
        576  4.80000000000   43.97461   309.99629              -128.541    105.295    4096
        577  4.80833333333   44.19511   309.98209              -128.670    110.977    4096
        578  4.81666666667   44.41574   309.96641              -128.681    106.513    4096
        579  4.82500000000   44.63648   309.94923              -128.794    116.592    4096
        580  4.83333333333   44.85733   309.93054              -128.848  -2330.289    4096
        581  4.84166666667   45.07829   309.91031              -128.901    104.324    4096
        582  4.85000000000   45.29936   309.88853              -129.018    107.855    4096
        583  4.85833333333   45.52053   309.86516              -129.093    103.211    4096
        584  4.86666666667   45.74180   309.84020              -129.183     99.565    4096
        585  4.87500000000   45.96315   309.81362              -129.280    106.523    4096
        586  4.88333333333   46.18460   309.78539              -129.402    108.978    4096
        587  4.89166666667   46.40613   309.75550              -129.486    107.332    4096
        588  4.90000000000   46.62773   309.72391              -129.527    105.409    4096
        589  4.90833333333   46.84941   309.69061              -129.622    109.635    4096
        590  4.91666666667   47.07116   309.65558             18911.271  -2329.470    4096
        591  4.92500000000   47.29297   309.61877              -129.726    105.961    4096
        592  4.93333333333   47.51484   309.58018              -129.783    106.361    4096
        593  4.94166666667   47.73677   309.53978              -129.802    104.591    4096
        594  4.95000000000   47.95874   309.49753              -129.863    109.902    4096
        595  4.95833333333   48.18075   309.45342              -129.941    105.295    4096
        596  4.96666666667   48.40281   309.40741              -129.987    106.523    4096
        597  4.97500000000   48.62489   309.35947              -130.029    109.749    4096
        598  4.98333333333   48.84700   309.30959              -130.034  -2329.765    4096
        599  4.99166666667   49.06913   309.25772              -130.064    106.627    4096
        600  5.00000000000   49.29127   309.20385              -130.110    108.379    4096
        601  5.00833333333   49.51342   309.14793              -130.132    105.952    4096
        602  5.01666666667   49.73557   309.08994              -130.147    101.602    4096
        603  5.02500000000   49.95772   309.02985              -130.206    106.513    4096
        604  5.03333333333   50.17985   308.96762              -130.259    101.345    4096
        605  5.04166666667   50.40197   308.90323              -130.290     98.594    4096
        606  5.05000000000   50.62406   308.83663              -130.310    110.615    4096
        607  5.05833333333   50.84611   308.76779              -130.374    110.301    4096
        608  5.06666666667   51.06813   308.69669              -130.386  -2333.449    4096
        609  5.07500000000   51.29010   308.62328              -130.439    113.994    4096
        610  5.08333333333   51.51201   308.54752              -130.532    108.521    4096
        611  5.09166666667   51.73386   308.46939              -130.567    107.446    4096
        612  5.10000000000   51.95564   308.38883              -130.626    104.990    4096
        613  5.10833333333   52.17735   308.30582              -130.691    111.120    4096
        614  5.11666666667   52.39896   308.22031              -130.764    108.417    4096
        615  5.12500000000   52.62048   308.13227              -130.771    105.143    4096
        616  5.13333333333   52.84190   308.04165              -130.850    105.552    4096
        617  5.14166666667   53.06320   307.94841              -130.936  -2331.964    4096
        618  5.15000000000   53.28438   307.85251              -130.952    100.936    4096
        619  5.15833333333   53.50542   307.75389              -130.948     99.936    4096
        620  5.16666666667   53.72633   307.65253              -131.016    101.202    4096
        621  5.17500000000   53.94709   307.54837              -131.003     96.957    4096
        622  5.18333333333   54.16768   307.44137              -131.058    101.869    4096
        623  5.19166666667   54.38811   307.33148              -131.103    103.353    4096
        624  5.20000000000   54.60835   307.21864              -131.112    103.620    4096
        625  5.20833333333   54.82840   307.10282              -131.142    105.695    4096
        626  5.21666666667   55.04825   306.98396              -131.146    109.197    4096
        627  5.22500000000   55.26788   306.86200              -131.191    102.392    4096
        628  5.23333333333   55.48729   306.73691              -131.255    102.544    4096
        629  5.24166666667   55.70645   306.60861              -131.252    102.135    4096
        630  5.25000000000   55.92537   306.47706              -131.254    107.037    4096
        631  5.25833333333   56.14403   306.34220              -131.314    102.125    4096
        632  5.26666666667   56.36241   306.20397              -131.298     95.473    4096
        633  5.27500000000   56.58051   306.06232              -131.335    101.193    4096
        634  5.28333333333   56.79830   305.91718              -131.322    100.936    4096
        635  5.29166666667   57.01578   305.76849              -131.348     92.617    4096
        636  5.30000000000   57.23293   305.61620              -131.347    100.907    4096
        637  5.30833333333   57.44974   305.46024              -131.365    102.830    4096
        638  5.31666666667   57.66619   305.30054              -131.361     99.679    4096
        639  5.32500000000   57.88227   305.13703              -131.416    100.498    4096
        640  5.33333333333   58.09796   304.96966              -131.463    107.189    4096
        641  5.34166666667   58.31324   304.79835              -131.473    105.552    4096
        642  5.35000000000   58.52811   304.62303              -131.516    101.573    4096
        643  5.35833333333   58.74254   304.44363              -131.564    108.931    4096
        644  5.36666666667   58.95651   304.26008              -131.594    111.681    4096
        645  5.37500000000   59.17002   304.07230              -131.670    103.506    4096
        646  5.38333333333   59.38304   303.88021              -131.674     99.004    4096
        647  5.39166666667   59.59555   303.68375              -131.730    104.467    4096
        648  5.40000000000   59.80754   303.48283              -131.768    104.181    4096
        649  5.40833333333   60.01898   303.27737              -131.829     97.776    4096
        650  5.41666666667   60.22985   303.06728            -14968.955    100.745    4096
        651  5.42500000000   60.44015   302.85249              -131.949    107.179    4096
        652  5.43333333333   60.64983   302.63292              -131.967    102.278    4096
        653  5.44166666667   60.85889   302.40847              -131.990    105.847    4096
        654  5.45000000000   61.06731   302.17905              -132.037    106.932    4096
        655  5.45833333333   61.27505   301.94459              -132.047    107.075    4096
        656  5.46666666667   61.48210   301.70498              -132.107    110.054    4096
        657  5.47500000000   61.68843   301.46014              -132.114    106.361    4096
        658  5.48333333333   61.89402   301.20997              -132.122    106.894    4096
        659  5.49166666667   62.09885   300.95437              -132.127    104.172    4096
        660  5.50000000000   62.30288   300.69326              -132.158    104.990    4096
        661  5.50833333333   62.50610   300.42652              -132.161    106.075    4096
        662  5.51666666667   62.70848   300.15407              -132.196    104.058    4096
        663  5.52500000000   62.90998   299.87580              -132.237    102.392    4096
        664  5.53333333333   63.11059   299.59161                 0.000      0.000    5232
        665  5.54166666667   63.31027   299.30139               -29.995    104.067    4096
        666  5.55000000000   63.50899   299.00504               -23.057    103.506    4096
        667  5.55833333333   63.70673   298.70246               -25.384    100.117    4098
        668  5.56666666667   63.90344   298.39353               -27.707     99.556    4098
        669  5.57500000000   64.09911   298.07816               -32.403    110.977    4096
        670  5.58333333333   64.29370   297.75622                 0.000      0.000    5200
        671  5.59166666667   64.48718   297.42760               -23.119    103.506    4096
        672  5.60000000000   64.67950   297.09221               -30.104    105.143    4096
        673  5.60833333333   64.87064   296.74992                 0.000      0.000    5200
        674  5.61666666667   65.06057   296.40062               -23.192    105.809    4096
        675  5.62500000000   65.24923   296.04421               -20.872     99.670    4096
        676  5.63333333333   65.43661   295.68055                 0.000      0.000    5200
        677  5.64166666667   65.62265   295.30955                 0.000      0.000    5200
        678  5.65000000000   65.80732   294.93109               -23.266    103.506    4096
        679  5.65833333333   65.99058   294.54505               -27.898    100.898    4096
        680  5.66666666667   66.17239   294.15133                 0.000      0.000    5200
        681  5.67500000000   66.35271   293.74980               -25.566    104.438    4096
        682  5.68333333333   66.53149   293.34036                 0.000      0.000    5232
        683  5.69166666667   66.70869   292.92289               -23.264    100.898    4096
        684  5.70000000000   66.88427   292.49728               -18.640     98.747    4098
        685  5.70833333333   67.05817   292.06344                 0.000      0.000    5200
        686  5.71666666667   67.23036   291.62124               -30.283    112.100    4096
        687  5.72500000000   67.40078   291.17058                 0.000      0.000    5200
        688  5.73333333333   67.56939   290.71136                 0.000      0.000    5200
        689  5.74166666667   67.73614   290.24349               -25.607    104.067    4096
        690  5.75000000000   67.90097   289.76686               -30.305    110.720    4098
        691  5.75833333333   68.06384   289.28138                 0.000      0.000    5200
        692  5.76666666667   68.22469   288.78696               -20.996     98.452    4096
        693  5.77500000000   68.38347   288.28351               -21.034    104.619    4098
        694  5.78333333333   68.54012   287.77096               -16.373    100.907    4096
        695  5.79166666667   68.69460   287.24923               -21.031    101.050    4098
        696  5.80000000000   68.84683   286.71824                 0.000      0.000    5200
        697  5.80833333333   68.99678   286.17794                 0.000      0.000    5200
        698  5.81666666667   69.14438   285.62827                 0.000      0.000    5200
        699  5.82500000000   69.28957   285.06917                 0.000      0.000    5200
        700  5.83333333333   69.43229   284.50060               -23.332     96.815    4096
        701  5.84166666667   69.57249   283.92254               -23.351     99.974    4098
        702  5.85000000000   69.71010   283.33494               -21.047    101.878    4096
        703  5.85833333333   69.84506   282.73780                 0.000      0.000    5232
        704  5.86666666667   69.97731   282.13111                 0.000      0.000    5200
        705  5.87500000000   70.10679   281.51487                 0.000      0.000    5200
        706  5.88333333333   70.23344   280.88910               -23.368    103.249    4096
        707  5.89166666667   70.35719   280.25382               -25.687  -2331.145    4098
        708  5.90000000000   70.47799   279.60907               -25.707  -2331.964    4098
        709  5.90833333333   70.59577   278.95491               -25.718    102.839    4096
        710  5.91666666667   70.71046   278.29139               -25.718    105.542    4096
        711  5.92500000000   70.82201   277.61859               -25.709    102.830    4096
        712  5.93333333333   70.93035   276.93661                 0.000      0.000    5232
        713  5.94166666667   71.03542   276.24556               -23.402    104.067    4096
        714  5.95000000000   71.13716   275.54555               -25.733  -2330.327    4098
        715  5.95833333333   71.23551   274.83672               -28.053    110.454    4096
        716  5.96666666667   71.33040   274.11924               -25.760    104.591    4096
        717  5.97500000000   71.42178   273.39325               -25.760    102.011    4098
        718  5.98333333333   71.50959   272.65897                 0.000      0.000    5200
        719  5.99166666667   71.59377   271.91657               -25.771    108.417    4096
        720  6.00000000000   71.67426   271.16629                 0.000      0.000    5200
        721  6.00833333333   71.75102   270.40838               -25.745    106.104    4096
        722  6.01666666667   71.82398   269.64306                 0.000      0.000    5200
        723  6.02500000000   71.89309   268.87062               -21.116     96.405    4096
        724  6.03333333333   71.95831   268.09134                 0.000      0.000    5200
        725  6.04166666667   72.01958   267.30552                 0.000      0.000    5200
        726  6.05000000000   72.07687   266.51349               -23.374    100.679    4096
        727  6.05833333333   72.13012   265.71558                 0.000      0.000    5200
        728  6.06666666667   72.17929   264.91213                 0.000      0.000    5200
        729  6.07500000000   72.22435   264.10351               -20.995    102.011    4096
        730  6.08333333333   72.26525   263.29009                 0.000      0.000    5200
        731  6.09166666667   72.30197   262.47227               -23.253    100.241    4096
        732  6.10000000000   72.33448   261.65044               -23.234    100.127    4096
        733  6.10833333333   72.36274   260.82502                 0.000      0.000    5200
        734  6.11666666667   72.38672   259.99642                 0.000      0.000    5232
        735  6.12500000000   72.40642   259.16507               -23.144    100.498    4096
        736  6.13333333333   72.42181   258.33142                 0.000      0.000    5200
        737  6.14166666667   72.43287   257.49590               -23.118     99.708    4096
        738  6.15000000000   72.43959   256.65897               -25.387    103.391    4098
        739  6.15833333333   72.44197   255.82107                 0.000      0.000    5232
        740  6.16666666667   72.43999   254.98265                 0.000      0.000    5200
        741  6.17500000000   72.43366   254.14418               -27.609    103.915    4096
        742  6.18333333333   72.42298   253.30611               -25.272    103.096    4096
        743  6.19166666667   72.40795   252.46888               -22.931    102.021    4096
        744  6.20000000000   72.38858   251.63296               -25.254    102.125    4098
        745  6.20833333333   72.36487   250.79877               -27.562    106.256    4096
        746  6.21666666667   72.33686   249.96676               -27.527    106.485    4098
        747  6.22500000000   72.30455   249.13737                 0.000      0.000    5200
        748  6.23333333333   72.26796   248.31100                 0.000      0.000    5200
        749  6.24166666667   72.22712   247.48809                 0.000      0.000    5200
        750  6.25000000000   72.18206   246.66903                 0.000      0.000    5200
        751  6.25833333333   72.13280   245.85421                 0.000      0.000    5232
        752  6.26666666667   72.07939   245.04401               -29.712    106.627    4096
        753  6.27500000000   72.02185   244.23880               -32.024    106.513    4096
        754  6.28333333333   71.96022   243.43893                 0.000      0.000    5200
        755  6.29166666667   71.89454   242.64474               -31.966    110.606    4096
        756  6.30000000000   71.82486   241.85655                 0.000      0.000    5232
        757  6.30833333333   71.75122   241.07467                 0.000      0.000    5200
        758  6.31666666667   71.67366   240.29938                 0.000      0.000    5200
        759  6.32500000000   71.59225   239.53096               -31.858  -2325.121    4096
        760  6.33333333333   71.50702   238.76967                 0.000      0.000    5200
        761  6.34166666667   71.41803   238.01575               -29.464    108.531    4096
        762  6.35000000000   71.32533   237.26942               -29.435  -2325.016    4096
        763  6.35833333333   71.22898   236.53089               -31.699    107.455    4096
        764  6.36666666667   71.12904   235.80035               -29.356    102.982    4096
        765  6.37500000000   71.02555   235.07797               -29.301  -2330.584    4098
        766  6.38333333333   70.91859   234.36392                 0.000      0.000    5200
        767  6.39166666667   70.80820   233.65832               -29.236    105.552    4096
        768  6.40000000000   70.69445   232.96132                 0.000      0.000    5200
        769  6.40833333333   70.57740   232.27301                 0.000      0.000    5200
        770  6.41666666667   70.45710   231.59350               -29.142    104.476    4096
        771  6.42500000000   70.33362   230.92286               -29.110    104.876    4096
        772  6.43333333333   70.20703   230.26117               -24.418    104.876    4096
        773  6.44166666667   70.07737   229.60848               -29.035    105.257    4096
        774  6.45000000000   69.94471   228.96483                 0.000      0.000    5200
        775  6.45833333333   69.80912   228.33024               -31.239    104.058    4096
        776  6.46666666667   69.67064   227.70474                 0.000      0.000    5200
        777  6.47500000000   69.52935   227.08833               -28.850    105.143    4096
        778  6.48333333333   69.38531   226.48101                 0.000      0.000    5200
        779  6.49166666667   69.23856   225.88276               -24.095    101.602    4096
        780  6.50000000000   69.08918   225.29356               -26.402    104.886    4096
        781  6.50833333333   68.93721   224.71337               -30.970    104.848    4098
        782  6.51666666667   68.78273   224.14216               -33.273    105.961    4096
        783  6.52500000000   68.62578   223.57988               -35.543    109.635    4096
        784  6.53333333333   68.46642   223.02646                 0.000      0.000    5200
        785  6.54166666667   68.30471   222.48186               -33.069    102.982    4096
        786  6.55000000000   68.14070   221.94599               -30.679     98.594    4098
        787  6.55833333333   67.97446   221.41878               -28.307     96.558    4098
        788  6.56666666667   67.80602   220.90016                 0.000      0.000    5200
        789  6.57500000000   67.63544   220.39004                 0.000      0.000    5200
        790  6.58333333333   67.46279   219.88833                 0.000      0.000    5200
        791  6.59166666667   67.28810   219.39494               -32.735    102.839    4096
        792  6.60000000000   67.11142   218.90977               -37.309    106.770    4096
        793  6.60833333333   66.93281   218.43272               -32.614    102.582    4096
        794  6.61666666667   66.75232   217.96369               -30.217    100.089    4098
        795  6.62500000000   66.56999   217.50258               -27.826  -2337.541    4098
        796  6.63333333333   66.38587   217.04927               -37.095    105.552    4098
        797  6.64166666667   66.20000   216.60367                 0.000      0.000    5200
        798  6.65000000000   66.01243   216.16566               -36.934    108.160    4096
        799  6.65833333333   65.82320   215.73512                 0.000      0.000    5200
        800  6.66666666667   65.63236   215.31196               -36.846    105.143    4096
        801  6.67500000000   65.43995   214.89604                 0.000      0.000    5200
        802  6.68333333333   65.24600   214.48727               -34.404    106.075    4096
        803  6.69166666667   65.05057   214.08552                 0.000      0.000    5200
        804  6.70000000000   64.85368   213.69069               -41.265    111.948    4096
        805  6.70833333333   64.65538   213.30266               -38.863    109.083    4096
        806  6.71666666667   64.45570   212.92131               -38.826    112.614    4098
        807  6.72500000000   64.25468   212.54653               -41.098    111.015    4098
        808  6.73333333333   64.05236   212.17821               -38.720    108.560    4096
        809  6.74166666667   63.84877   211.81624               -36.350    111.129    4098
        810  6.75000000000   63.64395   211.46050               -38.615    113.166    4096
        811  6.75833333333   63.43792   211.11088               -40.859    113.023    4098
        812  6.76666666667   63.23073   210.76728               -38.496    108.417    4096
        813  6.77500000000   63.02240   210.42959               -38.429    106.475    4098
        814  6.78333333333   62.81297   210.09769               -38.368    111.424    4096
        815  6.79166666667   62.60247   209.77148               -38.308    108.007    4096
        816  6.80000000000   62.39092   209.45086               -38.246    110.720    4096
        817  6.80833333333   62.17835   209.13572               -38.169    103.772    4096
        818  6.81666666667   61.96480   208.82596               -38.113    104.581    4096
        819  6.82500000000   61.75029   208.52148               -38.065    103.211    4096
        820  6.83333333333   61.53485   208.22217               -38.028    105.961    4096
        821  6.84166666667   61.31850   207.92794               -37.923  -2329.099    4096
        822  6.85000000000   61.10127   207.63869               -37.851    105.961    4096
        823  6.85833333333   60.88319   207.35433               -37.768  -2332.221    4096
        824  6.86666666667   60.66428   207.07476               -37.697    103.915    4096
        825  6.87500000000   60.44456   206.79989               -37.635    110.054    4096
        826  6.88333333333   60.22406   206.52962               -37.513    110.311    4096
        827  6.89166666667   60.00280   206.26387               -37.443    104.733    4096
        828  6.90000000000   59.78081   206.00255               -37.373    105.438    4096
        829  6.90833333333   59.55810   205.74557               -37.301    105.695    4096
        830  6.91666666667   59.33469   205.49285               -37.235    107.598    4096
        831  6.92500000000   59.11061   205.24430               -37.107    109.235    4096
        832  6.93333333333   58.88588   204.99984               -37.074    111.015    4096
        833  6.94166666667   58.66052   204.75939               -36.984    112.909    4096
        834  6.95000000000   58.43454   204.52288               -36.872    109.492    4096
        835  6.95833333333   58.20797   204.29021               -36.886    116.440    4096
        836  6.96666666667   57.98082   204.06133               -36.781    111.424    4096
        837  6.97500000000   57.75312   203.83614               -36.699    111.948    4096
        838  6.98333333333   57.52487   203.61458                 0.000      0.000    5200
        839  6.99166666667   57.29610   203.39658               -55.122    119.572    4096
        840  7.00000000000   57.06683   203.18207               -55.039    120.647    4098
        841  7.00833333333   56.83706   202.97097                 0.000      0.000    5200
        842  7.01666666667   56.60683   202.76322               -52.536    111.834    4096
        843  7.02500000000   56.37613   202.55875               -59.415    120.124    4098
        844  7.03333333333   56.14499   202.35750               -50.042    111.948    4098
        845  7.04166666667   55.91343   202.15940               -49.993    105.695    4096
        846  7.05000000000   55.68145   201.96439               -49.870    110.044    4096
        847  7.05833333333   55.44908   201.77241               -49.752    118.487    4096
        848  7.06666666667   55.21632   201.58339               -49.627    114.403    4096
        849  7.07500000000   54.98319   201.39729               -49.504    112.614    4096
        850  7.08333333333   54.74970   201.21403               -49.418    119.457    4096
        851  7.09166666667   54.51587   201.03357               -49.290    117.820    4096
        852  7.10000000000   54.28171   200.85585               -49.196    109.483    4096
        853  7.10833333333   54.04723   200.68081               -49.104    113.318    4096
        854  7.11666666667   53.81245   200.50841               -49.004    107.712    4096
        855  7.12500000000   53.57737   200.33858               -48.877    102.544    4096
        856  7.13333333333   53.34201   200.17128               -48.796    102.839    4096
        857  7.14166666667   53.10638   200.00646               -48.669    115.879    4096
        858  7.15000000000   52.87049   199.84406               -48.548    109.492    4096
        859  7.15833333333   52.63435   199.68405               -48.427  -2326.758    4096
        860  7.16666666667   52.39797   199.52637               -48.327    111.129    4096
        861  7.17500000000   52.16137   199.37098               -48.272    102.687    4096
        862  7.18333333333   51.92455   199.21782               -48.159    109.635    4096
        863  7.19166666667   51.68753   199.06687               -48.061    114.394    4096
        864  7.20000000000   51.45031   198.91807               -47.952    107.598    4096
        865  7.20833333333   51.21290   198.77138               -47.827    115.070    4096
        866  7.21666666667   50.97532   198.62676               -47.694    112.205    4096
        867  7.22500000000   50.73757   198.48417               -47.594    114.813    4096
        868  7.23333333333   50.49966   198.34357               -47.454    109.749    4096
        869  7.24166666667   50.26160   198.20492               -47.379    114.955    4096
        870  7.25000000000   50.02341   198.06818               -47.236    107.446    4096
        871  7.25833333333   49.78508   197.93331               -47.164    112.357    4096
        872  7.26666666667   49.54662   197.80028               -46.978    109.902    4096
        873  7.27500000000   49.30806   197.66905               -46.893    113.433    4096
        874  7.28333333333   49.06938   197.53959               -46.817    117.782    4096
        875  7.29166666667   48.83061   197.41185               -46.645  -2323.369    4096
        876  7.30000000000   48.59175   197.28582               -46.563    113.728    4096
        877  7.30833333333   48.35280   197.16144               -46.436    120.009    4096
        878  7.31666666667   48.11378   197.03870               -46.289    117.678    4096
        879  7.32500000000   47.87469   196.91755               -46.200    114.508    4096
        880  7.33333333333   47.63553   196.79797               -46.008    119.572    4096
        881  7.34166666667   47.39633   196.67993               -45.863    111.948    4096
        882  7.35000000000   47.15708   196.56340               -45.717    129.641    4096
        883  7.35833333333   46.91779   196.44834               -45.575    114.955    4096
        884  7.36666666667   46.67846   196.33473               -45.476    112.766    4096
        885  7.37500000000   46.43911   196.22253               -45.376    123.388    4096
        886  7.38333333333   46.19974   196.11173               -45.191    126.520    4096
        887  7.39166666667   45.96035   196.00229               -45.036    117.820    4096
        888  7.40000000000   45.72096   195.89419               -44.942    108.264    4096
        889  7.40833333333   45.48156   195.78740               -44.823    126.634    4096
        890  7.41666666667   45.24217   195.68190               -44.651    113.842    4096
        891  7.42500000000   45.00279   195.57765               -44.532    119.315    4096
        892  7.43333333333   44.76343   195.47464               -44.342    106.370    4096
        893  7.44166666667   44.52409   195.37284               -44.265    108.674    4096
        894  7.45000000000   44.28477   195.27223               -44.110    115.222    4096
        895  7.45833333333   44.04549   195.17278               -43.991    110.863    4096
        896  7.46666666667   43.80625   195.07447               -43.845    119.572    4096
        897  7.47500000000   43.56706   194.97727               -43.688    117.411    4096
        898  7.48333333333   43.32791   194.88118               -43.517    113.842    4096
        899  7.49166666667   43.08881   194.78615               -43.392    113.023    4096
        900  7.50000000000   42.84978   194.69218               -43.290    113.061    4096
        901  7.50833333333   42.61081   194.59924               -43.112    118.905    4096
        902  7.51666666667   42.37191   194.50731               -42.926    114.394    4096
        903  7.52500000000   42.13308   194.41637               -42.747    117.973    4096
        904  7.53333333333   41.89434   194.32641               -42.587    121.313    4096
        905  7.54166666667   41.65567   194.23739               -42.385    120.086    4096
        906  7.55000000000   41.41709   194.14931               -42.212    119.600    4096
        907  7.55833333333   41.17861   194.06214            -14879.093    119.191    4096
        908  7.56666666667   40.94022   193.97586               -41.861    123.398    4096
        909  7.57500000000   40.70194   193.89046               -41.649    111.158    4096
        910  7.58333333333   40.46376   193.80593               -41.499    125.149    4096
        911  7.59166666667   40.22569   193.72223               -41.302    122.950    4096
        912  7.60000000000   39.98773   193.63936               -41.139    117.668    4096
        913  7.60833333333   39.74989   193.55729               -40.979    122.988    4096
        914  7.61666666667   39.51218   193.47602               -40.760  -2313.557    4096
        915  7.62500000000   39.27459   193.39552               -40.643    130.460    4096
        916  7.63333333333   39.03713   193.31579               -40.414    114.251    4096
        917  7.64166666667   38.79980   193.23679               -40.278    109.902    4096
        918  7.65000000000   38.56261   193.15852               -40.048    129.679    4096
        919  7.65833333333   38.32556   193.08097               -39.889    120.276    4096
        920  7.66666666667   38.08866   193.00411               -39.731    117.820    4096
        921  7.67500000000   37.85190   192.92794               -39.513    120.124    4096
        922  7.68333333333   37.61530   192.85244               -39.255    113.985    4096
        923  7.69166666667   37.37885   192.77759               -39.075    130.612    4096
        924  7.70000000000   37.14256   192.70338               -38.807    128.823    4096
        925  7.70833333333   36.90643   192.62980               -38.650    108.521    4096
        926  7.71666666667   36.67047   192.55684               -38.448    127.443    4096
        927  7.72500000000   36.43467   192.48447               -38.229    121.504    4096
        928  7.73333333333   36.19905   192.41269               -38.019    124.921    4096
        929  7.74166666667   35.96360   192.34149               -37.751    112.357    4096
        930  7.75000000000   35.72833   192.27084               -37.537    133.477    4096
        931  7.75833333333   35.49324   192.20075               -37.307    131.316    4096
        932  7.76666666667   35.25834   192.13120               -37.083    117.268    4096
        933  7.77500000000   35.02362   192.06217               -36.856    121.875    4096
        934  7.78333333333   34.78910   191.99365               -36.593    128.157    4096
        935  7.79166666667   34.55476   191.92564               -36.368    125.139    4096
        936  7.80000000000   34.32063   191.85812               -36.117    126.776    4096
        937  7.80833333333   34.08669   191.79107               -35.852    116.859    4096
        938  7.81666666667   33.85295   191.72450               -35.658    122.693    4096
        939  7.82500000000   33.61942   191.65838               -35.412    132.915    4096
        940  7.83333333333   33.38609   191.59271               -35.168    117.678    4096
        941  7.84166666667   33.15298   191.52747               -34.953    132.240    4096
        942  7.85000000000   32.92007   191.46266               -34.686    126.377    4096
        943  7.85833333333   32.68738   191.39827               -34.550    135.885    4096
        944  7.86666666667   32.45491   191.33428               -34.313    119.971    4096
        945  7.87500000000   32.22266   191.27069               -33.965    142.176    4096
        946  7.88333333333   31.99063   191.20748               -33.693    138.531    4096
        947  7.89166666667   31.75882   191.14465               -33.553    135.105    4096
        948  7.90000000000   31.52724   191.08218               -33.257    143.547    4096
        949  7.90833333333   31.29590   191.02008               -33.058  -2290.133    4096
        950  7.91666666667   31.06478   190.95832               -32.816  -2308.388    4096
        951  7.92500000000   30.83390   190.89689               -32.589    122.313    4096
        952  7.93333333333   30.60325   190.83580               -32.328    128.556    4096
        953  7.94166666667   30.37284   190.77503               -32.080  -2295.187    4096
        954  7.95000000000   30.14268   190.71457               -31.776    140.939    4096
        955  7.95833333333   29.91275   190.65442               -31.522    126.110    4096
        956  7.96666666667   29.68307   190.59456               -31.230    121.761    4096
        957  7.97500000000   29.45364   190.53498               -30.883    124.616    4096
        958  7.98333333333   29.22446   190.47569               -30.651  -2310.587    4096
        959  7.99166666667   28.99553   190.41667               -30.389    136.599    4096
        960  8.00000000000   28.76686   190.35786               -30.069    124.730    4096
        961  8.00833333333   28.53844   190.29940               -29.779    119.162    4096
        962  8.01666666667   28.31027   190.24114               -29.476    130.755    4096
        963  8.02500000000   28.08237   190.18312               -29.182    131.012    4096
        964  8.03333333333   27.85473   190.12533             19012.120  -2296.824    4096
        965  8.04166666667   27.62735   190.06776               -28.506    121.466    4096
        966  8.05000000000   27.40024   190.01041               -28.181    121.646    4096
        967  8.05833333333   27.17339   189.95327               -27.822    124.625    4096
        968  8.06666666667   26.94681   189.89634               -27.480    130.574    4096
        969  8.07500000000   26.72051   189.83960               -27.107    134.296    4096
        970  8.08333333333   26.49448   189.78304               -26.719    122.836    4096
        971  8.09166666667   26.26872   189.72667               -26.474    132.944    4096
        972  8.10000000000   26.04324   189.67047               -26.122    131.431    4096
        973  8.10833333333   25.81803   189.61444               -25.785    145.184    4096
        974  8.11666666667   25.59311   189.55858               -25.516    140.986    4096
        975  8.12500000000   25.36846   189.50286               -25.148    150.647    4096
        976  8.13333333333   25.14410   189.44730               -24.748    144.775    4096
        977  8.14166666667   24.92003   189.39187               -24.398    143.690    4096
        978  8.15000000000   24.69624   189.33658               -23.942    137.712    4096
        979  8.15833333333   24.47274   189.28142               -23.666    134.591    4096
        980  8.16666666667   24.24953   189.22639               -23.291    139.863    4096
        981  8.17500000000   24.02661   189.17147               -22.883    140.682    4096
        982  8.18333333333   23.80398   189.11666               -22.586    132.506    4096
        983  8.19166666667   23.58165   189.06195               -22.227    135.514    4096
        984  8.20000000000   23.35961   189.00735               -21.854    142.167    4096
        985  8.20833333333   23.13787   188.95284               -21.411    138.226    4096
        986  8.21666666667   22.91643   188.89841               -20.975    145.032    4096
        987  8.22500000000   22.69529   188.84407               -20.579    146.554    4096
        988  8.23333333333   22.47446   188.78980               -20.224    145.289    4096
        989  8.24166666667   22.25392   188.73561               -19.744    134.695    4096
        990  8.25000000000   22.03369   188.68148               -19.426    138.483    4096
        991  8.25833333333   21.81377   188.62741               -18.994    130.203    4096
        992  8.26666666667   21.59415   188.57339               -18.646    126.662    4096
        993  8.27500000000   21.37484   188.51942               -18.161    140.016    4096
        994  8.28333333333   21.15585   188.46550               -17.810    148.572    4096
        995  8.29166666667   20.93716   188.41162               -17.325    132.249    4096
        996  8.30000000000   20.71879   188.35777               -16.984    137.522    4096
        997  8.30833333333   20.50073   188.30394               -16.566    146.364    4096
        998  8.31666666667   20.28299   188.25014               -16.069    142.433    4096
        999  8.32500000000   20.06556   188.19636               -15.701    149.124    4096
       1000  8.33333333333   19.84846   188.14260               -15.210    137.712    4096
       1001  8.34166666667   19.63167   188.08884               -14.762    146.145    4096
       1002  8.35000000000   19.41520   188.03508               -14.243    152.541    4096
       1003  8.35833333333   19.19906   187.98133               -13.754    142.614    4096
       1004  8.36666666667   18.98324   187.92757               -13.326    152.808    4096
       1005  8.37500000000   18.76774   187.87380               -12.766    149.648    4096
       1006  8.38333333333   18.55257   187.82001               -12.345    157.976    4096
       1007  8.39166666667   18.33773   187.76620               -11.930    162.620    4096
       1008  8.40000000000   18.12322   187.71237               -11.405    156.748    4096
       1009  8.40833333333   17.90903   187.65852               -10.935    157.719    4096
       1010  8.41666666667   17.69518   187.60463            -19051.392    150.904    4096
       1011  8.42500000000   17.48166   187.55070                -9.990    157.452    4096
       1012  8.43333333333   17.26847   187.49673                -9.438  -2270.099    4096
       1013  8.44166666667   17.05561   187.44271                -9.029    158.128    4096
       1014  8.45000000000   16.84310   187.38864                -8.598  -2284.147    4096
       1015  8.45833333333   16.63091   187.33452                -8.026    158.946    4096
       1016  8.46666666667   16.41907   187.28034                -7.579    136.999    4096
       1017  8.47500000000   16.20756   187.22610                -7.139    141.653    4096
       1018  8.48333333333   15.99640   187.17179                -6.409    144.365    4096
       1021  8.50833333333   15.36496   187.00842                 0.000      0.000    5233
       1831 15.25833333333   10.89280    63.70818              -117.859    130.051    4096
       1832 15.26666666667   10.94327    63.49747              -118.265    131.573    4096
       1833 15.27500000000   10.99286    63.28657              -118.489    113.166    4096
       1834 15.28333333333   11.04155    63.07549              -118.736    105.961    4096
       1835 15.29166666667   11.08935    62.86423              -118.961    115.926    4096
       1836 15.30000000000   11.13624    62.65281              -119.187  -2307.018    4096
       1837 15.30833333333   11.18223    62.44121              -119.450    123.502    4096
       1838 15.31666666667   11.22731    62.22946              -119.630    130.460    4096
       1839 15.32500000000   11.27147    62.01755              -119.809    134.695    4096
       1840 15.33333333333   11.31472    61.80549              -120.046    131.945    4096
       1841 15.34166666667   11.35704    61.59328              -120.177    128.966    4096
       1842 15.35000000000   11.39844    61.38094              -120.417    129.118    4096
       1843 15.35833333333   11.43890    61.16845              -120.427    115.336    4096
       1844 15.36666666667   11.47844    60.95584              -120.477    125.444    4096
       1845 15.37500000000   11.51704    60.74309              -120.617    132.801    4096
       1846 15.38333333333   11.55470    60.53023              -120.838    131.431    4096
       1847 15.39166666667   11.59141    60.31726              -120.920    141.386    4096
       1848 15.40000000000   11.62718    60.10417              -121.069    126.110    4096
       1849 15.40833333333   11.66199    59.89098              -121.081    113.994    4096
       1850 15.41666666667   11.69585    59.67769              -121.277    127.900    4096
       1851 15.42500000000   11.72876    59.46431              -121.300    145.032    4096
       1852 15.43333333333   11.76070    59.25085              -121.348  -2297.234    4096
       1853 15.44166666667   11.79168    59.03730              -121.455    148.981    4096
       1854 15.45000000000   11.82169    58.82367              -121.670    103.915    4096
       1855 15.45833333333   11.85073    58.60998              -121.885    112.766    4096
       1856 15.46666666667   11.87880    58.39622              -121.893     86.221    4096
       1857 15.47500000000   11.90589    58.18241              -121.986     66.034    4096
       1858 15.48333333333   11.93201    57.96854              -122.306    106.665    4096
       1859 15.49166666667   11.95714    57.75463              -122.149    116.288    4096
       1860 15.50000000000   11.98129    57.54068              -122.245    126.224    4096
       1861 15.50833333333   12.00444    57.32669              -122.591    125.701    4096
       1862 15.51666666667   12.02661    57.11268              -122.588    132.801    4096
       1863 15.52500000000   12.04779    56.89865              -122.603    134.695    4096
       1864 15.53333333333   12.06797    56.68460              -122.648    120.790    4096
       1865 15.54166666667   12.08715    56.47054              -122.756  -2333.563    4096
       1866 15.55000000000   12.10534    56.25648              -122.895    114.813    4096
       1867 15.55833333333   12.12252    56.04243              -122.985    134.286    4096
       1868 15.56666666667   12.13870    55.82838              -123.108    120.942    4096
       1869 15.57500000000   12.15387    55.61436              -123.028    110.863    4096
       1870 15.58333333333   12.16803    55.40035              -123.306    120.266    4096
       1873 15.60833333333   12.20444    54.75855                 0.000      0.000    5233
       1882 15.68333333333   12.25861    52.83657              -108.799    120.124    4096
       1883 15.69166666667   12.25949    52.62348              -108.763    132.497    4096
       1884 15.70000000000   12.25935    52.41051              -108.979    118.087    4096
       1885 15.70833333333   12.25817    52.19766              -108.878    120.837    4096
       1886 15.71666666667   12.25597    51.98494              -109.130    115.736    4096
       1887 15.72500000000   12.25272    51.77237              -109.096    108.712    4096
       1888 15.73333333333   12.24845    51.55993              -109.080  -2347.497    4096
       1889 15.74166666667   12.24314    51.34765              -109.220    104.210    4096
       1890 15.75000000000   12.23679    51.13553              -109.232    112.881    4096
       1891 15.75833333333   12.22940    50.92357              -109.201    131.573    4096
       1892 15.76666666667   12.22098    50.71179              -109.244    124.730    4096
       1893 15.77500000000   12.21152    50.50019              -109.368    114.546    4096
       1894 15.78333333333   12.20103    50.28877              -109.342    122.322    4096
       1895 15.79166666667   12.18949    50.07755              -109.235    125.853    4096
       1896 15.80000000000   12.17692    49.86653              -109.236    133.620    4096
       1897 15.80833333333   12.16331    49.65571              -109.237    134.286    4096
       1898 15.81666666667   12.14866    49.44511              -109.293    130.498    4096
       1899 15.82500000000   12.13297    49.23474              -109.242    132.944    4096
       1900 15.83333333333   12.11624    49.02459              -109.204    130.051    4096
       1901 15.84166666667   12.09847    48.81467              -109.194    126.110    4096
       1902 15.85000000000   12.07967    48.60500              -109.204    128.461    4096
       1903 15.85833333333   12.05983    48.39558              -109.114    122.731    4096
       1904 15.86666666667   12.03895    48.18641              -109.233    114.280    4096
       1905 15.87500000000   12.01703    47.97751              -109.220    130.755    4096
       1906 15.88333333333   11.99407    47.76887              -109.175    140.530    4096
       1907 15.89166666667   11.97008    47.56051              -109.204    128.157    4096
       1908 15.90000000000   11.94506    47.35244              -109.229    129.384    4096
       1909 15.90833333333   11.91900    47.14466              -109.193    118.896    4096
       1910 15.91666666667   11.89190    46.93717              -109.335    134.695    4096
       1911 15.92500000000   11.86378    46.72999              -109.265  -2324.864    4096
       1912 15.93333333333   11.83462    46.52311              -109.307    117.382    4096
       1913 15.94166666667   11.80442    46.31656              -109.461    106.256    4096
       1914 15.95000000000   11.77320    46.11033              -109.422     90.304    4096
       1915 15.95833333333   11.74095    45.90443              -109.335    106.218    4096
       1916 15.96666666667   11.70767    45.69886              -109.451    124.207    4096
       1917 15.97500000000   11.67337    45.49364              -109.388    121.209    4096
       1918 15.98333333333   11.63804    45.28877              -109.458    130.051    4096
       1919 15.99166666667   11.60169    45.08426              -109.489    114.289    4096
       1920 16.00000000000   11.56432    44.87954              -109.439    116.707    4096
       1921 16.00833333333   11.52591    44.67633              -109.250    120.799    4096
       1922 16.01666666667   11.48650    44.47293              -109.119    131.012    4096
       1923 16.02500000000   11.44607    44.26991              -109.156    127.233    4096
       1924 16.03333333333   11.40462    44.06728              -109.239    124.740    4096
       1925 16.04166666667   11.36215    43.86504              -109.211  -2303.477    4096
       1926 16.05000000000   11.31868    43.66320              -109.206    125.853    4096
       1927 16.05833333333   11.27420    43.46178              -109.174    113.728    4096
       1928 16.06666666667   11.22870    43.26077              -109.236    122.836    4096
       1929 16.07500000000   11.18220    43.06017              -109.339    131.535    4096
       1930 16.08333333333   11.13470    42.86001              -109.271    128.042    4096
       1931 16.09166666667   11.08620    42.66027              -109.251    132.801    4096
       1932 16.10000000000   11.03669    42.46098              -109.326    120.419    4096
       1933 16.10833333333   10.98619    42.26213              -109.035    114.689    4096
       1934 16.11666666667   10.93470    42.06373              -109.177    109.492    4096
       1935 16.12500000000   10.88221    41.86578              -109.150    119.010    4096
       1936 16.13333333333   10.82873    41.66830              -109.323    105.809    4096
       1937 16.14166666667   10.77427    41.47129              -109.149     94.664    4096
       1938 16.15000000000   10.71882    41.27475              -109.242    115.108    4096
       1939 16.15833333333   10.66239    41.07868              -109.542    107.037    4096
       1940 16.16666666667   10.60498    40.88311              -109.432  -2316.831    4096
       1941 16.17500000000   10.54659    40.68802              -109.303    142.052    4096
       1942 16.18333333333   10.48723    40.49343              -109.511    118.896    4096
       1943 16.19166666667   10.42690    40.29934              -109.447     94.397    4096
       1944 16.20000000000   10.36560    40.10576              -109.528    124.473    4096
       1945 16.20833333333   10.30334    39.91268              -109.344    129.679    4096
       1946 16.21666666667   10.24011    39.72013              -109.395    118.639    4096
       1947 16.22500000000   10.17593    39.52810             18931.435  -2334.420    4096
       1948 16.23333333333   10.11079    39.33659              -109.608    108.150    4096
       1949 16.24166666667   10.04470    39.14562              -109.695    102.535    4096
       1950 16.25000000000    9.97766    38.95519              -109.619    130.203    4096
       1951 16.25833333333    9.90967    38.76530              -109.480    107.598    4096
       1952 16.26666666667    9.84074    38.57595              -109.592    115.479    4096
       1953 16.27500000000    9.77087    38.38716              -109.553    103.506    4096
       1954 16.28333333333    9.70007    38.19893              -109.529    121.875    4096
       1955 16.29166666667    9.62833    38.01126              -109.567    114.251    4096
       1956 16.30000000000    9.55567    37.82415              -109.416    122.988    4096
       1957 16.30833333333    9.48208    37.63762              -109.430    116.183    4096
       1958 16.31666666667    9.40757    37.45166              -109.364  -2318.058    4096
       1959 16.32500000000    9.33214    37.26628              -109.251    112.652    4096
       1960 16.33333333333    9.25580    37.08149              -109.175    109.902    4096
       1961 16.34166666667    9.17855    36.89728              -109.143    117.782    4096
       1962 16.35000000000    9.10039    36.71367              -109.108  -2313.300    4096
       1963 16.35833333333    9.02133    36.53065              -109.008  -2319.134    4096
       1964 16.36666666667    8.94136    36.34824              -108.792    116.592    4096
       1965 16.37500000000    8.86051    36.16643              -108.652    129.232    4096
       1966 16.38333333333    8.77876    35.98523              -108.661    122.170    4096
       1967 16.39166666667    8.69613    35.80465              -108.542    121.761    4096
       1968 16.40000000000    8.61261    35.62468              -108.466    113.737    4096
       1969 16.40833333333    8.52822    35.44534              -108.386    117.678    4096
       1970 16.41666666667    8.44295    35.26661              -108.269    124.892    4096
       1971 16.42500000000    8.35681    35.08852              -108.156     99.156    4096
       1972 16.43333333333    8.26980    34.91106              -108.210    108.674    4096
       1973 16.44166666667    8.18193    34.73423              -108.079    100.079    4096
       1974 16.45000000000    8.09320    34.55805              -107.901    122.836    4096
       1975 16.45833333333    8.00361    34.38250              -107.932    111.681    4096
       1976 16.46666666667    7.91318    34.20760              -107.770    119.162    4096
       1977 16.47500000000    7.82190    34.03336              -107.640    122.170    4096
       1978 16.48333333333    7.72978    33.85976              -107.579    121.723    4096
       1979 16.49166666667    7.63683    33.68682              -107.513    116.326    4096
       1980 16.50000000000    7.54304    33.51453              -107.421    132.097    4096
       1981 16.50833333333    7.44842    33.34291              -107.181    130.460    4096
       1982 16.51666666667    7.35298    33.17195              -107.113    114.137    4096
       1983 16.52500000000    7.25672    33.00166              -106.961    121.313    4096
       1984 16.53333333333    7.15964    32.83204              -106.984    116.193    4096
       1985 16.54166666667    7.06175    32.66309              -106.894    117.820    4096
       1986 16.55000000000    6.96306    32.49482              -106.802    119.457    4096
       1987 16.55833333333    6.86357    32.32723              -106.692    116.849    4096
       1988 16.56666666667    6.76328    32.16031              -106.630    134.962    4096
       1989 16.57500000000    6.66219    31.99408              -106.562    129.641    4096
       1990 16.58333333333    6.56032    31.82854              -106.420    137.674    4096
       1991 16.59166666667    6.45767    31.66368              -106.423    117.106    4096
       1992 16.60000000000    6.35423    31.49951              -106.265    131.021    4096
       1993 16.60833333333    6.25003    31.33603              -106.210    129.118    4096
       1994 16.61666666667    6.14505    31.17325              -106.186    127.900    4096
       1995 16.62500000000    6.03931    31.01116              -106.115    123.245    4096
       1996 16.63333333333    5.93281    30.84977              -105.989    129.384    4096
       1997 16.64166666667    5.82555    30.68909              -106.064    130.603    4096
       1998 16.65000000000    5.71754    30.52910              -105.965    133.325    4096
       1999 16.65833333333    5.60879    30.36982              -105.929    129.232    4096
       2000 16.66666666667    5.49929    30.21124              -105.759    115.631    4096
       2001 16.67500000000    5.38906    30.05337              -105.791    127.595    4096
       2002 16.68333333333    5.27809    29.89621              -105.788    124.473    4096
       2003 16.69166666667    5.16640    29.73976              -105.717    124.778    4096
       2004 16.70000000000    5.05399    29.58402              -105.736    110.054    4096
       2005 16.70833333333    4.94086    29.42900              -105.704    124.740    4096
       2006 16.71666666667    4.82701    29.27469              -105.647    128.975    4096
       2007 16.72500000000    4.71246    29.12110              -105.682    131.992    4096
       2008 16.73333333333    4.59720    28.96822              -105.659    126.253    4096
       2009 16.74166666667    4.48125    28.81606              -105.717    124.330    4096
       2010 16.75000000000    4.36460    28.66462              -105.747    133.325    4096
       2011 16.75833333333    4.24726    28.51391              -105.828    135.666    4096
       2012 16.76666666667    4.12924    28.36391              -105.729    134.543    4096
       2013 16.77500000000    4.01054    28.21464              -105.761    133.172    4096
       2014 16.78333333333    3.89116    28.06609              -105.753    133.220    4096
       2015 16.79166666667    3.77111    27.91827              -105.780    115.212    4096
       2016 16.80000000000    3.65040    27.77117              -105.858    124.473    4096
       2017 16.80833333333    3.52903    27.62479              -106.024    119.610    4096
       2018 16.81666666667    3.40700    27.47915              -106.063    123.807    4096
       2019 16.82500000000    3.28432    27.33423              -106.060    103.915    4096
