# Created on 2022-09-13 07:27:24 
# Sources: obs\TPKL1681.22O, nav\TPKL1681.22G
# Satellite: R09 (k = -2.0)
# Interval: 30.0
# Sampling interval: 0.0 (not used).
# Site: TPKL
# Position (L, B, H): 78.5290569025, 42.4638637031, 1886.01891334
# Position (X, Y, Z): 937429.6846, 4619604.6444, 4285027.6573
# datetime format: %Y-%m-%dT%H:%M:%S
# Columns: tsn, hour, el, az, tec.l1l2, tec.p1p2, validity
# (I11,1X,F14.11,1X,F10.5,1X,F11.5,1X,F21.3,1X,F10.3,1X,I7)
        453  3.77500000000   45.45006   321.74280               -57.762      0.000      32
        454  3.78333333333   45.70238   321.66595               -57.844      0.000      32
        455  3.79166666667   45.95472   321.58665               -57.994      0.000      32
        456  3.80000000000   46.20706   321.50485               -58.031      0.000      32
        457  3.80833333333   46.45941   321.42053               -58.066      0.000      32
        458  3.81666666667   46.71174   321.33363               -58.088      0.000      32
        459  3.82500000000   46.96405   321.24412               -58.218      0.000      32
        460  3.83333333333   47.21634   321.15195               -58.239      0.000      32
        461  3.84166666667   47.46859   321.05707               -58.280      0.000      32
        462  3.85000000000   47.72081   320.95945               -58.376      0.000      32
        463  3.85833333333   47.97297   320.85902               -58.447      0.000      32
        464  3.86666666667   48.22508   320.75576               -58.449      0.000      32
        465  3.87500000000   48.47711   320.64960               -58.530      0.000      32
        466  3.88333333333   48.72907   320.54049               -58.519      0.000      32
        467  3.89166666667   48.98095   320.42840               -58.617      0.000      32
        468  3.90000000000   49.23272   320.31325               -58.655      0.000      32
        469  3.90833333333   49.48439   320.19501               -58.668      0.000      32
        470  3.91666666667   49.73594   320.07361               -58.738      0.000      32
        471  3.92500000000   49.98736   319.94900               -58.792      0.000      32
        472  3.93333333333   50.23863   319.82112               -58.878      0.000      32
        473  3.94166666667   50.48976   319.68991               -58.870      0.000      32
        474  3.95000000000   50.74071   319.55532               -58.915      0.000      32
        475  3.95833333333   50.99149   319.41728               -58.930      0.000      32
        476  3.96666666667   51.24208   319.27573               -59.061      0.000      32
        477  3.97500000000   51.49246   319.13060               -59.023      0.000      32
        478  3.98333333333   51.74262   318.98184               -59.114      0.000      32
        479  3.99166666667   51.99254   318.82936               -59.130      0.000      32
        480  4.00000000000   52.24222   318.67312               -59.160      0.000      32
        481  4.00833333333   52.47235   318.53975               -59.239      0.000      32
        482  4.01666666667   52.72110   318.37551               -59.331      0.000      32
        483  4.02500000000   52.96942   318.20748               -59.348      0.000      32
        484  4.03333333333   53.21730   318.03557               -59.383      0.000      32
        485  4.04166666667   53.46473   317.85972               -59.433      0.000      32
        486  4.05000000000   53.71168   317.67986               -59.471      0.000      32
        487  4.05833333333   53.95814   317.49590               -59.553      0.000      32
        488  4.06666666667   54.20409   317.30778               -59.617      0.000      32
        489  4.07500000000   54.44952   317.11542               -59.679      0.000      32
        490  4.08333333333   54.69440   316.91873               -59.670      0.000      32
        491  4.09166666667   54.93872   316.71764               -59.717      0.000      32
        492  4.10000000000   55.18245   316.51206               -59.788      0.000      32
        493  4.10833333333   55.42558   316.30192               -59.810      0.000      32
        494  4.11666666667   55.66808   316.08711               -59.843      0.000      32
        495  4.12500000000   55.90993   315.86757               -59.877      0.000      32
        496  4.13333333333   56.15111   315.64319               -59.925      0.000      32
        497  4.14166666667   56.39160   315.41389               -59.929      0.000      32
        498  4.15000000000   56.63137   315.17958               -59.942      0.000      32
        499  4.15833333333   56.87040   314.94015               -59.995      0.000      32
        500  4.16666666667   57.10867   314.69552               -60.036      0.000      32
        501  4.17500000000   57.34614   314.44559               -60.045      0.000      32
        502  4.18333333333   57.58279   314.19026               -60.109      0.000      32
        503  4.19166666667   57.81859   313.92942               -60.182      0.000      32
        504  4.20000000000   58.05352   313.66298               -60.220      0.000      32
        505  4.20833333333   58.28754   313.39082               -60.273      0.000      32
        506  4.21666666667   58.52063   313.11285               -60.344      0.000      32
        507  4.22500000000   58.75275   312.82896               -60.407      0.000      32
        508  4.23333333333   58.98387   312.53904               -60.443      0.000      32
        509  4.24166666667   59.21397   312.24297               -60.537      0.000      32
        510  4.25000000000   59.44299   311.94064               -60.526      0.000      32
        511  4.25833333333   59.67092   311.63194               -60.532      0.000      32
        512  4.26666666667   59.89771   311.31676               -60.615      0.000      32
        513  4.27500000000   60.12333   310.99498               -60.622      0.000      32
        514  4.28333333333   60.34774   310.66648               -60.647      0.000      32
        515  4.29166666667   60.57090   310.33114               -60.683      0.000      32
        516  4.30000000000   60.79277   309.98884               -60.679      0.000      32
        517  4.30833333333   61.01331   309.63946               -60.706      0.000      32
        518  4.31666666667   61.23248   309.28288               -60.717      0.000      32
        519  4.32500000000   61.45023   308.91898               -60.744      0.000      32
        520  4.33333333333   61.66652   308.54762               -60.772      0.000      32
        521  4.34166666667   61.88131   308.16870               -60.825      0.000      32
        522  4.35000000000   62.09454   307.78209               -60.786      0.000      32
        523  4.35833333333   62.30617   307.38765               -60.829      0.000      32
        524  4.36666666667   62.51614   306.98528               -60.803      0.000      32
        525  4.37500000000   62.72442   306.57483               -60.861      0.000      32
        526  4.38333333333   62.93094   306.15620               -60.836      0.000      32
        527  4.39166666667   63.13565   305.72926               -60.860      0.000      32
        528  4.40000000000   63.33850   305.29389               -60.929      0.000      32
        529  4.40833333333   63.53943   304.84996               -60.913      0.000      32
        530  4.41666666667   63.73838   304.39737               -60.893      0.000      32
        531  4.42500000000   63.93530   303.93598               -60.943      0.000      32
        532  4.43333333333   64.13012   303.46571               -60.951      0.000      32
        533  4.44166666667   64.32279   302.98642               -60.976      0.000      32
        534  4.45000000000   64.51324   302.49801               -60.973      0.000      32
        535  4.45833333333   64.70140   302.00039               -60.981      0.000      32
        536  4.46666666667   64.88722   301.49344               -61.046      0.000      32
        537  4.47500000000   65.07062   300.97708               -61.066      0.000      32
        538  4.48333333333   65.25154   300.45121               -61.091      0.000      32
        539  4.49166666667   65.42991   299.91575               -61.081      0.000      32
        540  4.50000000000   65.60565   299.37062               -61.106      0.000      32
        541  4.50833333333   65.78165   298.87946               -61.133      0.000      32
        542  4.51666666667   65.95175   298.31519               -61.182      0.000      32
        543  4.52500000000   66.11905   297.74150               -61.204      0.000      32
        544  4.53333333333   66.28346   297.15833               -61.224      0.000      32
        545  4.54166666667   66.44493   296.56565               -61.242      0.000      32
        546  4.55000000000   66.60338   295.96343               -61.277      0.000      32
        547  4.55833333333   66.75874   295.35165               -61.292      0.000      32
        548  4.56666666667   66.91095   294.73029               -61.308      0.000      32
        549  4.57500000000   67.05992   294.09936               -61.335      0.000      32
        550  4.58333333333   67.20558   293.45888               -61.360      0.000      32
        551  4.59166666667   67.34786   292.80885               -61.348      0.000      32
        552  4.60000000000   67.48669   292.14933               -61.327      0.000      32
        553  4.60833333333   67.62200   291.48036               -61.289      0.000      32
        554  4.61666666667   67.75370   290.80200               -61.290      0.000      32
        555  4.62500000000   67.88173   290.11433               -61.274      0.000      32
        556  4.63333333333   68.00601   289.41744               -61.276      0.000      32
        557  4.64166666667   68.12646   288.71144               -61.265      0.000      32
        558  4.65000000000   68.24302   287.99645               -61.248      0.000      32
        559  4.65833333333   68.35561   287.27261               -61.205      0.000      32
        560  4.66666666667   68.46416   286.54007               -61.202      0.000      32
        561  4.67500000000   68.56859   285.79902               -61.159      0.000      32
        562  4.68333333333   68.66884   285.04963               -61.133      0.000      32
        563  4.69166666667   68.76484   284.29211               -61.124      0.000      32
        564  4.70000000000   68.85652   283.52669               -61.114      0.000      32
        565  4.70833333333   68.94381   282.75361               -61.079      0.000      32
        566  4.71666666667   69.02665   281.97313               -61.045      0.000      32
        567  4.72500000000   69.10497   281.18552               -61.063      0.000      32
        568  4.73333333333   69.17872   280.39108               -61.042      0.000      32
        569  4.74166666667   69.24784   279.59011               -61.036      0.000      32
        570  4.75000000000   69.31227   278.78295               -61.038      0.000      32
        571  4.75833333333   69.37195   277.96994               -61.017      0.000      32
        572  4.76666666667   69.42684   277.15143               -60.979      0.000      32
        573  4.77500000000   69.47689   276.32780               -60.988      0.000      32
        574  4.78333333333   69.52205   275.49943               -60.985      0.000      32
        575  4.79166666667   69.56228   274.66673               -60.980      0.000      32
        576  4.80000000000   69.59754   273.83011               -60.978      0.000      32
        577  4.80833333333   69.62780   272.98999               -60.903      0.000      32
        578  4.81666666667   69.65303   272.14681               -60.896      0.000      32
        579  4.82500000000   69.67320   271.30100               -60.897      0.000      32
        580  4.83333333333   69.68829   270.45303               -60.838      0.000      32
        581  4.84166666667   69.69826   269.60334               -60.849      0.000      32
        582  4.85000000000   69.70312   268.75240               -60.776      0.000      32
        583  4.85833333333   69.70285   267.90067               -60.760      0.000      32
        584  4.86666666667   69.69743   267.04863               -60.724      0.000      32
        585  4.87500000000   69.68687   266.19675               -60.696      0.000      32
        586  4.88333333333   69.67117   265.34548               -60.645      0.000      32
        587  4.89166666667   69.65033   264.49530               -60.613      0.000      32
        588  4.90000000000   69.62435   263.64666               -60.559      0.000      32
        589  4.90833333333   69.59326   262.80004               -60.515      0.000      32
        590  4.91666666667   69.55706   261.95588               -60.477      0.000      32
        591  4.92500000000   69.51579   261.11462               -60.403      0.000      32
        592  4.93333333333   69.46945   260.27671               -60.361      0.000      32
        593  4.94166666667   69.41808   259.44256               -60.347      0.000      32
        594  4.95000000000   69.36171   258.61259               -60.278      0.000      32
        595  4.95833333333   69.30038   257.78720               -60.242      0.000      32
        596  4.96666666667   69.23413   256.96679               -60.219      0.000      32
        597  4.97500000000   69.16299   256.15173               -60.168      0.000      32
        598  4.98333333333   69.08701   255.34238               -60.110      0.000      32
        599  4.99166666667   69.00624   254.53909               -60.083      0.000      32
        600  5.00000000000   68.92072   253.74218               -60.061      0.000      32
        601  5.00833333333   68.86226   252.95454               -60.007      0.000      32
        602  5.01666666667   68.76733   252.17076               -59.996      0.000      32
        603  5.02500000000   68.66802   251.39426               -59.924      0.000      32
        604  5.03333333333   68.56442   250.62528               -59.830      0.000      32
        605  5.04166666667   68.45657   249.86403               -59.768      0.000      32
        606  5.05000000000   68.34453   249.11071               -59.734      0.000      32
        607  5.05833333333   68.22838   248.36551               -59.673      0.000      32
        608  5.06666666667   68.10817   247.62859               -59.645      0.000      32
        609  5.07500000000   67.98397   246.90012               -59.564      0.000      32
        610  5.08333333333   67.85585   246.18022               -59.496      0.000      32
        611  5.09166666667   67.72387   245.46903               -59.398      0.000      32
        612  5.10000000000   67.58809   244.76664               -59.330      0.000      32
        613  5.10833333333   67.44860   244.07316               -59.238      0.000      32
        614  5.11666666667   67.30545   243.38866               -59.149      0.000      32
        615  5.12500000000   67.15871   242.71320               -59.068      0.000      32
        616  5.13333333333   67.00846   242.04684               -58.986      0.000      32
        617  5.14166666667   66.85476   241.38962               -58.891      0.000      32
        618  5.15000000000   66.69767   240.74158               -58.795      0.000      32
        619  5.15833333333   66.53728   240.10272               -58.726      0.000      32
        620  5.16666666667   66.37364   239.47305               -58.625      0.000      32
        621  5.17500000000   66.20682   238.85257               -58.545      0.000      32
        622  5.18333333333   66.03690   238.24126               -58.463      0.000      32
        623  5.19166666667   65.86393   237.63911               -58.378      0.000      32
        624  5.20000000000   65.68798   237.04608               -58.330      0.000      32
        625  5.20833333333   65.50912   236.46213               -58.223      0.000      32
        626  5.21666666667   65.32742   235.88722               -58.166      0.000      32
        627  5.22500000000   65.14293   235.32129               -58.106      0.000      32
        628  5.23333333333   64.95572   234.76428               -58.040      0.000      32
        629  5.24166666667   64.76586   234.21613               -57.940      0.000      32
        630  5.25000000000   64.57340   233.67675               -57.847      0.000      32
        631  5.25833333333   64.37841   233.14609               -57.741      0.000      32
        632  5.26666666667   64.18094   232.62404               -57.644      0.000      32
        633  5.27500000000   63.98105   232.11054               -57.552      0.000      32
        634  5.28333333333   63.77881   231.60548               -57.480      0.000      32
        635  5.29166666667   63.57427   231.10878               -57.308      0.000      32
        636  5.30000000000   63.36748   230.62034               -57.237      0.000      32
        637  5.30833333333   63.15850   230.14005               -57.141      0.000      32
        638  5.31666666667   62.94739   229.66783               -56.989      0.000      32
        639  5.32500000000   62.73419   229.20356               -56.908      0.000      32
        640  5.33333333333   62.51897   228.74714               -56.840      0.000      32
        641  5.34166666667   62.30176   228.29846               -56.726      0.000      32
        642  5.35000000000   62.08262   227.85742               -56.585      0.000      32
        643  5.35833333333   61.86161   227.42391               -56.491      0.000      32
        644  5.36666666667   61.63876   226.99781               -56.412      0.000      32
        645  5.37500000000   61.41413   226.57902              4211.047      0.000      32
        646  5.38333333333   61.18776   226.16742               -56.216      0.000      32
        647  5.39166666667   60.95970   225.76291               -56.097      0.000      32
        648  5.40000000000   60.72999   225.36538               -56.005      0.000      32
        649  5.40833333333   60.49867   224.97471               -55.861      0.000      32
        650  5.41666666667   60.26579   224.59079               -55.757      0.000      32
        651  5.42500000000   60.03140   224.21351               -55.612      0.000      32
        652  5.43333333333   59.79552   223.84277               -55.520      0.000      32
        653  5.44166666667   59.55820   223.47846               -55.386      0.000      32
        654  5.45000000000   59.31948   223.12046               -55.244      0.000      32
        655  5.45833333333   59.07939   222.76868               -55.127      0.000      32
        656  5.46666666667   58.83799   222.42300               -55.029      0.000      32
        657  5.47500000000   58.59529   222.08332               -54.868      0.000      32
        658  5.48333333333   58.35134   221.74954               -54.760      0.000      32
        659  5.49166666667   58.10617   221.42155               -54.631      0.000      32
        660  5.50000000000   57.85982   221.09925               -54.487      0.000      32
        661  5.50833333333   57.63779   220.72317               -54.394      0.000      32
        662  5.51666666667   57.38907   220.41211               -54.298      0.000      32
        663  5.52500000000   57.13942   220.10604               -54.169      0.000      32
        664  5.53333333333   56.88888   219.80487               -54.045      0.000      32
        665  5.54166666667   56.63747   219.50851               -53.903      0.000      32
        666  5.55000000000   56.38522   219.21687               -53.763      0.000      32
        667  5.55833333333   56.13215   218.92987               -53.682      0.000      32
        668  5.56666666667   55.87828   218.64740               -53.569      0.000      32
        669  5.57500000000   55.62364   218.36940               -53.427      0.000      32
        670  5.58333333333   55.36825   218.09577               -53.302      0.000      32
        671  5.59166666667   55.11213   217.82643               -53.166      0.000      32
        672  5.60000000000   54.85530   217.56130               -53.024      0.000      32
        673  5.60833333333   54.59780   217.30031               -52.858      0.000      32
        674  5.61666666667   54.33962   217.04337               -52.751      0.000      32
        675  5.62500000000   54.08081   216.79040               -52.643      0.000      32
        676  5.63333333333   53.82137   216.54135               -52.486      0.000      32
        677  5.64166666667   53.56133   216.29612               -52.277      0.000      32
        678  5.65000000000   53.30071   216.05465               -52.183      0.000      32
        679  5.65833333333   53.03952   215.81687               -52.036      0.000      32
        680  5.66666666667   52.77778   215.58272               -51.907      0.000      32
        681  5.67500000000   52.51551   215.35212               -51.682      0.000      32
        682  5.68333333333   52.25273   215.12500               -51.589      0.000      32
        683  5.69166666667   51.98945   214.90131               -51.433      0.000      32
        684  5.70000000000   51.72570   214.68098               -51.288      0.000      32
        685  5.70833333333   51.46148   214.46395               -51.152      0.000      32
        686  5.71666666667   51.19682   214.25015               -51.015      0.000      32
        687  5.72500000000   50.93173   214.03954               -50.910      0.000      32
        688  5.73333333333   50.66623   213.83204               -50.814      0.000      32
        689  5.74166666667   50.40032   213.62761               -50.585      0.000      32
        690  5.75000000000   50.13403   213.42619               -50.485      0.000      32
        691  5.75833333333   49.86737   213.22772               -50.292      0.000      32
        692  5.76666666667   49.60035   213.03215               -50.191      0.000      32
        693  5.77500000000   49.33299   212.83943               -50.078      0.000      32
        694  5.78333333333   49.06531   212.64951               -49.950      0.000      32
        695  5.79166666667   48.79730   212.46234               -49.744      0.000      32
        696  5.80000000000   48.52900   212.27786               -49.589      0.000      32
        697  5.80833333333   48.26041   212.09604               -49.434      0.000      32
        698  5.81666666667   47.99153   211.91682               -49.269      0.000      32
        699  5.82500000000   47.72240   211.74015               -49.173      0.000      32
        700  5.83333333333   47.45301   211.56600               -48.993      0.000      32
        701  5.84166666667   47.18338   211.39432               -48.905      0.000      32
        702  5.85000000000   46.91353   211.22507               -48.774      0.000      32
        703  5.85833333333   46.64345   211.05820               -48.522      0.000      32
        704  5.86666666667   46.37318   210.89367               -48.462      0.000      32
        705  5.87500000000   46.10270   210.73144               -48.296      0.000      32
        706  5.88333333333   45.83204   210.57148               -48.138      0.000      32
        707  5.89166666667   45.56121   210.41374               -48.010      0.000      32
        708  5.90000000000   45.29022   210.25819               -47.857      0.000      32
        709  5.90833333333   45.01907   210.10478               -47.700      0.000      32
        710  5.91666666667   44.74778   209.95349               -47.563      0.000      32
        711  5.92500000000   44.47635   209.80428               -47.463      0.000      32
        712  5.93333333333   44.20481   209.65711               -47.225      0.000      32
        713  5.94166666667   43.93315   209.51195               -47.092      0.000      32
        714  5.95000000000   43.66138   209.36877               -46.890      0.000      32
        715  5.95833333333   43.38952   209.22752               -46.807      0.000      32
        716  5.96666666667   43.11757   209.08819               -46.649      0.000      32
        717  5.97500000000   42.84555   208.95074               -46.434      0.000      32
        718  5.98333333333   42.57346   208.81513               -46.236      0.000      32
        719  5.99166666667   42.30131   208.68135               -46.041      0.000      32
        720  6.00000000000   42.02910   208.54935               -45.816      0.000      32
        721  6.00833333333   41.77268   208.36092               -45.691      0.000      32
        722  6.01666666667   41.50036   208.23226               -45.524      0.000      32
        723  6.02500000000   41.22811   208.10491               -45.306      0.000      32
        724  6.03333333333   40.95593   207.97886               -45.162      0.000      32
        725  6.04166666667   40.68384   207.85408               -44.961      0.000      32
        726  6.05000000000   40.41184   207.73056               -44.717      0.000      32
        727  6.05833333333   40.13993   207.60826               -44.557      0.000      32
        728  6.06666666667   39.86812   207.48718               -44.385      0.000      32
        729  6.07500000000   39.59641   207.36729               -44.083      0.000      32
        730  6.08333333333   39.32481   207.24858               -43.844      0.000      32
        731  6.09166666667   39.05332   207.13101               -43.648      0.000      32
        732  6.10000000000   38.78195   207.01458               -43.406      0.000      32
        733  6.10833333333   38.51070   206.89927               -43.179      0.000      32
        734  6.11666666667   38.23957   206.78505               -42.947      0.000      32
        735  6.12500000000   37.96858   206.67191               -42.709      0.000      32
        736  6.13333333333   37.69772   206.55983               -42.455      0.000      32
        737  6.14166666667   37.42700   206.44880               -42.163      0.000      32
        738  6.15000000000   37.15643   206.33880               -41.954      0.000      32
        739  6.15833333333   36.88600   206.22981               -41.768      0.000      32
        740  6.16666666667   36.61572   206.12182               -41.510      0.000      32
        741  6.17500000000   36.34560   206.01481               -41.253      0.000      32
        742  6.18333333333   36.07564   205.90876               -41.078      0.000      32
        743  6.19166666667   35.80585   205.80367               -40.804      0.000      32
        744  6.20000000000   35.53621   205.69951               -40.494      0.000      32
        745  6.20833333333   35.26676   205.59627               -40.310      0.000      32
        746  6.21666666667   34.99747   205.49394               -39.981      0.000      32
        747  6.22500000000   34.72837   205.39250               -39.682      0.000      32
        748  6.23333333333   34.45944   205.29194               -39.465      0.000      32
        749  6.24166666667   34.19070   205.19225               -39.204      0.000      32
        750  6.25000000000   33.92215   205.09341               -38.891      0.000      32
        751  6.25833333333   33.65379   204.99541               -38.645      0.000      32
        752  6.26666666667   33.38563   204.89824               -38.305      0.000      32
        753  6.27500000000   33.11767   204.80188               -38.000      0.000      32
        754  6.28333333333   32.84991   204.70632               -37.661      0.000      32
        755  6.29166666667   32.58235   204.61156               -37.317      0.000      32
        756  6.30000000000   32.31500   204.51758               -37.047      0.000      32
        757  6.30833333333   32.04786   204.42436               -36.689      0.000      32
        758  6.31666666667   31.78094   204.33190               -36.351      0.000      32
        759  6.32500000000   31.51423   204.24018               -36.045      0.000      32
        760  6.33333333333   31.24774   204.14920               -35.692      0.000      32
        761  6.34166666667   30.98148   204.05894               -35.323      0.000      32
        762  6.35000000000   30.71544   203.96940               -35.029      0.000      32
        763  6.35833333333   30.44963   203.88056               -34.643      0.000      32
        764  6.36666666667   30.18405   203.79241               -34.327      0.000      32
        765  6.37500000000   29.91870   203.70494               -34.072      0.000      32
        766  6.38333333333   29.65358   203.61815               -33.706      0.000      32
        767  6.39166666667   29.38871   203.53202               -33.438      0.000      32
        768  6.40000000000   29.12408   203.44654               -33.015      0.000      32
        769  6.40833333333   28.85969   203.36171               -32.771      0.000      32
        770  6.41666666667   28.59554   203.27751               -32.387      0.000      32
        771  6.42500000000   28.33164   203.19394               -32.045      0.000      32
        772  6.43333333333   28.06799   203.11099               -31.791      0.000      32
        773  6.44166666667   27.80460   203.02865               -31.309      0.000      32
        774  6.45000000000   27.54145   202.94690               -31.021      0.000      32
        775  6.45833333333   27.27857   202.86575               -30.662      0.000      32
        776  6.46666666667   27.01594   202.78519               -30.200      0.000      32
        777  6.47500000000   26.75357   202.70520               -29.889      0.000      32
        778  6.48333333333   26.49146   202.62578               -29.481      0.000      32
        779  6.49166666667   26.22962   202.54691               -29.009      0.000      32
        780  6.50000000000   25.96804   202.46860               -28.645      0.000      32
        781  6.50833333333   25.72052   202.34328               -28.253      0.000      32
        782  6.51666666667   25.45947   202.26563               -27.753      0.000      32
        783  6.52500000000   25.19879   202.18819               -27.351      0.000      32
        784  6.53333333333   24.93846   202.11097               -26.906      0.000      32
        785  6.54166666667   24.67849   202.03395               -26.443      0.000      32
        786  6.55000000000   24.41889   201.95714               -25.962      0.000      32
        787  6.55833333333   24.15965   201.88053               -25.446      0.000      32
        788  6.56666666667   23.90078   201.80411               -25.018      0.000      32
        789  6.57500000000   23.64227   201.72789               -24.544      0.000      32
        790  6.58333333333   23.38413   201.65185               -23.948      0.000      32
        791  6.59166666667   23.12635   201.57600               -23.552      0.000      32
        792  6.60000000000   22.86894   201.50033               -23.062      0.000      32
        793  6.60833333333   22.61190   201.42483               -22.569      0.000      32
        794  6.61666666667   22.35523   201.34951               -22.042      0.000      32
        795  6.62500000000   22.09893   201.27435               -21.541      0.000      32
        796  6.63333333333   21.84300   201.19936               -21.045      0.000      32
        797  6.64166666667   21.58745   201.12453               -20.400      0.000      32
        798  6.65000000000   21.33226   201.04986               -19.873      0.000      32
        799  6.65833333333   21.07745   200.97535               -19.425      0.000      32
        800  6.66666666667   20.82301   200.90098               -18.931      0.000      32
        801  6.67500000000   20.56894   200.82677               -18.336      0.000      32
        802  6.68333333333   20.31524   200.75269               -17.825      0.000      32
        803  6.69166666667   20.06193   200.67876               -17.097      0.000      32
        804  6.70000000000   19.80898   200.60496               -16.668      0.000      32
        805  6.70833333333   19.55641   200.53130               -16.087      0.000      32
        806  6.71666666667   19.30422   200.45776               -15.487      0.000      32
        807  6.72500000000   19.05240   200.38436               -14.985      0.000      32
        808  6.73333333333   18.80096   200.31107               -14.497      0.000      32
        809  6.74166666667   18.54990   200.23791               -13.925      0.000      32
        810  6.75000000000   18.29921   200.16487               -13.274      0.000      32
        811  6.75833333333   18.04890   200.09194               -12.563      0.000      32
        812  6.76666666667   17.79897   200.01912               -11.994      0.000      32
        813  6.77500000000   17.54941   199.94641               -11.634      0.000      32
        814  6.78333333333   17.30023   199.87380               -11.020      0.000      32
        815  6.79166666667   17.05143   199.80130               -10.353      0.000      32
        816  6.80000000000   16.80301   199.72889                -9.850      0.000      32
        817  6.80833333333   16.55496   199.65658                -9.337      0.000      32
        818  6.81666666667   16.30730   199.58437                -8.787      0.000      32
        819  6.82500000000   16.06001   199.51224                -8.252      0.000      32
        820  6.83333333333   15.81309   199.44020             14927.989      0.000      32
        821  6.84166666667   15.56656   199.36825                -7.118      0.000      32
        822  6.85000000000   15.32040   199.29638                -6.540      0.000      32
        823  6.85833333333   15.07462   199.22458                -5.880      0.000      32
        824  6.86666666667   14.82922   199.15287                -5.281      0.000      32
        825  6.87500000000   14.58419   199.08122                -4.774      0.000      32
        826  6.88333333333   14.33954   199.00965                -4.391      0.000      32
        827  6.89166666667   14.09527   198.93815                -3.923      0.000      32
        828  6.90000000000   13.85137   198.86671                -3.326      0.000      32
        829  6.90833333333   13.60785   198.79533                -2.579      0.000      32
        830  6.91666666667   13.36470   198.72401                -2.089      0.000      32
        831  6.92500000000   13.12193   198.65275                -1.802      0.000      32
        832  6.93333333333   12.87954   198.58154                -0.865      0.000      32
        833  6.94166666667   12.63751   198.51039                -0.410      0.000      32
        834  6.95000000000   12.39587   198.43929                 0.265      0.000      32
        835  6.95833333333   12.15459   198.36823             15975.138      0.000      32
        836  6.96666666667   11.91369   198.29721             15975.138      0.000      32
        837  6.97500000000   11.67317   198.22624             15975.138      0.000      32
        838  6.98333333333   11.43301   198.15531             15975.138      0.000      32
        839  6.99166666667   11.19323   198.08441             15975.138      0.000      32
        840  7.00000000000   10.95381   198.01355             15975.138      0.000      32
       1500 12.50000000000    5.60961    85.34204             -5376.344      0.000      32
       1501 12.50833333333    5.76354    85.14874             -5376.344      0.000      32
       1502 12.51666666667    5.91698    84.95486             -5376.344      0.000      32
       1503 12.52500000000    6.06994    84.76041             -5376.344      0.000      32
       1504 12.53333333333    6.22240    84.56538             -5376.344      0.000      32
       1505 12.54166666667    6.37438    84.36977             -5376.344      0.000      32
       1506 12.55000000000    6.52585    84.17358             -5376.344      0.000      32
       1507 12.55833333333    6.67682    83.97681             -5376.344      0.000      32
       1508 12.56666666667    6.82728    83.77945             -5376.344      0.000      32
       1509 12.57500000000    6.97722    83.58151             -5376.344      0.000      32
       1510 12.58333333333    7.12664    83.38299             -5376.344      0.000      32
       1511 12.59166666667    7.27553    83.18388             -5376.344      0.000      32
       1512 12.60000000000    7.42389    82.98418             -5376.344      0.000      32
       1513 12.60833333333    7.57171    82.78390             -5376.344      0.000      32
       1514 12.61666666667    7.71899    82.58303             -5376.344      0.000      32
       1515 12.62500000000    7.86572    82.38156             -5376.344      0.000      32
       1516 12.63333333333    8.01190    82.17951             -5376.344      0.000      32
       1517 12.64166666667    8.15752    81.97687             -5376.344      0.000      32
       1518 12.65000000000    8.30257    81.77364             -5376.344      0.000      32
       1519 12.65833333333    8.44705    81.56981             -5376.344      0.000      32
       1520 12.66666666667    8.59095    81.36539             -5376.344      0.000      32
       1521 12.67500000000    8.73428    81.16038             -5376.344      0.000      32
       1522 12.68333333333    8.87702    80.95477             -5376.344      0.000      32
       1523 12.69166666667    9.01916    80.74857             -5376.344      0.000      32
       1524 12.70000000000    9.16071    80.54177             -5376.344      0.000      32
       1525 12.70833333333    9.30165    80.33438             -5376.344      0.000      32
       1526 12.71666666667    9.44199    80.12639             -5376.344      0.000      32
       1527 12.72500000000    9.58171    79.91780             -5376.344      0.000      32
       1528 12.73333333333    9.72081    79.70862             -5376.344      0.000      32
       1529 12.74166666667    9.85929    79.49884             -5376.344      0.000      32
       1530 12.75000000000    9.99713    79.28846             -5376.344      0.000      32
       1531 12.75833333333   10.13434    79.07748             -5376.344      0.000      32
       1532 12.76666666667   10.27091    78.86590             -5376.344      0.000      32
       1533 12.77500000000   10.40683    78.65373             -5376.344      0.000      32
       1534 12.78333333333   10.54210    78.44096             -5376.344      0.000      32
       1535 12.79166666667   10.67671    78.22758             -5376.344      0.000      32
       1536 12.80000000000   10.81065    78.01361             -5376.344      0.000      32
       1537 12.80833333333   10.94393    77.79904             -5376.344      0.000      32
       1538 12.81666666667   11.07653    77.58387             -5376.344      0.000      32
       1539 12.82500000000   11.20846    77.36810             -5376.344      0.000      32
       1540 12.83333333333   11.33969    77.15173             -5376.344      0.000      32
       1541 12.84166666667   11.47024    76.93476             -5376.344      0.000      32
       1542 12.85000000000   11.60008    76.71719             -5376.344      0.000      32
       1543 12.85833333333   11.72923    76.49903             -5376.344      0.000      32
       1544 12.86666666667   11.85767    76.28026             -5376.344      0.000      32
       1545 12.87500000000   11.98540    76.06090             -5376.344      0.000      32
       1546 12.88333333333   12.11240    75.84094             -5376.344      0.000      32
       1547 12.89166666667   12.23869    75.62038               -64.068      0.000      32
       1548 12.90000000000   12.36424    75.39922               -64.295      0.000      32
       1549 12.90833333333   12.48906    75.17747               -64.588      0.000      32
       1550 12.91666666667   12.61314    74.95512               -64.819      0.000      32
       1551 12.92500000000   12.73647    74.73217               -65.085      0.000      32
       1552 12.93333333333   12.85905    74.50863               -65.394      0.000      32
       1553 12.94166666667   12.98087    74.28450               -65.587      0.000      32
       1554 12.95000000000   13.10193    74.05977               -65.967      0.000      32
       1555 12.95833333333   13.22223    73.83445               -66.049      0.000      32
       1556 12.96666666667   13.34175    73.60853               -66.367      0.000      32
       1557 12.97500000000   13.46049    73.38203               -66.648      0.000      32
       1558 12.98333333333   13.57845    73.15493               -66.856      0.000      32
       1559 12.99166666667   13.69562    72.92724               -67.214      0.000      32
       1560 13.00000000000   13.81200    72.69897               -67.389      0.000      32
       1561 13.00833333333   13.90173    72.46143               -67.681      0.000      32
       1562 13.01666666667   14.01591    72.23171               -67.984      0.000      32
       1563 13.02500000000   14.12910    72.00135               -68.161      0.000      32
       1564 13.03333333333   14.24131    71.77036               -68.435      0.000      32
       1565 13.04166666667   14.35251    71.53874               -68.626      0.000      32
       1566 13.05000000000   14.46272    71.30649               -68.825      0.000      32
       1567 13.05833333333   14.57191    71.07362               -69.042      0.000      32
       1568 13.06666666667   14.68009    70.84014               -69.307      0.000      32
       1569 13.07500000000   14.78725    70.60603               -69.577      0.000      32
       1570 13.08333333333   14.89338    70.37132               -69.827      0.000      32
       1571 13.09166666667   14.99847    70.13601               -70.094      0.000      32
       1572 13.10000000000   15.10252    69.90009               -70.174      0.000      32
       1573 13.10833333333   15.20552    69.66357               -70.464      0.000      32
       1574 13.11666666667   15.30746    69.42646               -70.675      0.000      32
       1575 13.12500000000   15.40835    69.18877               -70.917      0.000      32
       1576 13.13333333333   15.50817    68.95049               -71.209      0.000      32
       1577 13.14166666667   15.60691    68.71163               -71.351      0.000      32
       1578 13.15000000000   15.70458    68.47220               -71.614      0.000      32
       1579 13.15833333333   15.80116    68.23220               -71.776      0.000      32
       1580 13.16666666667   15.89665    67.99164               -71.930      0.000      32
       1581 13.17500000000   15.99104    67.75052               -72.107      0.000      32
       1582 13.18333333333   16.08433    67.50884               -72.295      0.000      32
       1583 13.19166666667   16.17651    67.26662               -72.498      0.000      32
       1584 13.20000000000   16.26757    67.02385               -72.638      0.000      32
       1585 13.20833333333   16.35752    66.78055               -72.770      0.000      32
       1586 13.21666666667   16.44633    66.53672               -72.873      0.000      32
       1587 13.22500000000   16.53402    66.29236               -73.066      0.000      32
       1588 13.23333333333   16.62057    66.04748               -73.286      0.000      32
       1589 13.24166666667   16.70597    65.80209               -73.453      0.000      32
       1590 13.25000000000   16.79023    65.55618               -73.583      0.000      32
       1591 13.25833333333   16.87333    65.30978               -73.831      0.000      32
       1592 13.26666666667   16.95527    65.06288               -74.013      0.000      32
       1593 13.27500000000   17.03605    64.81548               -74.187      0.000      32
       1594 13.28333333333   17.11566    64.56761               -74.414      0.000      32
       1595 13.29166666667   17.19409    64.31925               -74.582      0.000      32
       1596 13.30000000000   17.27135    64.07043               -74.753      0.000      32
       1597 13.30833333333   17.34742    63.82113               -74.874      0.000      32
       1598 13.31666666667   17.42230    63.57138               -75.029      0.000      32
       1599 13.32500000000   17.49598    63.32118               -75.403      0.000      32
       1600 13.33333333333   17.56847    63.07053               -75.593      0.000      32
       1601 13.34166666667   17.63975    62.81945               -75.722      0.000      32
       1602 13.35000000000   17.70982    62.56793               -75.880      0.000      32
       1603 13.35833333333   17.77868    62.31599               -76.090      0.000      32
       1604 13.36666666667   17.84632    62.06362               -76.442      0.000      32
       1605 13.37500000000   17.91273    61.81085               -76.497      0.000      32
       1606 13.38333333333   17.97792    61.55767               -76.732      0.000      32
       1607 13.39166666667   18.04188    61.30410               -77.014      0.000      32
       1608 13.40000000000   18.10460    61.05014               -77.186      0.000      32
       1609 13.40833333333   18.16608    60.79579               -77.395      0.000      32
       1610 13.41666666667   18.22632    60.54107               -77.643      0.000      32
       1611 13.42500000000   18.28531    60.28599               -77.701      0.000      32
       1612 13.43333333333   18.34305    60.03054               -77.870      0.000      32
       1613 13.44166666667   18.39953    59.77474               -78.070      0.000      32
       1614 13.45000000000   18.45475    59.51859               -78.236      0.000      32
       1615 13.45833333333   18.50871    59.26211               -78.366      0.000      32
       1616 13.46666666667   18.56140    59.00530               -78.538      0.000      32
       1617 13.47500000000   18.61282    58.74817               -78.661      0.000      32
       1618 13.48333333333   18.66297    58.49072               -78.817      0.000      32
       1619 13.49166666667   18.71184    58.23297               -78.955      0.000      32
       1620 13.50000000000   18.75942    57.97492               -79.032      0.000      32
       1621 13.50833333333   18.78680    57.72530               -79.252      0.000      32
       1622 13.51666666667   18.83124    57.46666               -79.310      0.000      32
       1623 13.52500000000   18.87426    57.20780               -79.360      0.000      32
       1624 13.53333333333   18.91587    56.94875               -79.489      0.000      32
       1625 13.54166666667   18.95605    56.68952               -79.600      0.000      32
       1626 13.55000000000   18.99481    56.43011               -79.613      0.000      32
       1627 13.55833333333   19.03215    56.17054               -79.711      0.000      32
       1628 13.56666666667   19.06805    55.91081               -79.925      0.000      32
       1629 13.57500000000   19.10252    55.65095               -80.047      0.000      32
       1630 13.58333333333   19.13556    55.39096               -80.172      0.000      32
       1631 13.59166666667   19.16716    55.13085               -80.240      0.000      32
       1632 13.60000000000   19.19732    54.87063               -80.385      0.000      32
       1633 13.60833333333   19.22604    54.61032               -80.406      0.000      32
       1634 13.61666666667   19.25331    54.34993               -80.528      0.000      32
       1635 13.62500000000   19.27914    54.08946               -80.657      0.000      32
       1636 13.63333333333   19.30352    53.82894               -80.724      0.000      32
       1637 13.64166666667   19.32646    53.56836               -80.763      0.000      32
       1638 13.65000000000   19.34794    53.30775               -80.829      0.000      32
       1639 13.65833333333   19.36797    53.04711               -80.937      0.000      32
       1640 13.66666666667   19.38655    52.78646               -80.993      0.000      32
       1641 13.67500000000   19.40367    52.52580               -81.025      0.000      32
       1642 13.68333333333   19.41934    52.26515               -81.078      0.000      32
       1643 13.69166666667   19.43356    52.00452               -81.235      0.000      32
       1644 13.70000000000   19.44631    51.74392               -81.360      0.000      32
       1645 13.70833333333   19.45761    51.48336               -81.430      0.000      32
       1646 13.71666666667   19.46745    51.22286               -81.512      0.000      32
       1647 13.72500000000   19.47583    50.96242               -81.663      0.000      32
       1648 13.73333333333   19.48275    50.70205               -81.855      0.000      32
       1649 13.74166666667   19.48821    50.44177               -81.941      0.000      32
       1650 13.75000000000   19.49221    50.18159               -82.208      0.000      32
       1651 13.75833333333   19.49475    49.92153               -82.302      0.000      32
       1652 13.76666666667   19.49583    49.66158               -82.394      0.000      32
       1653 13.77500000000   19.49546    49.40176               -82.553      0.000      32
       1654 13.78333333333   19.49362    49.14209               -82.591      0.000      32
       1655 13.79166666667   19.49032    48.88257               -82.714      0.000      32
       1656 13.80000000000   19.48557    48.62322               -82.860      0.000      32
       1657 13.80833333333   19.47936    48.36404               -82.916      0.000      32
       1658 13.81666666667   19.47169    48.10505               -82.992      0.000      32
       1659 13.82500000000   19.46257    47.84625               -83.005      0.000      32
       1660 13.83333333333   19.45199    47.58767               -83.159      0.000      32
       1661 13.84166666667   19.43996    47.32931               -83.188      0.000      32
       1662 13.85000000000   19.42647    47.07117               -83.347      0.000      32
       1663 13.85833333333   19.41153    46.81328               -83.393      0.000      32
       1664 13.86666666667   19.39515    46.55564               -83.537      0.000      32
       1665 13.87500000000   19.37731    46.29826               -83.577      0.000      32
       1666 13.88333333333   19.35803    46.04115               -83.679      0.000      32
       1667 13.89166666667   19.33730    45.78432               -83.753      0.000      32
       1668 13.90000000000   19.31513    45.52779               -83.868      0.000      32
       1669 13.90833333333   19.29151    45.27156               -83.940      0.000      32
       1670 13.91666666667   19.26646    45.01565               -83.972      0.000      32
       1671 13.92500000000   19.23997    44.76005               -83.986      0.000      32
       1672 13.93333333333   19.21204    44.50480               -84.103      0.000      32
       1673 13.94166666667   19.18268    44.24988               -84.149      0.000      32
       1674 13.95000000000   19.15189    43.99532               -84.131      0.000      32
       1675 13.95833333333   19.11967    43.74112               -84.257      0.000      32
       1676 13.96666666667   19.08602    43.48729               -84.406      0.000      32
       1677 13.97500000000   19.05095    43.23385               -84.459      0.000      32
       1678 13.98333333333   19.01446    42.98079               -84.496      0.000      32
       1679 13.99166666667   18.97655    42.72814               -84.688      0.000      32
       1680 14.00000000000   18.93723    42.47589               -84.646      0.000      32
       1681 14.00833333333   18.89097    42.24499               -84.842      0.000      32
       1682 14.01666666667   18.84839    41.99382               -84.747      0.000      32
       1683 14.02500000000   18.80438    41.74323               -84.706      0.000      32
       1684 14.03333333333   18.75893    41.49324               -84.762      0.000      32
       1685 14.04166666667   18.71205    41.24385               -84.770      0.000      32
       1686 14.05000000000   18.66375    40.99507               -84.691      0.000      32
       1687 14.05833333333   18.61403    40.74691               -84.621      0.000      32
       1688 14.06666666667   18.56289    40.49939               -84.671      0.000      32
       1689 14.07500000000   18.51034    40.25250               -84.758      0.000      32
       1690 14.08333333333   18.45638    40.00627               -84.826      0.000      32
       1691 14.09166666667   18.40102    39.76069               -84.776      0.000      32
       1692 14.10000000000   18.34426    39.51579               -84.785      0.000      32
       1693 14.10833333333   18.28611    39.27156               -84.762      0.000      32
       1694 14.11666666667   18.22657    39.02801               -84.782      0.000      32
       1695 14.12500000000   18.16564    38.78517               -84.771      0.000      32
       1696 14.13333333333   18.10334    38.54302               -84.825      0.000      32
       1697 14.14166666667   18.03967    38.30159               -84.855      0.000      32
       1698 14.15000000000   17.97463    38.06087               -84.792      0.000      32
       1699 14.15833333333   17.90822    37.82088               -84.761      0.000      32
       1700 14.16666666667   17.84046    37.58163               -84.719      0.000      32
       1701 14.17500000000   17.77135    37.34312               -84.737      0.000      32
       1702 14.18333333333   17.70089    37.10536               -84.737      0.000      32
       1703 14.19166666667   17.62909    36.86836               -84.746      0.000      32
       1704 14.20000000000   17.55596    36.63212               -84.694      0.000      32
       1705 14.20833333333   17.48149    36.39665               -84.668      0.000      32
       1706 14.21666666667   17.40570    36.16197               -84.669      0.000      32
       1707 14.22500000000   17.32860    35.92806               -84.611      0.000      32
       1708 14.23333333333   17.25018    35.69495             19118.386      0.000      32
       1709 14.24166666667   17.17045    35.46264               -84.611      0.000      32
       1710 14.25000000000   17.08943    35.23113               -84.631      0.000      32
       1711 14.25833333333   17.00711    35.00043               -84.568      0.000      32
       1712 14.26666666667   16.92350    34.77055               -84.623      0.000      32
       1713 14.27500000000   16.83860    34.54149               -84.617      0.000      32
       1714 14.28333333333   16.75244    34.31325               -84.636      0.000      32
       1715 14.29166666667   16.66500    34.08585               -84.620      0.000      32
       1716 14.30000000000   16.57629    33.85929               -84.730      0.000      32
       1717 14.30833333333   16.48633    33.63357               -84.675      0.000      32
       1718 14.31666666667   16.39512    33.40870               -84.574      0.000      32
       1719 14.32500000000   16.30266    33.18468               -84.534      0.000      32
       1720 14.33333333333   16.20896    32.96152               -84.536      0.000      32
       1721 14.34166666667   16.11402    32.73923               -84.519      0.000      32
       1722 14.35000000000   16.01786    32.51780               -84.539      0.000      32
       1723 14.35833333333   15.92048    32.29724               -84.465      0.000      32
       1724 14.36666666667   15.82189    32.07756               -84.372      0.000      32
       1725 14.37500000000   15.72208    31.85875               -84.347      0.000      32
       1726 14.38333333333   15.62108    31.64083               -84.249      0.000      32
       1727 14.39166666667   15.51888    31.42380               -84.178      0.000      32
       1728 14.40000000000   15.41549    31.20766               -84.186      0.000      32
       1729 14.40833333333   15.31092    30.99241               -84.146      0.000      32
       1730 14.41666666667   15.20517    30.77806               -84.131      0.000      32
       1731 14.42500000000   15.09826    30.56460               -84.140      0.000      32
       1732 14.43333333333   14.99018    30.35206               -84.060      0.000      32
       1733 14.44166666667   14.88095    30.14041               -84.157      0.000      32
       1734 14.45000000000   14.77056    29.92968               -84.001      0.000      32
       1735 14.45833333333   14.65904    29.71986               -83.937      0.000      32
       1736 14.46666666667   14.54637    29.51096               -83.882      0.000      32
       1737 14.47500000000   14.43258    29.30297               -83.755      0.000      32
       1738 14.48333333333   14.31766    29.09589               -83.738      0.000      32
       1739 14.49166666667   14.20163    28.88974               -83.577      0.000      32
       1740 14.50000000000   14.08449    28.68452               -83.497      0.000      32
       1741 14.50833333333   13.97459    28.50055               -83.386      0.000      32
       1742 14.51666666667   13.85502    28.29756               -83.302      0.000      32
       1743 14.52500000000   13.73442    28.09563               -83.209      0.000      32
       1744 14.53333333333   13.61280    27.89477               -83.114      0.000      32
       1745 14.54166666667   13.49016    27.69497               -82.958      0.000      32
       1746 14.55000000000   13.36651    27.49624               -82.869      0.000      32
       1747 14.55833333333   13.24186    27.29858               -82.812      0.000      32
       1748 14.56666666667   13.11622    27.10199               -82.666      0.000      32
       1749 14.57500000000   12.98958    26.90646               -82.704      0.000      32
       1750 14.58333333333   12.86197    26.71201               -82.692      0.000      32
       1751 14.59166666667   12.73338    26.51862               -82.573      0.000      32
       1752 14.60000000000   12.60383    26.32631               -82.412      0.000      32
       1753 14.60833333333   12.47331    26.13507               -82.350      0.000      32
       1754 14.61666666667   12.34184    25.94490               -82.198      0.000      32
       1755 14.62500000000   12.20943    25.75579               -82.139      0.000      32
       1756 14.63333333333   12.07607    25.56776               -81.856      0.000      32
       1757 14.64166666667   11.94179    25.38080               -81.737      0.000      32
       1758 14.65000000000   11.80657    25.19490               -81.733      0.000      32
       1759 14.65833333333   11.67044    25.01008               -81.570      0.000      32
       1760 14.66666666667   11.53339    24.82632               -81.405      0.000      32
       1761 14.67500000000   11.39543    24.64363               -81.287      0.000      32
       1762 14.68333333333   11.25658    24.46200               -81.283      0.000      32
       1763 14.69166666667   11.11683    24.28145               -81.169      0.000      32
       1764 14.70000000000   10.97620    24.10195               -81.075      0.000      32
       1765 14.70833333333   10.83469    23.92352               -81.065      0.000      32
       1766 14.71666666667   10.69230    23.74615               -81.024      0.000      32
       1767 14.72500000000   10.54905    23.56984               -80.857      0.000      32
       1768 14.73333333333   10.40493    23.39460               -80.893      0.000      32
       1769 14.74166666667   10.25997    23.22041               -80.845      0.000      32
       1770 14.75000000000   10.11415    23.04727               -80.745      0.000      32
       1771 14.75833333333    9.96749    22.87520               -80.698      0.000      32
       1772 14.76666666667    9.82000    22.70417               -80.530      0.000      32
       1773 14.77500000000    9.67168    22.53420               -80.559      0.000      32
       1774 14.78333333333    9.52254    22.36528               -80.395      0.000      32
       1775 14.79166666667    9.37258    22.19741               -80.277      0.000      32
       1776 14.80000000000    9.22182    22.03058               -80.191      0.000      32
       1777 14.80833333333    9.07025    21.86480               -80.128      0.000      32
       1778 14.81666666667    8.91788    21.70006               -80.034      0.000      32
       1779 14.82500000000    8.76472    21.53636               -80.034      0.000      32
       1780 14.83333333333    8.61078    21.37370               -79.965      0.000      32
       1781 14.84166666667    8.45606    21.21208               -79.944      0.000      32
       1782 14.85000000000    8.30056    21.05149               -79.977      0.000      32
       1783 14.85833333333    8.14430    20.89193               -79.825      0.000      32
       1784 14.86666666667    7.98728    20.73340               -79.772      0.000      32
       1785 14.87500000000    7.82951    20.57590               -79.871      0.000      32
       1786 14.88333333333    7.67099    20.41943               -79.871      0.000      32
       1787 14.89166666667    7.51172    20.26398               -79.862      0.000      32
       1788 14.90000000000    7.35172    20.10954               -79.851      0.000      32
       1789 14.90833333333    7.19099    19.95613               -79.840      0.000      32
       1790 14.91666666667    7.02953    19.80373               -79.807      0.000      32
       1791 14.92500000000    6.86735    19.65234               -79.882      0.000      32
       1792 14.93333333333    6.70447    19.50197               -79.890      0.000      32
       1793 14.94166666667    6.54087    19.35260               -79.794      0.000      32
       1794 14.95000000000    6.37657    19.20423               -79.853      0.000      32
       1795 14.95833333333    6.21158    19.05687               -79.748      0.000      32
       1796 14.96666666667    6.04590    18.91050               -79.883      0.000      32
       1797 14.97500000000    5.87953    18.76514               -79.924      0.000      32
       1798 14.98333333333    5.71249    18.62076               -79.900      0.000      32
       1799 14.99166666667    5.54477    18.47738               -79.933      0.000      32
       1800 15.00000000000    5.37638    18.33498               -79.880      0.000      32
       1801 15.00833333333    5.22292    18.20348               -79.973      0.000      32
       1802 15.01666666667    5.05317    18.06348               -79.922      0.000      32
       1803 15.02500000000    4.88287    17.92451               -79.850      0.000      32
       1804 15.03333333333    4.71203    17.78659               -79.787      0.000      32
       1805 15.04166666667    4.54066    17.64970               -79.742      0.000      32
       1806 15.05000000000    4.36875    17.51384               -79.782      0.000      32
       1807 15.05833333333    4.19632    17.37901               -79.833      0.000      32
       1808 15.06666666667    4.02337    17.24520               -79.748      0.000      32
       1809 15.07500000000    3.84990    17.11242               -79.535      0.000      32
       1810 15.08333333333    3.67592    16.98065               -79.528      0.000      32
       1811 15.09166666667    3.50142    16.84989               -79.497      0.000      32
       1812 15.10000000000    3.32643    16.72015               -79.350      0.000      32
       1813 15.10833333333    3.15094    16.59141               -79.297      0.000      32
       1814 15.11666666667    2.97495    16.46367               -79.320      0.000      32
