# Created on 2022-09-13 07:27:33 
# Sources: obs\TPKL1681.22O, nav\TPKL1681.22N
# Satellite: G08
# Interval: 30.0
# Sampling interval: 0.0 (not used).
# Site: TPKL
# Position (L, B, H): 78.5290569025, 42.4638637031, 1886.01891334
# Position (X, Y, Z): 937429.6846, 4619604.6444, 4285027.6573
# datetime format: %Y-%m-%dT%H:%M:%S
# Columns: tsn, hour, el, az, tec.l1l2, tec.p1p2, validity
# (I11,1X,F14.11,1X,F10.5,1X,F11.5,1X,F21.3,1X,F10.3,1X,I7)
       1465 12.20833333333    7.75963   326.56732              -152.627    155.815    4096
       1466 12.21666666667    7.90521   326.44734              -152.864    163.439    4096
       1467 12.22500000000    8.05027   326.32651              -153.029    177.858    4096
       1468 12.23333333333    8.19480   326.20480              -153.147    172.804    4096
       1469 12.24166666667    8.33881   326.08223              -153.305    172.290    4096
       1470 12.25000000000    8.48228   325.95879             18887.488  -2264.816    4096
       1471 12.25833333333    8.62521   325.83448              -153.784    168.607    4096
       1472 12.26666666667    8.76760   325.70930              -153.909    162.211    4096
       1473 12.27500000000    8.90944   325.58325              -154.032    161.393    4096
       1474 12.28333333333    9.05072   325.45633              -154.229    168.607    4096
       1475 12.29166666667    9.19145   325.32853              -154.299    159.232    4096
       1476 12.30000000000    9.33161   325.19986              -154.263    154.692    4096
       1477 12.30833333333    9.47119   325.07031              -154.299    159.870    4096
       1478 12.31666666667    9.61021   324.93989              -154.228    162.620    4096
       1479 12.32500000000    9.74864   324.80859              -154.190    163.953    4096
       1480 12.33333333333    9.88649   324.67642              -154.208  -2275.447    4096
       1481 12.34166666667   10.02374   324.54337              -154.391    158.937    4096
       1482 12.35000000000   10.16040   324.40944              -154.506    167.788    4096
       1483 12.35833333333   10.29646   324.27463              -154.664    169.987    4096
       1484 12.36666666667   10.43191   324.13895              -154.812    168.045    4096
       1485 12.37500000000   10.56674   324.00238              -155.029    156.596    4096
       1486 12.38333333333   10.70096   323.86494              -155.173    152.027    4096
       1487 12.39166666667   10.83456   323.72662              -155.175    159.870    4096
       1488 12.40000000000   10.96752   323.58742              -155.358    156.481    4096
       1489 12.40833333333   11.09985   323.44734              -155.511    168.198    4096
       1490 12.41666666667   11.23155   323.30638              -155.829    162.211    4096
       1491 12.42500000000   11.36259   323.16454              -156.126    163.172    4096
       1492 12.43333333333   11.49299   323.02182              -156.154  -2283.338    4096
       1493 12.44166666667   11.62273   322.87822              -156.241    165.447    4096
       1494 12.45000000000   11.75181   322.73374              -156.359    155.929    4096
       1495 12.45833333333   11.88022   322.58839              -156.485    154.702    4096
       1496 12.46666666667   12.00796   322.44215              -156.650    151.723    4096
       1497 12.47500000000   12.13502   322.29504              -156.804    164.809    4096
       1498 12.48333333333   12.26139   322.14705              -156.894    162.620    4096
       1499 12.49166666667   12.38708   321.99819              -156.988    150.866    4096
       1500 12.50000000000   12.51208   321.84845              -157.167    158.375    4096
       1501 12.50833333333   12.63637   321.69783              -157.204    170.758    4096
       1502 12.51666666667   12.75996   321.54634              -157.321    158.937    4096
       1503 12.52500000000   12.88284   321.39397              -157.496    160.574    4096
       1504 12.53333333333   13.00500   321.24073              -157.676    160.469    4096
       1505 12.54166666667   13.12644   321.08662              -157.732    160.831    4096
       1506 12.55000000000   13.24715   320.93164              -157.912    158.937    4096
       1507 12.55833333333   13.36713   320.77579              -158.087    157.709    4096
       1508 12.56666666667   13.48636   320.61907              -158.161    153.731    4096
       1509 12.57500000000   13.60486   320.46148              -158.282    152.655    4096
       1510 12.58333333333   13.72261   320.30303              -158.466    157.300    4096
       1511 12.59166666667   13.83960   320.14371             18882.290  -2285.641    4096
       1512 12.60000000000   13.95583   319.98353              -158.688    161.136    4096
       1513 12.60833333333   14.07129   319.82248              -158.887    172.138    4096
       1514 12.61666666667   14.18598   319.66058              -159.039    162.468    4096
       1515 12.62500000000   14.29990   319.49782              -159.209    151.875    4096
       1516 12.63333333333   14.41303   319.33420              -159.358    155.672    4096
       1517 12.64166666667   14.52537   319.16973              -159.619    150.875    4096
       1518 12.65000000000   14.63692   319.00441              -159.829    155.368    4096
       1519 12.65833333333   14.74767   318.83824              -159.851    155.111    4096
       1520 12.66666666667   14.85762   318.67122              -159.984    168.198    4096
       1521 12.67500000000   14.96675   318.50335              -160.117    160.574    4096
       1522 12.68333333333   15.07507   318.33464              -160.208  -2272.697    4096
       1523 12.69166666667   15.18257   318.16509              -160.469    163.696    4096
       1524 12.70000000000   15.28925   317.99470              -160.691    164.924    4096
       1525 12.70833333333   15.39509   317.82348              -160.770    147.078    4096
       1526 12.71666666667   15.50009   317.65142              -160.837    148.153    4096
       1527 12.72500000000   15.60425   317.47853              -161.024    154.292    4096
       1528 12.73333333333   15.70757   317.30482              -161.069    159.613    4096
       1529 12.74166666667   15.81003   317.13028              -161.178    148.858    4096
       1530 12.75000000000   15.91163   316.95492              -161.208    150.761    4096
       1531 12.75833333333   16.01237   316.77874              -161.303    157.043    4096
       1532 12.76666666667   16.11224   316.60174              -161.346    156.786    4096
       1533 12.77500000000   16.21123   316.42394              -161.402    152.132    4096
       1534 12.78333333333   16.30935   316.24532              -161.467    155.111    4096
       1535 12.79166666667   16.40658   316.06590             18879.455  -2290.657    4096
       1536 12.80000000000   16.50292   315.88568              -161.514    156.748    4096
       1537 12.80833333333   16.59837   315.70467              -161.552    153.626    4096
       1538 12.81666666667   16.69291   315.52286              -161.560    149.267    4096
       1539 12.82500000000   16.78655   315.34026              -161.723    154.740    4096
       1540 12.83333333333   16.87928   315.15687              -161.818    159.051    4096
       1541 12.84166666667   16.97110   314.97271              -161.895    159.898    4096
       1542 12.85000000000   17.06200   314.78776              -161.901    161.688    4096
       1543 12.85833333333   17.15197   314.60205             18878.930  -2280.206    4096
       1544 12.86666666667   17.24100   314.41556              -162.108    171.872    4096
       1545 12.87500000000   17.32911   314.22831              -162.158    161.393    4096
       1546 12.88333333333   17.41627   314.04030              -162.279    152.912    4096
       1547 12.89166666667   17.50249   313.85154              -162.336    146.554    4096
       1548 12.90000000000   17.58776   313.66202              -162.426    153.626    4096
       1549 12.90833333333   17.67208   313.47177              -162.515    147.754    4096
       1550 12.91666666667   17.75544   313.28077              -162.618    153.103    4096
       1551 12.92500000000   17.83783   313.08903              -162.698    151.837    4096
       1552 12.93333333333   17.91926   312.89657              -162.775    155.111    4096
       1553 12.94166666667   17.99971   312.70338              -162.826    157.566    4096
       1554 12.95000000000   18.07919   312.50947              -162.779    169.273    4096
       1555 12.95833333333   18.15768   312.31485              -162.789    166.561    4096
       1556 12.96666666667   18.23519   312.11951              -162.842    157.452    4096
       1557 12.97500000000   18.31170   311.92348              -162.925    153.065    4096
       1558 12.98333333333   18.38722   311.72675              -162.962    144.099    4096
       1559 12.99166666667   18.46175   311.52932              -163.052    156.082    4096
       1560 13.00000000000   18.53526   311.33122              -163.182    165.894    4096
       1561 13.00833333333   18.60778   311.13243              -163.181    168.607    4096
       1562 13.01666666667   18.67927   310.93297              -163.262    169.016    4096
       1563 13.02500000000   18.74976   310.73284              -163.305    165.894    4096
       1564 13.03333333333   18.81922   310.53205              -163.445    152.912    4096
       1565 13.04166666667   18.88766   310.33061              -163.472    144.518    4096
       1566 13.05000000000   18.95507   310.12851              -163.543    145.593    4096
       1567 13.05833333333   19.02145   309.92578              -163.557    146.964    4096
       1568 13.06666666667   19.08679   309.72241              -163.690    154.844    4096
       1569 13.07500000000   19.15110   309.51841              -163.697    158.680    4096
       1570 13.08333333333   19.21436   309.31380              -163.825    150.238    4096
       1571 13.09166666667   19.27658   309.10856              -163.813    155.111    4096
       1572 13.10000000000   19.33774   308.90272             18877.028  -2272.697    4096
       1573 13.10833333333   19.39785   308.69628              -164.022    152.950    4096
       1574 13.11666666667   19.45691   308.48925              -163.983    154.292    4096
       1575 13.12500000000   19.51490   308.28163              -164.096    145.593    4096
       1576 13.13333333333   19.57183   308.07343              -164.133    152.541    4096
       1577 13.14166666667   19.62770   307.86466              -164.210    154.997    4096
       1578 13.15000000000   19.68249   307.65532              -164.248    163.553    4096
       1579 13.15833333333   19.73621   307.44543              -164.303    153.883    4096
       1580 13.16666666667   19.78886   307.23499              -164.393    148.163    4096
       1581 13.17500000000   19.84042   307.02401              -164.520    143.690    4096
       1582 13.18333333333   19.89091   306.81250              -164.622    142.985    4096
       1583 13.19166666667   19.94030   306.60046              -164.669    151.161    4096
       1584 13.20000000000   19.98862   306.38790              -164.742    149.533    4096
       1585 13.20833333333   20.03584   306.17483              -164.831    158.118    4096
       1586 13.21666666667   20.08197   305.96126              -164.812    146.145    4096
       1587 13.22500000000   20.12700   305.74720              -164.896    149.391    4096
       1588 13.23333333333   20.17094   305.53265              -164.894    143.956    4096
       1589 13.24166666667   20.21377   305.31763              -164.967    143.956    4096
       1590 13.25000000000   20.25551   305.10213              -164.863    152.655    4096
       1591 13.25833333333   20.29614   304.88618              -164.840    148.458    4096
       1592 13.26666666667   20.33566   304.66977              -164.764    146.002    4096
       1593 13.27500000000   20.37408   304.45292              -164.808    150.352    4096
       1594 13.28333333333   20.41138   304.23563              -164.748    149.124    4096
       1595 13.29166666667   20.44757   304.01792              -164.715    145.032    4096
       1596 13.30000000000   20.48265   303.79979              -164.708    150.200    4096
       1597 13.30833333333   20.51662   303.58125              -164.684    151.018    4096
       1598 13.31666666667   20.54946   303.36231              -164.654    149.790    4096
       1599 13.32500000000   20.58119   303.14298             18876.230  -2288.496    4096
       1600 13.33333333333   20.61180   302.92326              -164.643    141.500    4096
       1601 13.34166666667   20.64128   302.70317              -164.745  -2290.286    4096
       1602 13.35000000000   20.66965   302.48272              -164.792    135.771    4096
       1603 13.35833333333   20.69688   302.26191              -164.851    144.480    4096
       1604 13.36666666667   20.72300   302.04075              -164.902    159.346    4096
       1605 13.37500000000   20.74799   301.81925              -164.983    160.022    4096
       1606 13.38333333333   20.77185   301.59743              -164.984    155.815    4096
       1607 13.39166666667   20.79458   301.37528              -165.131    156.072    4096
       1608 13.40000000000   20.81619   301.15282              -165.149    152.541    4096
       1609 13.40833333333   20.83666   300.93006              -165.256    145.070    4096
       1610 13.41666666667   20.85601   300.70701              -165.226    152.398    4096
       1611 13.42500000000   20.87422   300.48367              -165.330    146.821    4096
       1612 13.43333333333   20.89131   300.26006              -165.429    140.273    4096
       1613 13.44166666667   20.90726   300.03619              -165.489    145.441    4096
       1614 13.45000000000   20.92209   299.81205              -165.531    147.792    4096
       1615 13.45833333333   20.93578   299.58767              -165.657    149.124    4096
       1616 13.46666666667   20.94834   299.36305              -165.635    154.587    4096
       1617 13.47500000000   20.95977   299.13821              -165.648    154.997    4096
       1618 13.48333333333   20.97007   298.91314              -165.644    147.344    4096
       1619 13.49166666667   20.97924   298.68787              -165.669    146.374    4096
       1620 13.50000000000   20.98727   298.46239              -165.628    142.871    4096
       1621 13.50833333333   20.99418   298.23672              -165.598    140.016    4096
       1622 13.51666666667   20.99996   298.01087              -165.586    157.861    4096
       1623 13.52500000000   21.00461   297.78485              -165.577    158.375    4096
       1624 13.53333333333   21.00814   297.55866              -165.560    159.755    4096
       1625 13.54166666667   21.01053   297.33232              -165.555    143.138    4096
       1626 13.55000000000   21.01180   297.10583              -165.587    152.655    4096
       1627 13.55833333333   21.01194   296.87920              -165.541    141.910    4096
       1628 13.56666666667   21.01096   296.65245              -165.600    149.267    4096
       1629 13.57500000000   21.00886   296.42558              -165.559    139.045    4096
       1630 13.58333333333   21.00563   296.19860              -165.615    147.896    4096
       1631 13.59166666667   21.00129   295.97153              -165.661  -2283.480    4096
       1632 13.60000000000   20.99582   295.74436              -165.703    155.672    4096
       1633 13.60833333333   20.98924   295.51711              -165.620    161.098    4096
       1634 13.61666666667   20.98154   295.28978              -165.632    159.499    4096
       1635 13.62500000000   20.97273   295.06240              -165.626    153.474    4096
       1636 13.63333333333   20.96280   294.83495              -165.652    149.267    4096
       1637 13.64166666667   20.95177   294.60747              -165.680    133.991    4096
       1638 13.65000000000   20.93962   294.37994              -165.776    139.045    4096
       1639 13.65833333333   20.92637   294.15239              -165.677    148.715    4096
       1640 13.66666666667   20.91202   293.92482              -165.765  -2283.338    4096
       1641 13.67500000000   20.89656   293.69724              -165.806    152.798    4096
       1642 13.68333333333   20.88000   293.46966              -165.778    152.655    4096
       1643 13.69166666667   20.86235   293.24208              -165.841    145.593    4096
       1644 13.70000000000   20.84360   293.01452              -165.857    146.259    4096
       1645 13.70833333333   20.82375   292.78698              -165.886    148.306    4096
       1646 13.71666666667   20.80282   292.55948              -165.915    157.976    4096
       1647 13.72500000000   20.78080   292.33202              -165.840    147.896    4096
       1648 13.73333333333   20.75770   292.10460              -165.772    146.297    4096
       1649 13.74166666667   20.73351   291.87725              -165.752    160.174    4096
       1650 13.75000000000   20.70825   291.64996              -165.689    159.870    4096
       1651 13.75833333333   20.68191   291.42275              -165.662    156.596    4096
       1652 13.76666666667   20.65450   291.19561              -165.698    151.466    4096
       1653 13.77500000000   20.62602   290.96857              -165.601    143.290    4096
       1654 13.78333333333   20.59647   290.74163              -165.622    154.597    4096
       1655 13.79166666667   20.56586   290.51479              -165.575    144.070    4096
       1656 13.80000000000   20.53419   290.28807              -165.537    151.989    4096
       1657 13.80833333333   20.50147   290.06147              -165.465    149.933    4096
       1658 13.81666666667   20.46769   289.83501              -165.439    150.609    4096
       1659 13.82500000000   20.43287   289.60867              -165.373    152.398    4096
       1660 13.83333333333   20.39700   289.38249              -165.369    142.214    4096
       1661 13.84166666667   20.36009   289.15646              -165.373    134.962    4096
       1662 13.85000000000   20.32214   288.93058              -165.344    140.948    4096
       1663 13.85833333333   20.28316   288.70488              -165.248    151.427    4096
       1664 13.86666666667   20.24315   288.47935              -165.129    155.406    4096
       1665 13.87500000000   20.20212   288.25400              -165.121    153.512    4096
       1666 13.88333333333   20.16006   288.02884              -165.074    145.707    4096
       1667 13.89166666667   20.11699   287.80388              -164.976    162.097    4096
       1668 13.90000000000   20.07291   287.57912              -164.881    154.997    4096
       1669 13.90833333333   20.02781   287.35457              -164.902    153.217    4096
       1670 13.91666666667   19.98172   287.13024              -164.885    146.926    4096
       1671 13.92500000000   19.93462   286.90613              -164.841    143.813    4096
       1672 13.93333333333   19.88653   286.68225              -164.722    151.313    4096
       1673 13.94166666667   19.83746   286.45860              -164.703    149.648    4096
       1674 13.95000000000   19.78739   286.23520              -164.785    153.617    4096
       1675 13.95833333333   19.73634   286.01205              -164.632    150.504    4096
       1676 13.96666666667   19.68432   285.78916              -164.682    146.669    4096
       1677 13.97500000000   19.63133   285.56652              -164.579    152.541    4096
       1678 13.98333333333   19.57737   285.34416              -164.437    152.808    4096
       1679 13.99166666667   19.52245   285.12206              -164.323    154.844    4096
       1680 14.00000000000   19.46657   284.90025              -164.139    146.259    4096
       1681 14.00833333333   19.40975   284.67872              -164.125    142.319    4096
       1682 14.01666666667   19.35197   284.45748              -164.144    143.547    4096
       1683 14.02500000000   19.29326   284.23654              -164.135  -2278.122    4096
       1684 14.03333333333   19.23360   284.01590              -163.983    159.308    4096
       1685 14.04166666667   19.17302   283.79556              -163.817    156.082    4096
       1686 14.05000000000   19.11151   283.57554              -163.794    152.132    4096
       1687 14.05833333333   19.04909   283.35584              -163.699    155.111    4096
       1688 14.06666666667   18.98574   283.13645              -163.667  -2281.434    4096
       1689 14.07500000000   18.92149   282.91740              -163.575    155.815    4096
       1690 14.08333333333   18.85634   282.69868              -163.498    146.412    4096
       1691 14.09166666667   18.79028   282.48029              -163.445    151.570    4096
       1692 14.10000000000   18.72333   282.26224              -163.374    157.309    4096
       1693 14.10833333333   18.65550   282.04454              -163.380    164.248    4096
       1694 14.11666666667   18.58678   281.82719              -163.316    156.634    4096
       1695 14.12500000000   18.51719   281.61020              -163.341  -2288.125    4096
       1696 14.13333333333   18.44673   281.39356              -163.176    153.217    4096
       1697 14.14166666667   18.37540   281.17729              -163.068    157.966    4096
       1698 14.15000000000   18.30321   280.96139              -163.063    151.466    4096
       1699 14.15833333333   18.23017   280.74585              -162.923    156.224    4096
       1700 14.16666666667   18.15629   280.53069              -162.728    144.223    4096
       1701 14.17500000000   18.08156   280.31591              -162.737    139.863    4096
       1702 14.18333333333   18.00600   280.10151              -162.742    154.330    4096
       1703 14.19166666667   17.92960   279.88750              -162.501    155.415    4096
       1704 14.20000000000   17.85238   279.67387              -162.302    149.162    4096
       1705 14.20833333333   17.77435   279.46064              -162.196    150.095    4096
       1706 14.21666666667   17.69550   279.24780              -161.993    151.323    4096
       1707 14.22500000000   17.61585   279.03536              -161.899    153.617    4096
       1708 14.23333333333   17.53540   278.82332              -161.791    153.512    4096
       1709 14.24166666667   17.45415   278.61169              -161.608    160.012    4096
       1710 14.25000000000   17.37211   278.40047              -161.449    158.261    4096
       1711 14.25833333333   17.28930   278.18965              -161.308  -2292.294    4096
       1712 14.26666666667   17.20571   277.97925              -161.347    152.132    4096
       1713 14.27500000000   17.12135   277.76926              -161.165    146.412    4096
       1714 14.28333333333   17.03622   277.55969              -161.062    154.292    4096
       1715 14.29166666667   16.95034   277.35054              -160.877    154.026    4096
       1716 14.30000000000   16.86371   277.14182              -160.715    154.026    4096
       1717 14.30833333333   16.77634   276.93351              -160.521    147.116    4096
       1718 14.31666666667   16.68822   276.72564              -160.426    143.956    4096
       1719 14.32500000000   16.59938   276.51819              -160.476    151.723    4096
       1720 14.33333333333   16.50980   276.31117              -160.229    154.854    4096
       1721 14.34166666667   16.41951   276.10459              -160.075    161.659    4096
       1722 14.35000000000   16.32851   275.89844              -160.008    167.265    4096
       1723 14.35833333333   16.23679   275.69272              -159.894    154.959    4096
       1724 14.36666666667   16.14438   275.48744             18881.239  -2269.166    4096
       1725 14.37500000000   16.05127   275.28260              -159.605    158.832    4096
       1726 14.38333333333   15.95748   275.07820              -159.448    154.997    4096
       1727 14.39166666667   15.86300   274.87424              -159.328    154.997    4096
       1728 14.40000000000   15.76785   274.67072              -159.183    167.931    4096
       1729 14.40833333333   15.67203   274.46764              -159.028    167.265    4096
       1730 14.41666666667   15.57554   274.26501              -158.855    166.818    4096
       1731 14.42500000000   15.47840   274.06282              -158.787    154.959    4096
       1732 14.43333333333   15.38061   273.86108              -158.619    152.027    4096
       1733 14.44166666667   15.28217   273.65978              -158.485    157.157    4096
       1734 14.45000000000   15.18310   273.45893              -158.369    154.140    4096
       1735 14.45833333333   15.08339   273.25853              -158.319  -2275.447    4096
       1736 14.46666666667   14.98306   273.05858              -158.150    166.856    4096
       1737 14.47500000000   14.88212   272.85907              -158.080    170.092    4096
       1738 14.48333333333   14.78056   272.66002              -157.969    159.051    4096
       1739 14.49166666667   14.67839   272.46141              -157.951    149.943    4096
       1740 14.50000000000   14.57562   272.26325              -157.922    152.808    4096
       1741 14.50833333333   14.47226   272.06554             18883.064  -2281.434    4096
       1742 14.51666666667   14.36832   271.86828              -157.771    145.298    4096
       1743 14.52500000000   14.26379   271.67147              -157.674    151.427    4096
       1744 14.53333333333   14.15869   271.47511              -157.561  -2289.315    4096
       1745 14.54166666667   14.05302   271.27919              -157.595    152.132    4096
       1746 14.55000000000   13.94679   271.08373              -157.455    147.078    4096
       1747 14.55833333333   13.84000   270.88871              -157.421    158.413    4096
       1748 14.56666666667   13.73267   270.69414              -157.280    154.178    4096
       1749 14.57500000000   13.62479   270.50002              -157.177    153.217    4096
       1750 14.58333333333   13.51638   270.30634              -156.993    159.603    4096
       1751 14.59166666667   13.40743   270.11311              -156.887    155.920    4096
       1752 14.60000000000   13.29796   269.92033              -156.736    160.165    4096
       1753 14.60833333333   13.18797   269.72799              -156.579    165.333    4096
       1754 14.61666666667   13.07747   269.53609              -156.472    161.393    4096
       1755 14.62500000000   12.96647   269.34464              -156.328    165.742    4096
       1756 14.63333333333   12.85497   269.15363              -156.113    161.954    4096
       1757 14.64166666667   12.74297   268.96305              -155.950    163.172    4096
       1758 14.65000000000   12.63048   268.77292              -155.843    166.713    4096
       1759 14.65833333333   12.51752   268.58323              -155.658    162.478    4096
       2476 20.63333333333   14.13090   158.14341              -141.224    145.850    4096
       2477 20.64166666667   14.32926   158.04278              -141.810    134.591    4096
       2478 20.65000000000   14.52792   157.94205              -142.198    129.794    4096
       2479 20.65833333333   14.72688   157.84119              -142.211    131.688    4096
       2480 20.66666666667   14.92613   157.74022              -142.063  -2300.203    4096
       2481 20.67500000000   15.12567   157.63913              -141.632    130.460    4096
       2482 20.68333333333   15.32551   157.53790              -141.538    136.332    4096
       2483 20.69166666667   15.52563   157.43654              -141.782    132.649    4096
       2484 20.70000000000   15.72604   157.33503              -142.107    145.707    4096
       2485 20.70833333333   15.92673   157.23338              -142.676    138.788    4096
       2486 20.71666666667   16.12770   157.13157              -143.010    140.387    4096
       2487 20.72500000000   16.32895   157.02961              -143.420    136.447    4096
       2488 20.73333333333   16.53047   156.92747              -143.838    151.161    4096
       2489 20.74166666667   16.73227   156.82516              -144.220    152.693    4096
       2490 20.75000000000   16.93434   156.72268              -144.571    144.518    4096
       2491 20.75833333333   17.13667   156.62001              -144.677    135.771    4096
       2492 20.76666666667   17.33927   156.51714              -144.650    135.523    4096
       2493 20.77500000000   17.54213   156.41408              -144.641    126.929    4096
       2494 20.78333333333   17.74526   156.31082              -144.479    140.568    4096
       2495 20.79166666667   17.94864   156.20734              -144.466    124.511    4096
       2496 20.80000000000   18.15227   156.10365              -144.269    130.193    4096
       2497 20.80833333333   18.35616   155.99973              -144.303    124.483    4096
       2498 20.81666666667   18.56029   155.89558              -144.246    127.862    4096
       2499 20.82500000000   18.76468   155.79119              -144.194    130.869    4096
       2500 20.83333333333   18.96930   155.68656              -144.380    126.520    4096
       2501 20.84166666667   19.17417   155.58167              -144.553  -2300.241    4096
       2502 20.85000000000   19.37927   155.47653              -144.901    126.253    4096
       2503 20.85833333333   19.58461   155.37112              -145.216    128.566    4096
       2504 20.86666666667   19.79018   155.26544              -145.596    133.172    4096
       2505 20.87500000000   19.99598   155.15948              -145.767  -2313.671    4096
       2506 20.88333333333   20.20201   155.05323              -145.827    135.523    4096
       2507 20.89166666667   20.40826   154.94669              -145.928    136.599    4096
       2508 20.90000000000   20.61473   154.83984              -146.076    145.707    4096
       2509 20.90833333333   20.82142   154.73269              -146.164    135.771    4096
       2510 20.91666666667   21.02832   154.62522              -146.256    136.037    4096
       2511 20.92500000000   21.23543   154.51742              -146.257    126.110    4096
       2512 20.93333333333   21.44275   154.40929              -146.272  -2305.524    4096
       2513 20.94166666667   21.65027   154.30082              -146.304    128.414    4096
       2514 20.95000000000   21.85800   154.19200              -146.316    122.056    4096
       2515 20.95833333333   22.06592   154.08283              -146.347    120.533    4096
       2516 20.96666666667   22.27404   153.97329              -146.328    126.110    4096
       2517 20.97500000000   22.48235   153.86338              -146.323    145.850    4096
       2518 20.98333333333   22.69085   153.75308              -146.600    140.425    4096
       2519 20.99166666667   22.89953   153.64240              -146.779    122.018    4096
       2520 21.00000000000   23.10840   153.53132              -146.856    131.830    4096
       2521 21.00833333333   23.31744   153.41984              -147.011  -2300.098    4096
       2522 21.01666666667   23.52666   153.30794              -147.157    127.900    4096
       2523 21.02500000000   23.73605   153.19562              -147.305    145.850    4096
       2524 21.03333333333   23.94560   153.08286              -147.659  -2285.679    4096
       2525 21.04166666667   24.15532   152.96967              -147.784    144.251    4096
       2526 21.05000000000   24.36519   152.85602              -147.926    138.236    4096
       2527 21.05833333333   24.57523   152.74192              -148.070    138.122    4096
       2528 21.06666666667   24.78541   152.62735              -148.287    142.985    4096
       2529 21.07500000000   24.99575   152.51230              -148.311    138.084    4096
       2530 21.08333333333   25.20623   152.39677              -148.453  -2293.969    4096
       2531 21.09166666667   25.41685   152.28074              -148.539    144.927    4096
       2532 21.10000000000   25.62760   152.16420              -148.704    140.016    4096
       2533 21.10833333333   25.83849   152.04715              -148.801    137.817    4096
       2534 21.11666666667   26.04951   151.92957              -148.899    129.537    4096
       2535 21.12500000000   26.26065   151.81146              -148.917    129.384    4096
       2536 21.13333333333   26.47191   151.69281              -148.914    130.717    4096
       2537 21.14166666667   26.68329   151.57360              -148.963    132.915    4096
       2538 21.15000000000   26.89478   151.45382              -149.033    131.840    4096
       2539 21.15833333333   27.10638   151.33347              -148.995    125.139    4096
       2540 21.16666666667   27.31808   151.21254              -148.933    125.025    4096
       2541 21.17500000000   27.52988   151.09101              -148.998    131.983    4096
       2542 21.18333333333   27.74178   150.96887              -148.993    125.549    4096
       2543 21.19166666667   27.95376   150.84611              -149.009    120.381    4096
       2544 21.20000000000   28.16583   150.72273              -149.104    127.747    4096
       2545 21.20833333333   28.37798   150.59871              -149.256    125.701    4096
       2546 21.21666666667   28.59021   150.47403              -149.253    114.803    4096
       2547 21.22500000000   28.80251   150.34870              -149.310    128.975    4096
       2548 21.23333333333   29.01487   150.22269              -149.401    125.701    4096
       2549 21.24166666667   29.22730   150.09600              -149.549    122.836    4096
       2550 21.25000000000   29.43978   149.96861              -149.570    121.646    4096
       2551 21.25833333333   29.65232   149.84051              -149.699    126.520    4096
       2552 21.26666666667   29.86490   149.71170              -149.706    119.010    4096
       2553 21.27500000000   30.07752   149.58215              -149.651    131.583    4096
       2554 21.28333333333   30.29018   149.45186              -149.750    141.767    4096
       2555 21.29166666667   30.50287   149.32081              -149.824    130.755    4096
       2556 21.30000000000   30.71559   149.18899              -149.951    129.794    4096
       2557 21.30833333333   30.92832   149.05640              -150.023    136.075    4096
       2558 21.31666666667   31.14107   148.92301              -150.150    134.286    4096
       2559 21.32500000000   31.35383   148.78881              -150.254    131.945    4096
       2560 21.33333333333   31.56659   148.65379              -150.344    137.817    4096
       2561 21.34166666667   31.77936   148.51795             18890.550    138.636    4096
       2562 21.35000000000   31.99211   148.38125              -150.491    130.498    4096
       2563 21.35833333333   32.20485   148.24370              -150.554    128.004    4096
       2564 21.36666666667   32.41757   148.10527              -150.600    132.658    4096
       2565 21.37500000000   32.63026   147.96596              -150.748    125.187    4096
       2566 21.38333333333   32.84293   147.82575              -150.812    129.118    4096
       2567 21.39166666667   33.05555   147.68462              -150.911    122.170    4096
       2568 21.40000000000   33.26813   147.54256              -151.013    123.398    4096
       2569 21.40833333333   33.48066   147.39956              -151.102    130.051    4096
       2570 21.41666666667   33.69314   147.25561              -151.270    128.452    4096
       2571 21.42500000000   33.90555   147.11068              -151.350    125.139    4096
       2572 21.43333333333   34.11789   146.96477              -151.491    116.707    4096
       2573 21.44166666667   34.33015   146.81785              -151.557    123.693    4096
       2574 21.45000000000   34.54234   146.66992              -151.713    131.716    4096
       2575 21.45833333333   34.75443   146.52096              -151.782    117.782    4096
       2576 21.46666666667   34.96642   146.37094              -151.825    114.689    4096
       2577 21.47500000000   35.17831   146.21987              -151.856    117.116    4096
       2578 21.48333333333   35.39009   146.06772              -152.004    114.394    4096
       2579 21.49166666667   35.60175   145.91447              -152.063    117.002    4096
       2580 21.50000000000   35.81328   145.76011              -152.143    123.398    4096
       2581 21.50833333333   36.02468   145.60463              -152.258    119.457    4096
       2582 21.51666666667   36.23594   145.44800              -152.285    118.487    4096
       2583 21.52500000000   36.44705   145.29021              -152.340    120.828    4096
       2584 21.53333333333   36.65801   145.13125              -152.375    119.457    4096
       2585 21.54166666667   36.86880   144.97109              -152.439    126.929    4096
       2586 21.55000000000   37.07942   144.80972              -152.430    114.651    4096
       2587 21.55833333333   37.28986   144.64712              -152.479    115.879    4096
       2588 21.56666666667   37.50011   144.48327              -152.511    114.917    4096
       2589 21.57500000000   37.71016   144.31817              -152.509  -2318.725    4096
       2590 21.58333333333   37.92001   144.15178              -152.520    114.955    4096
       2591 21.59166666667   38.12965   143.98409              -152.537    120.647    4096
       2592 21.60000000000   38.33906   143.81508              -152.569    117.963    4096
       2593 21.60833333333   38.54825   143.64474              -152.585    117.411    4096
       2594 21.61666666667   38.75719   143.47305              -152.581    119.867    4096
       2595 21.62500000000   38.96588   143.29998              -152.576    128.157    4096
       2596 21.63333333333   39.17432   143.12552              -152.604    125.444    4096
       2597 21.64166666667   39.38249   142.94965              -152.609    125.587    4096
       2598 21.65000000000   39.59038   142.77235              -152.578    120.428    4096
       2599 21.65833333333   39.79799   142.59359              -152.604    121.761    4096
       2600 21.66666666667   40.00530   142.41337              -152.610    120.381    4096
       2601 21.67500000000   40.21230   142.23166              -152.606    116.707    4096
       2602 21.68333333333   40.41899   142.04844              -152.642    124.616    4096
       2603 21.69166666667   40.62536   141.86369              -152.692    118.334    4096
       2604 21.70000000000   40.83139   141.67739              -152.684    119.305    4096
       2605 21.70833333333   41.03707   141.48953              -152.653    119.981    4096
       2606 21.71666666667   41.24240   141.30007              -152.715    120.495    4096
       2607 21.72500000000   41.44736   141.10899              -152.759    120.533    4096
       2608 21.73333333333   41.65194   140.91629              -152.856    116.040    4096
       2609 21.74166666667   41.85613   140.72193              -152.836  -2325.425    4096
       2610 21.75000000000   42.05992   140.52590              -152.888    112.471    4096
       2611 21.75833333333   42.26330   140.32817              -152.896    116.031    4096
       2612 21.76666666667   42.46626   140.12872              -152.915    117.002    4096
       2613 21.77500000000   42.66879   139.92754              -152.938    112.348    4096
       2614 21.78333333333   42.87087   139.72459              -152.972    123.502    4096
       2615 21.79166666667   43.07249   139.51986              -153.071    128.299    4096
       2616 21.80000000000   43.27364   139.31332              -153.161    111.805    4096
       2617 21.80833333333   43.47431   139.10495              -153.196    114.394    4096
       2618 21.81666666667   43.67449   138.89473              -153.262    122.313    4096
       2619 21.82500000000   43.87416   138.68264              -153.338    122.284    4096
       2620 21.83333333333   44.07331   138.46865              -153.374    123.797    4096
       2621 21.84166666667   44.27193   138.25275              -153.468    116.336    4096
       2622 21.85000000000   44.47000   138.03490              -153.553    115.622    4096
       2623 21.85833333333   44.66751   137.81508              -153.600    118.230    4096
       2624 21.86666666667   44.86446   137.59328              -153.686    123.093    4096
       2625 21.87500000000   45.06082   137.36947              -153.708    123.398    4096
       2626 21.88333333333   45.25658   137.14362              -153.746    123.950    4096
       2627 21.89166666667   45.45172   136.91571              -153.788    121.047    4096
       2628 21.90000000000   45.64624   136.68573              -153.855    129.641    4096
       2629 21.90833333333   45.84012   136.45363              -153.933    128.823    4096
       2630 21.91666666667   46.03334   136.21941              -153.950    124.473    4096
       2631 21.92500000000   46.22589   135.98304              -153.967    125.701    4096
       2632 21.93333333333   46.41776   135.74449              -154.041    131.840    4096
       2633 21.94166666667   46.60893   135.50374              -154.059    128.566    4096
       2634 21.95000000000   46.79938   135.26077              -154.151    129.794    4096
       2635 21.95833333333   46.98910   135.01555              -154.187    130.907    4096
       2636 21.96666666667   47.17807   134.76806              -154.233    134.438    4096
       2637 21.97500000000   47.36629   134.51828              -154.279    128.718    4096
       2638 21.98333333333   47.55372   134.26618               -77.629    124.625    4098
       2639 21.99166666667   47.74036   134.01173               -77.667    128.671    4098
       2640 22.00000000000   47.92634   133.75452                 0.000      0.000    5200
       2641 22.00833333333   48.11119   133.49573               -80.157    129.527    4096
       2642 22.01666666667   48.29535   133.23413               -75.562    125.406    4096
       2643 22.02500000000   48.47864   132.97009               -77.933    126.224    4096
       2644 22.03333333333   48.66106   132.70359               -77.979    129.794    4096
       2645 22.04166666667   48.84258   132.43462               -78.065    124.359    4096
       2646 22.05000000000   49.02319   132.16314               -78.141    123.093    4096
       2647 22.05833333333   49.20287   131.88914               -78.157    125.139    4096
       2648 22.06666666667   49.38160   131.61259               -78.186  -2307.570    4096
       2649 22.07500000000   49.55936   131.33347               -78.272  -2307.836    4096
       2650 22.08333333333   49.73614   131.05176               -78.289    128.718    4096
       2651 22.09166666667   49.91191   130.76744               -78.307    129.232    4096
       2652 22.10000000000   50.08666   130.48049               -71.371    123.093    4098
       2653 22.10833333333   50.26036   130.19088               -76.029    125.035    4098
       2654 22.11666666667   50.43301   129.89860               -76.058  -2305.114    4096
       2655 22.12500000000   50.60457   129.60362               -76.070    126.253    4096
       2656 22.13333333333   50.77504   129.30593                 0.000      0.000    5200
       2657 22.14166666667   50.94439   129.00551               -73.761    126.786    4096
       2658 22.15000000000   51.11259   128.70233               -76.099    129.946    4098
       2659 22.15833333333   51.27964   128.39639               -73.779    129.794    4096
       2660 22.16666666667   51.44550   128.08765               -69.121    122.275    4098
       2661 22.17500000000   51.61017   127.77612               -69.128    126.776    4098
       2662 22.18333333333   51.77361   127.46176                 0.000      0.000    5200
       2663 22.19166666667   51.93581   127.14456                 0.000      0.000    5200
       2664 22.20000000000   52.09675   126.82452                 0.000      0.000    5200
       2665 22.20833333333   52.25641   126.50160               -71.468    125.558    4096
       2666 22.21666666667   52.41475   126.17581               -69.155    130.755    4096
       2667 22.22500000000   52.57177   125.84712               -69.150    124.882    4098
       2668 22.23333333333   52.72745   125.51552               -69.137    122.836    4096
       2669 22.24166666667   52.88175   125.18101               -71.463    123.103    4096
       2670 22.25000000000   53.03466   124.84356               -73.785    123.131    4098
       2671 22.25833333333   53.18615   124.50318               -73.764    124.587    4096
       2672 22.26666666667   53.33621   124.15986                 0.000      0.000    5200
       2673 22.27500000000   53.48481   123.81358               -73.766    121.456    4096
       2674 22.28333333333   53.63192   123.46433               -73.734    124.882    4096
       2675 22.29166666667   53.77753   123.11212             18967.191  -2312.881    4096
       2676 22.30000000000   53.92162   122.75694                 0.000      0.000    5200
       2677 22.30833333333   54.06415   122.39878               -71.418    122.027    4096
       2678 22.31666666667   54.20511   122.03765               -69.066    123.093    4096
       2679 22.32500000000   54.34448   121.67354               -69.028    118.077    4096
       2680 22.33333333333   54.48222   121.30644               -69.031    118.639    4096
       2681 22.34166666667   54.61833   120.93637               -69.001    122.027    4098
       2682 22.35000000000   54.75277   120.56333               -71.319    123.398    4098
       2683 22.35833333333   54.88552   120.18732                 0.000      0.000    5200
       2684 22.36666666667   55.01656   119.80834                 0.000      0.000    5200
       2685 22.37500000000   55.14586   119.42641               -75.952    127.338    4096
       2686 22.38333333333   55.27341   119.04152                 0.000      0.000    5232
       2687 22.39166666667   55.39918   118.65370               -71.278    123.398    4096
       2688 22.40000000000   55.52314   118.26295                 0.000      0.000    5200
       2689 22.40833333333   55.64527   117.86929                 0.000      0.000    5200
       2690 22.41666666667   55.76555   117.47273               -78.240    126.148    4096
       2691 22.42500000000   55.88396   117.07329               -71.250    123.655    4096
       2692 22.43333333333   56.00047   116.67098               -71.254    121.094    4098
       2693 22.44166666667   56.11507   116.26583                 0.000      0.000    5200
       2694 22.45000000000   56.22771   115.85786               -68.915    119.867    4096
       2695 22.45833333333   56.33840   115.44709                 0.000      0.000    5200
       2696 22.46666666667   56.44709   115.03355               -71.186    122.284    4096
       2697 22.47500000000   56.55378   114.61726               -66.533    117.154    4098
       2698 22.48333333333   56.65843   114.19826                 0.000      0.000    5200
       2699 22.49166666667   56.76103   113.77657               -68.838    116.183    4096
       2700 22.50000000000   56.86155   113.35224               -68.818    120.019    4098
       2701 22.50833333333   56.95997   112.92528               -71.134    125.035    4096
       2702 22.51666666667   57.05628   112.49575                 0.000      0.000    5200
       2703 22.52500000000   57.15044   112.06368               -68.836    124.064    4096
       2704 22.53333333333   57.24244   111.62911               -64.129    115.469    4096
       2705 22.54166666667   57.33225   111.19209               -64.090    118.344    4098
       2706 22.55000000000   57.41987   110.75266               -71.021    129.946    4098
       2707 22.55833333333   57.50526   110.31086                 0.000      0.000    5200
       2708 22.56666666667   57.58840   109.86675               -73.295    129.232    4096
       2709 22.57500000000   57.66929   109.42038               -68.665    125.177    4096
       2710 22.58333333333   57.74789   108.97179               -70.970    120.133    4098
       2711 22.59166666667   57.82420   108.52106                 0.000      0.000    5200
       2712 22.60000000000   57.89818   108.06822                 0.000      0.000    5200
       2713 22.60833333333   57.96983   107.61335                 0.000      0.000    5200
       2714 22.61666666667   58.03913   107.15650                 0.000      0.000    5200
       2715 22.62500000000   58.10606   106.69774                 0.000      0.000    5200
       2716 22.63333333333   58.17060   106.23713               -70.910  -2316.421    4096
       2717 22.64166666667   58.23274   105.77473               -75.509    124.882    4096
       2718 22.65000000000   58.29246   105.31063               -70.872    124.740    4096
       2719 22.65833333333   58.34975   104.84487                 0.000      0.000    5200
       2720 22.66666666667   58.40459   104.37755                 0.000      0.000    5200
       2721 22.67500000000   58.45697   103.90873               -73.196    119.039    4096
       2722 22.68333333333   58.50688   103.43849               -73.221    120.086    4096
       2723 22.69166666667   58.55430   102.96690               -68.546    116.849    4096
       2724 22.70000000000   58.59923   102.49404               -68.530    116.849    4096
       2725 22.70833333333   58.64165   102.02000               -73.213    124.625    4096
       2726 22.71666666667   58.68154   101.54485               -68.526    119.829    4098
       2727 22.72500000000   58.71891   101.06867                 0.000      0.000    5232
       2728 22.73333333333   58.75374   100.59156               -70.876    120.276    4096
       2729 22.74166666667   58.78602   100.11359               -66.236    117.002    4098
       2730 22.75000000000   58.81574    99.63486               -68.565    120.533    4096
       2731 22.75833333333   58.84291    99.15544               -68.572    121.199    4098
       2732 22.76666666667   58.86750    98.67543                 0.000      0.000    5232
       2733 22.77500000000   58.88952    98.19491                 0.000      0.000    5232
       2734 22.78333333333   58.90896    97.71398                 0.000      0.000    5200
       2735 22.79166666667   58.92581    97.23272                 0.000      0.000    5200
       2736 22.80000000000   58.94008    96.75123                 0.000      0.000    5232
       2737 22.80833333333   58.95175    96.26959                 0.000      0.000    5200
       2738 22.81666666667   58.96083    95.78791               -70.880    122.284    4096
       2739 22.82500000000   58.96732    95.30626               -75.523    123.959    4096
       2740 22.83333333333   58.97121    94.82475               -75.531    122.731    4096
       2741 22.84166666667   58.97251    94.34347               -73.239  -2312.624    4098
       2742 22.85000000000   58.97121    93.86250               -70.891    122.056    4098
       2743 22.85833333333   58.96732    93.38194                 0.000      0.000    5200
       2744 22.86666666667   58.96084    92.90189                 0.000      0.000    5200
       2745 22.87500000000   58.95177    92.42243                 0.000      0.000    5200
       2746 22.88333333333   58.94012    91.94365                 0.000      0.000    5200
       2747 22.89166666667   58.92589    91.46565                 0.000      0.000    5200
       2748 22.90000000000   58.90908    90.98852                 0.000      0.000    5200
       2749 22.90833333333   58.88971    90.51235               -73.202    125.958    4096
       2750 22.91666666667   58.86777    90.03722                 0.000      0.000    5200
       2751 22.92500000000   58.84329    89.56322               -73.210    124.511    4096
       2752 22.93333333333   58.81626    89.09044                 0.000      0.000    5200
       2753 22.94166666667   58.78669    88.61898               -70.829    120.685    4096
       2754 22.95000000000   58.75459    88.14890                 0.000      0.000    5200
       2755 22.95833333333   58.71998    87.68030               -73.137    119.305    4096
       2756 22.96666666667   58.68286    87.21326                 0.000      0.000    5200
       2757 22.97500000000   58.64325    86.74786               -68.435    117.525    4096
       2758 22.98333333333   58.60115    86.28418               -70.734    116.440    4096
       2759 22.99166666667   58.55659    85.82230               -70.703    123.655    4096
       2760 23.00000000000   58.50957    85.36229               -70.684    119.829    4098
       2761 23.00833333333   58.46010    84.90424                 0.000      0.000    5200
       2762 23.01666666667   58.40821    84.44822               -75.278    122.579    4096
       2763 23.02500000000   58.35391    83.99429                 0.000      0.000    5200
       2764 23.03333333333   58.29721    83.54253               -72.837    124.778    4096
       2765 23.04166666667   58.23812    83.09301                 0.000      0.000    5200
       2766 23.05000000000   58.17668    82.64579               -79.751    127.747    4096
       2767 23.05833333333   58.11288    82.20095               -75.056    126.110    4098
       2768 23.06666666667   58.04676    81.75854               -77.361    127.633    4098
       2769 23.07500000000   57.97832    81.31862               -81.970    127.481    4096
       2770 23.08333333333   57.90760    80.88125               -77.228    125.587    4096
       2771 23.09166666667   57.83459    80.44650                 0.000      0.000    5200
       2772 23.10000000000   57.75933    80.01441                 0.000      0.000    5200
       2773 23.10833333333   57.68184    79.58505               -77.066    124.473    4096
       2774 23.11666666667   57.60213    79.15846               -76.989  -2314.518    4096
       2775 23.12500000000   57.52023    78.73468                 0.000      0.000    5200
       2776 23.13333333333   57.43615    78.31378               -81.516    125.177    4096
       2777 23.14166666667   57.34992    77.89580               -83.817    129.794    4096
       2778 23.15000000000   57.26155    77.48077                 0.000      0.000    5232
       2779 23.15833333333   57.17108    77.06874               -76.714    122.313    4096
       2780 23.16666666667   57.07852    76.65975                 0.000      0.000    5232
       2781 23.17500000000   56.98389    76.25384                 0.000      0.000    5200
       2782 23.18333333333   56.88721    75.85104               -78.906    129.527    4096
       2783 23.19166666667   56.78851    75.45139               -81.154  -2311.396    4096
       2784 23.20000000000   56.68782    75.05491                 0.000      0.000    5200
       2785 23.20833333333   56.58514    74.66164                 0.000      0.000    5200
       2786 23.21666666667   56.48052    74.27161                 0.000      0.000    5232
       2787 23.22500000000   56.37396    73.88484               -83.275    130.498    4096
       2788 23.23333333333   56.26549    73.50135               -78.562  -2311.510    4096
       2789 23.24166666667   56.15514    73.12118               -78.548    126.929    4096
       2790 23.25000000000   56.04293    72.74433               -76.192    120.086    4098
       2791 23.25833333333   55.92888    72.37082               -78.466    125.958    4096
       2792 23.26666666667   55.81302    72.00069               -80.797    127.186    4098
       2793 23.27500000000   55.69537    71.63393                 0.000      0.000    5232
       2794 23.28333333333   55.57595    71.27056                 0.000      0.000    5200
       2795 23.29166666667   55.45478    70.91061               -78.388  -2314.413    4096
       2796 23.30000000000   55.33190    70.55406               -80.661    125.396    4096
       2797 23.30833333333   55.20732    70.20094               -80.614    125.396    4096
       2798 23.31666666667   55.08106    69.85126               -80.603    125.035    4096
       2799 23.32500000000   54.95316    69.50501               -78.287    124.473    4098
       2800 23.33333333333   54.82363    69.16221               -78.239    122.579    4096
       2801 23.34166666667   54.69250    68.82285               -78.217    118.858    4098
       2802 23.35000000000   54.55978    68.48694               -75.891    122.579    4096
       2803 23.35833333333   54.42551    68.15448               -75.861    122.979    4096
       2804 23.36666666667   54.28971    67.82547               -75.854    123.693    4096
       2805 23.37500000000   54.15240    67.49990               -75.846    125.177    4096
       2806 23.38333333333   54.01360    67.17777               -80.456    118.753    4098
       2807 23.39166666667   53.87334    66.85909               -78.123    123.245    4096
       2808 23.40000000000   53.73163    66.54384               -78.107    119.162    4096
       2809 23.40833333333   53.58851    66.23201               -78.124    126.110    4096
       2810 23.41666666667   53.44399    65.92361               -78.089  -2313.814    4096
       2811 23.42500000000   53.29809    65.61862               -78.094    124.625    4096
       2812 23.43333333333   53.15084    65.31703               -78.066    127.747    4096
       2813 23.44166666667   53.00226    65.01883               -78.039    130.460    4096
       2814 23.45000000000   52.85238    64.72401               -82.654    123.693    4098
       2815 23.45833333333   52.70120    64.43256               -82.662    131.278    4096
       2816 23.46666666667   52.54876    64.14446             18955.997  -2310.701    4098
       2817 23.47500000000   52.39508    63.85971                 0.000      0.000    5232
       2818 23.48333333333   52.24017    63.57829               -82.521    128.414    4096
       2819 23.49166666667   52.08406    63.30018                 0.000      0.000    5200
       2820 23.50000000000   51.92677    63.02537               -87.117    129.794    4096
       2821 23.50833333333   51.76832    62.75384               -84.696    125.739    4098
       2822 23.51666666667   51.60873    62.48558               -84.693    122.170    4096
       2823 23.52500000000   51.44802    62.22056               -89.301    129.232    4098
       2824 23.53333333333   51.28621    61.95877                 0.000      0.000    5232
       2825 23.54166666667   51.12332    61.70020               -82.243    129.527    4096
       2826 23.55000000000   50.95936    61.44481               -82.169    127.186    4096
       2827 23.55833333333   50.79437    61.19261               -84.434    125.025    4098
       2828 23.56666666667   50.62835    60.94355               -84.372    125.035    4096
       2829 23.57500000000   50.46133    60.69763               -84.317    124.616    4096
       2830 23.58333333333   50.29333    60.45482               -84.211    123.655    4096
       2831 23.59166666667   50.12436    60.21511               -84.149  -2305.114    4096
       2832 23.60000000000   49.95444    59.97847               -88.733    133.477    4098
       2833 23.60833333333   49.78360    59.74487               -88.677    125.549    4096
       2834 23.61666666667   49.61184    59.51431               -88.586    127.490    4096
       2835 23.62500000000   49.43918    59.28676               -88.544    124.064    4096
       2836 23.63333333333   49.26565    59.06219               -88.483    125.558    4096
       2837 23.64166666667   49.09127    58.84058               -88.400    123.245    4096
       2838 23.65000000000   48.91604    58.62191               -88.299    126.148    4096
       2839 23.65833333333   48.73998    58.40616               -88.217    129.499    4096
       2840 23.66666666667   48.56312    58.19331               -88.108    125.434    4096
       2841 23.67500000000   48.38546    57.98333               -88.009    125.177    4096
       2842 23.68333333333   48.20703    57.77620               -87.927    119.572    4096
       2843 23.69166666667   48.02783    57.57190               -87.872    124.064    4096
       2844 23.70000000000   47.84790    57.37039               -87.805    134.695    4096
       2845 23.70833333333   47.66723    57.17167               -87.718    127.900    4096
       2846 23.71666666667   47.48585    56.97571               -87.614  -2307.313    4096
       2847 23.72500000000   47.30378    56.78248               -87.574    124.064    4096
       2848 23.73333333333   47.12102    56.59197               -87.513    126.377    4096
       2849 23.74166666667   46.93759    56.40414               -87.425    121.466    4096
       2850 23.75000000000   46.75351    56.21897               -87.420    125.025    4096
       2851 23.75833333333   46.56879    56.03645               -87.366    127.186    4096
       2852 23.76666666667   46.38345    55.85654               -87.289    124.882    4096
       2853 23.77500000000   46.19749    55.67923               -87.278    126.634    4096
       2854 23.78333333333   46.01094    55.50449               -87.237    124.587    4096
       2855 23.79166666667   45.82380    55.33230               -87.221    121.351    4096
       2856 23.80000000000   45.63609    55.16264               -87.227    122.436    4096
       2857 23.80833333333   45.44783    54.99547               -87.136    128.556    4096
       2858 23.81666666667   45.25902    54.83079               -87.126    128.861    4096
       2859 23.82500000000   45.06968    54.66857               -87.111    122.027    4096
       2860 23.83333333333   44.87982    54.50878               -87.091    134.552    4096
       2861 23.84166666667   44.68946    54.35140               -87.036    133.886    4096
       2862 23.85000000000   44.49860    54.19642               -86.967    128.157    4096
       2863 23.85833333333   44.30727    54.04380               -86.905    125.815    4096
       2864 23.86666666667   44.11546    53.89353               -86.878    135.257    4096
       2865 23.87500000000   43.92319    53.74558               -86.824  -2302.249    4096
       2866 23.88333333333   43.73048    53.59993               -86.739    135.219    4096
       2867 23.89166666667   43.53733    53.45656               -86.705    143.813    4096
       2868 23.90000000000   43.34376    53.31546               -86.611    145.888    4096
       2869 23.90833333333   43.14978    53.17658               -86.572  -2296.824    4096
       2870 23.91666666667   42.95539    53.03993               -86.452    139.749    4096
       2871 23.92500000000   42.76062    52.90547               -86.386    135.666    4096
       2872 23.93333333333   42.56546    52.77318               -86.360    135.105    4096
       2873 23.94166666667   42.36994    52.64305               -86.254    133.734    4096
       2874 23.95000000000   42.17406    52.51504               -86.187    134.172    4096
       2875 23.95833333333   41.97782    52.38915               -86.102    123.807    4096
       2876 23.96666666667   41.78125    52.26535               -86.083    137.417    4096
       2877 23.97500000000   41.58435    52.14363               -85.942    131.278    4096
       2878 23.98333333333   41.38713    52.02395               -85.869    122.579    4096
       2879 23.99166666667   41.18959    51.90630               -85.823    128.861    4096
