# Created on 2022-09-13 07:27:40 
# Sources: obs\TPKL1681.22O, nav\TPKL1681.22N
# Satellite: G07
# Interval: 30.0
# Sampling interval: 0.0 (not used).
# Site: TPKL
# Position (L, B, H): 78.5290569025, 42.4638637031, 1886.01891334
# Position (X, Y, Z): 937429.6846, 4619604.6444, 4285027.6573
# datetime format: %Y-%m-%dT%H:%M:%S
# Columns: tsn, hour, el, az, tec.l1l2, tec.p1p2, validity
# (I11,1X,F14.11,1X,F10.5,1X,F11.5,1X,F21.3,1X,F10.3,1X,I7)
       2385 19.87500000000   13.82695   262.84379               -94.155    111.386    4096
       2386 19.88333333333   13.98286   262.99222               -94.041  -2324.607    4096
       2387 19.89166666667   14.13879   263.14083               -94.292    106.066    4096
       2388 19.90000000000   14.29475   263.28961               -94.624    114.432    4096
       2389 19.90833333333   14.45073   263.43855               -94.688    104.324    4096
       2390 19.91666666667   14.60673   263.58767               -94.832    110.054    4096
       2391 19.92500000000   14.76276   263.73696               -94.945    111.681    4096
       2392 19.93333333333   14.91882   263.88642               -95.210    107.598    4096
       2393 19.94166666667   15.07490   264.03605               -95.280    100.793    4096
       2394 19.95000000000   15.23102   264.18584               -95.381  -2337.951    4096
       2395 19.95833333333   15.38715   264.33580               -95.511     98.594    4096
       2396 19.96666666667   15.54332   264.48593               -95.605    101.878    4096
       2397 19.97500000000   15.69952   264.63623               -95.653     95.625    4096
       2398 19.98333333333   15.85575   264.78669               -95.791     99.413    4096
       2399 19.99166666667   16.01201   264.93731               -95.926    100.650    4096
       2400 20.00000000000   16.16830   265.08810               -96.041    105.400    4096
       2401 20.00833333333   16.32462   265.23905               -96.255    102.687    4096
       2402 20.01666666667   16.48097   265.39017               -96.487    104.324    4096
       2403 20.02500000000   16.63736   265.54145               -96.482     95.063    4096
       2404 20.03333333333   16.79378   265.69289               -96.593     97.633    4096
       2405 20.04166666667   16.95023   265.84449               -96.635     92.608    4096
       2406 20.05000000000   17.10672   265.99625               -96.768  -2338.760    4096
       2407 20.05833333333   17.26325   266.14817               -96.904     92.056    4096
       2408 20.06666666667   17.41981   266.30025               -97.073     82.947    4096
       2409 20.07500000000   17.57641   266.45249               -97.037     99.679    4096
       2410 20.08333333333   17.73305   266.60489               -97.021     95.473    4096
       2411 20.09166666667   17.88972   266.75745               -97.089     99.156    4096
       2412 20.10000000000   18.04644   266.91016               -97.164     98.080    4096
       2413 20.10833333333   18.20319   267.06303               -97.247     95.882    4096
       2414 20.11666666667   18.35999   267.21606               -97.475    101.050    4096
       2415 20.12500000000   18.51682   267.36924               -97.554     98.594    4096
       2416 20.13333333333   18.67370   267.52258               -97.595    104.990    4096
       2417 20.14166666667   18.83062   267.67607               -97.628     99.413    4096
       2418 20.15000000000   18.98758   267.82972               -97.670    110.720    4096
       2419 20.15833333333   19.14459   267.98352               -97.616    109.378    4096
       2420 20.16666666667   19.30164   268.13748               -97.706    110.197    4096
       2421 20.17500000000   19.45874   268.29158               -97.742    103.363    4096
       2422 20.18333333333   19.61588   268.44584               -97.788  -2340.920    4096
       2423 20.19166666667   19.77307   268.60025               -97.778    101.764    4096
       2424 20.20000000000   19.93031   268.75481               -97.768     96.700    4096
       2425 20.20833333333   20.08759   268.90952               -97.770     99.832    4096
       2426 20.21666666667   20.24492   269.06439               -97.668  -2332.487    4096
       2427 20.22500000000   20.40230   269.21940               -97.592    101.869    4096
       2428 20.23333333333   20.55974   269.37456               -97.581    102.839    4096
       2429 20.24166666667   20.71722   269.52987               -97.527    109.787    4096
       2430 20.25000000000   20.87475   269.68533               -97.520    109.235    4096
       2431 20.25833333333   21.03234   269.84093               -97.508    104.181    4096
       2432 20.26666666667   21.18998   269.99669               -97.388    100.089    4096
       2433 20.27500000000   21.34767   270.15259               -97.378    101.869    4096
       2434 20.28333333333   21.50542   270.30864               -97.269    105.400    4096
       2435 20.29166666667   21.66322   270.46483               -97.313    102.573    4096
       2436 20.30000000000   21.82108   270.62117               -97.333    106.370    4096
       2437 20.30833333333   21.97899   270.77766               -97.297    100.127    4096
       2438 20.31666666667   22.13696   270.93429               -97.235    110.044    4096
       2439 20.32500000000   22.29499   271.09106               -97.264    105.143    4096
       2440 20.33333333333   22.45308   271.24798               -97.348    107.551    4096
       2441 20.34166666667   22.61123   271.40504               -97.334    106.075    4096
       2442 20.35000000000   22.76944   271.56225               -97.355    101.869    4096
       2443 20.35833333333   22.92771   271.71960               -97.320    103.610    4096
       2444 20.36666666667   23.08604   271.87709               -97.340     98.490    4096
       2445 20.37500000000   23.24443   272.03473               -97.435     99.670    4096
       2446 20.38333333333   23.40288   272.19251               -97.395     92.722    4096
       2447 20.39166666667   23.56140   272.35042               -97.450     82.386    4096
       2448 20.40000000000   23.71999   272.50848               -97.409    101.869    4096
       2449 20.40833333333   23.87864   272.66669               -97.343     88.515    4096
       2450 20.41666666667   24.03735   272.82503               -97.481     97.519    4096
       2451 20.42500000000   24.19613   272.98351               -97.408     97.519    4096
       2452 20.43333333333   24.35498   273.14214               -97.476     99.013    4096
       2453 20.44166666667   24.51390   273.30090               -97.595    104.619    4096
       2454 20.45000000000   24.67289   273.45980               -97.592    104.020    4096
       2455 20.45833333333   24.83195   273.61885               -97.637     92.722    4096
       2456 20.46666666667   24.99107   273.77803               -97.756    106.075    4096
       2457 20.47500000000   25.15027   273.93735               -97.720     99.679    4096
       2458 20.48333333333   25.30954   274.09681               -97.874    108.560    4096
       2459 20.49166666667   25.46889   274.25641               -97.872     94.806    4096
       2460 20.50000000000   25.62831   274.41615               -97.759     98.185    4096
       2461 20.50833333333   25.78780   274.57602               -97.800    105.438    4096
       2462 20.51666666667   25.94737   274.73604               -97.918    105.552    4096
       2463 20.52500000000   26.10701   274.89619               -97.973    111.129    4096
       2464 20.53333333333   26.26673   275.05648               -98.035     99.974    4096
       2465 20.54166666667   26.42653   275.21690               -98.104     99.156    4096
       2466 20.55000000000   26.58640   275.37747               -98.255    105.285    4096
       2467 20.55833333333   26.74636   275.53817               -98.291    109.645    4096
       2468 20.56666666667   26.90639   275.69900               -98.431     99.261    4096
       2469 20.57500000000   27.06651   275.85998               -98.501    103.915    4096
       2470 20.58333333333   27.22670   276.02109               -98.654    103.506    4096
       2471 20.59166666667   27.38698   276.18234               -98.660    101.060    4096
       2472 20.60000000000   27.54734   276.34372               -98.720     96.700    4096
       2473 20.60833333333   27.70779   276.50524               -98.811     96.148    4096
       2474 20.61666666667   27.86832   276.66690               -98.877     91.799    4096
       2475 20.62500000000   28.02893   276.82870               -98.966     96.034    4096
       2476 20.63333333333   28.18963   276.99063               -99.032    112.357    4096
       2477 20.64166666667   28.35042   277.15269               -99.192    118.896    4096
       2478 20.65000000000   28.51129   277.31490               -99.329    118.896    4096
       2479 20.65833333333   28.67226   277.47724               -99.366    112.757    4096
       2480 20.66666666667   28.83331   277.63971               -99.514    111.986    4096
       2481 20.67500000000   28.99445   277.80233               -99.544     88.230    4096
       2482 20.68333333333   29.15569   277.96508               -99.567     79.007    4096
       2483 20.69166666667   29.31701   278.12796               -99.610     72.316    4096
       2484 20.70000000000   29.47843   278.29098               -99.639     91.942    4096
       2485 20.70833333333   29.63994   278.45414               -99.782    105.143    4096
       2486 20.71666666667   29.80154   278.61744               -99.900    129.384    4096
       2487 20.72500000000   29.96324   278.78087               -99.960    106.228    4096
       2488 20.73333333333   30.12503   278.94444              -100.057     97.519    4096
       2489 20.74166666667   30.28692   279.10815              -100.135     97.528    4096
       2490 20.75000000000   30.44891   279.27199              -100.331    108.521    4096
       2491 20.75833333333   30.61100   279.43597              -100.445     91.532    4096
       2492 20.76666666667   30.77318   279.60009              -100.466     99.832    4096
       2493 20.77500000000   30.93546   279.76434              -100.536    100.755    4096
       2494 20.78333333333   31.09785   279.92874              -100.788    106.780    4096
       2495 20.79166666667   31.26033   280.09327              -100.904    102.839    4096
       2496 20.80000000000   31.42292   280.25794              -100.906    101.869    4096
       2497 20.80833333333   31.58560   280.42275              -101.068     93.693    4096
       2498 20.81666666667   31.74840   280.58770              -101.157     87.040    4096
       2499 20.82500000000   31.91129   280.75279              -101.186     93.312    4096
       2500 20.83333333333   32.07429   280.91802              -101.204     94.806    4096
       2501 20.84166666667   32.23740   281.08339              -101.414    114.955    4096
       2502 20.85000000000   32.40061   281.24890              -101.482     91.351    4096
       2503 20.85833333333   32.56393   281.41455              -101.529     89.343    4096
       2504 20.86666666667   32.72736   281.58034              -101.688    107.037    4096
       2505 20.87500000000   32.89090   281.74627              -101.721     97.785    4096
       2506 20.88333333333   33.05454   281.91234              -101.820    111.129    4096
       2507 20.89166666667   33.21830   282.07856              -102.012    117.002    4096
       2508 20.90000000000   33.38217   282.24492              -102.000     92.617    4096
       2509 20.90833333333   33.54615   282.41142              -102.090     85.688    4096
       2510 20.91666666667   33.71024   282.57807              -102.200    106.370    4096
       2511 20.92500000000   33.87444   282.74486              -102.268    104.324    4096
       2512 20.93333333333   34.03876   282.91179              -102.378     89.495    4096
       2513 20.94166666667   34.20320   283.07887              -102.416     97.890    4096
       2514 20.95000000000   34.36775   283.24610              -102.639    100.127    4096
       2515 20.95833333333   34.53242   283.41348              -102.697     74.610    4096
       2516 20.96666666667   34.69720   283.58100              -102.810    100.089    4096
       2517 20.97500000000   34.86210   283.74867              -102.883     96.291    4096
       2518 20.98333333333   35.02713   283.91649              -102.968     91.532    4096
       2519 20.99166666667   35.19227   284.08445              -103.079    106.370    4096
       2520 21.00000000000   35.35753   284.25257              -103.204    103.106    4096
       2521 21.00833333333   35.52291   284.42084              -103.261    100.384    4096
       2522 21.01666666667   35.68842   284.58926              -103.305     89.343    4096
       2523 21.02500000000   35.85404   284.75783              -103.456     88.629    4096
       2524 21.03333333333   36.01979   284.92656              -103.530     92.722    4096
       2525 21.04166666667   36.18567   285.09544              -103.668    106.370    4096
       2526 21.05000000000   36.35167   285.26448              -103.824     89.743    4096
       2527 21.05833333333   36.51779   285.43367              -103.936     90.266    4096
       2528 21.06666666667   36.68405   285.60302              -104.017     97.814    4096
       2529 21.07500000000   36.85043   285.77253              -104.092     89.895    4096
       2530 21.08333333333   37.01693   285.94219              -104.232     96.177    4096
       2531 21.09166666667   37.18357   286.11202              -104.308     82.386    4096
       2532 21.10000000000   37.35033   286.28201              -104.432     93.027    4096
       2533 21.10833333333   37.51723   286.45216              -104.594     88.268    4096
       2534 21.11666666667   37.68426   286.62247              -104.606     95.625    4096
       2535 21.12500000000   37.85142   286.79295              -104.728     97.367    4096
       2536 21.13333333333   38.01871   286.96359              -104.853     88.820    4096
       2537 21.14166666667   38.18613   287.13440              -104.966     99.004    4096
       2538 21.15000000000   38.35369   287.30538              -105.055    104.990    4096
       2539 21.15833333333   38.52138   287.47652              -105.182     96.967    4096
       2540 21.16666666667   38.68921   287.64784              -105.255     91.646    4096
       2541 21.17500000000   38.85717   287.81933              -105.343    104.619    4096
       2542 21.18333333333   39.02527   287.99099              -105.382     97.633    4096
       2543 21.19166666667   39.19351   288.16283              -105.475    104.476    4096
       2544 21.20000000000   39.36188   288.33485              -105.650    102.582    4096
       2545 21.20833333333   39.53040   288.50704              -105.651    100.117    4096
       2546 21.21666666667   39.69905   288.67941              -105.722    100.898    4096
       2547 21.22500000000   39.86785   288.85197              -105.727     99.832    4096
       2548 21.23333333333   40.03678   289.02470              -105.784     93.027    4096
       2549 21.24166666667   40.20586   289.19762              -105.838    106.218    4096
       2550 21.25000000000   40.37508   289.37073              -105.824     87.849    4096
       2551 21.25833333333   40.54444   289.54402              -105.816     97.262    4096
       2552 21.26666666667   40.71394   289.71751              -105.907     92.494    4096
       2553 21.27500000000   40.88359   289.89118              -105.918     84.289    4096
       2554 21.28333333333   41.05339   290.06505              -105.944     92.198    4096
       2555 21.29166666667   41.22333   290.23912              -105.940     97.110    4096
       2556 21.30000000000   41.39342   290.41338              -106.002     85.136    4096
       2557 21.30833333333   41.56365   290.58784              -106.002     83.356    4096
       2558 21.31666666667   41.73403   290.76250              -105.997     93.169    4096
       2559 21.32500000000   41.90456   290.93736              -106.053     82.281    4096
       2560 21.33333333333   42.07524   291.11243              -106.061     91.646    4096
       2561 21.34166666667   42.24607   291.28771              -106.078  -2340.254    4096
       2562 21.35000000000   42.41704   291.46320              -106.183     94.654    4096
       2563 21.35833333333   42.58817   291.63890              -106.230     91.123    4096
       2564 21.36666666667   42.75945   291.81481              -106.248     94.768    4096
       2565 21.37500000000   42.93089   291.99095              -106.313     96.700    4096
       2566 21.38333333333   43.10247   292.16730              -106.381     96.853    4096
       2567 21.39166666667   43.27421   292.34387              -106.446     91.646    4096
       2568 21.40000000000   43.44610   292.52067              -106.479    102.982    4096
       2569 21.40833333333   43.61815   292.69770              -106.535    102.164    4096
       2570 21.41666666667   43.79035   292.87496              -106.590     88.372    4096
       2571 21.42500000000   43.96270   293.05245              -106.653     97.110    4096
       2572 21.43333333333   44.13522   293.23017              -106.743     95.996    4096
       2573 21.44166666667   44.30789   293.40814              -106.799     97.262    4096
       2574 21.45000000000   44.48071   293.58634              -106.812     95.615    4096
       2575 21.45833333333   44.65370   293.76480              -106.913     99.042    4096
       2576 21.46666666667   44.82684   293.94349              -106.954     88.001    4096
       2577 21.47500000000   45.00014   294.12245              -106.994     90.714    4096
       2578 21.48333333333   45.17360   294.30165              -107.049     97.633    4096
       2579 21.49166666667   45.34722   294.48111              -107.106     86.478    4096
       2580 21.50000000000   45.52100   294.66084              -107.176     94.664    4096
       2581 21.50833333333   45.69495   294.84083              -107.195     92.465    4096
       2582 21.51666666667   45.86905   295.02108              -107.286     89.191    4096
       2583 21.52500000000   46.04332   295.20161              -107.322     92.874    4096
       2584 21.53333333333   46.21774   295.38242              -107.380     89.781    4096
       2585 21.54166666667   46.39233   295.56350              -107.408     90.561    4096
       2586 21.55000000000   46.56709   295.74487              -107.479     90.419    4096
       2587 21.55833333333   46.74201   295.92652              -107.537     88.629    4096
       2588 21.56666666667   46.91709   296.10847              -107.621     95.178    4096
       2589 21.57500000000   47.09233   296.29071              -107.688     90.304    4096
       2590 21.58333333333   47.26775   296.47325              -107.765     97.928    4096
       2591 21.59166666667   47.44332   296.65610              -107.884    102.278    4096
       2592 21.60000000000   47.61907   296.83925              -107.930     90.676    4096
       2593 21.60833333333   47.79498   297.02272              -107.992     91.380    4096
       2594 21.61666666667   47.97105   297.20650              -108.032     91.799    4096
       2595 21.62500000000   48.14730   297.39061              -108.071     88.115    4096
       2596 21.63333333333   48.32371   297.57505              -108.159     98.452    4096
       2597 21.64166666667   48.50028   297.75982              -108.219     88.525    4096
       2598 21.65000000000   48.67703   297.94492              -108.297     96.405    4096
       2599 21.65833333333   48.85395   298.13037              -108.364     95.882    4096
       2600 21.66666666667   49.03103   298.31617              -108.393     94.397    4096
       2601 21.67500000000   49.20828   298.50232              -108.425     94.369    4096
       2602 21.68333333333   49.38571   298.68883              -108.531     93.426    4096
       2603 21.69166666667   49.56330   298.87570              -108.589     94.511    4096
       2604 21.70000000000   49.74106   299.06295              -108.633     90.828    4096
       2605 21.70833333333   49.91899   299.25057              -108.702     92.351    4096
       2606 21.71666666667   50.09710   299.43858              -108.713     87.592    4096
       2607 21.72500000000   50.27537   299.62697              -108.750     82.947    4096
       2608 21.73333333333   50.45381   299.81576              -108.774     87.706    4096
       2609 21.74166666667   50.63243   300.00495              -108.840     87.411    4096
       2610 21.75000000000   50.81122   300.19455              -108.899     80.606    4096
       2611 21.75833333333   50.99017   300.38457              -108.926     81.167    4096
       2612 21.76666666667   51.16931   300.57501              -108.973     86.478    4096
       2613 21.77500000000   51.34861   300.76587              -109.024     86.631    4096
       2614 21.78333333333   51.52808   300.95718              -109.055     99.004    4096
       2615 21.79166666667   51.70773   301.14892              -109.149     93.284    4096
       2616 21.80000000000   51.88755   301.34112              -109.180     90.457    4096
       2617 21.80833333333   52.06754   301.53378              -109.198     91.380    4096
       2618 21.81666666667   52.24770   301.72691              -109.220     86.326    4096
       2619 21.82500000000   52.42803   301.92052              -109.259     90.457    4096
       2620 21.83333333333   52.60854   302.11460              -109.305     89.857    4096
       2621 21.84166666667   52.78922   302.30919              -109.347     96.443    4096
       2622 21.85000000000   52.97008   302.50427              -109.384     89.486    4096
       2623 21.85833333333   53.15110   302.69986              -109.430     92.056    4096
       2624 21.86666666667   53.33230   302.89597              -109.468     91.942    4096
       2625 21.87500000000   53.51367   303.09262              -109.478     91.237    4096
       2626 21.88333333333   53.69521   303.28980              -109.475     86.621    4096
       2627 21.89166666667   53.87693   303.48753              -109.500     94.359    4096
       2628 21.90000000000   54.05881   303.68582              -109.495     92.351    4096
       2629 21.90833333333   54.24087   303.88467              -109.505     96.967    4096
       2630 21.91666666667   54.42310   304.08411              -109.561     97.671    4096
       2631 21.92500000000   54.60550   304.28414              -109.591     93.398    4096
       2632 21.93333333333   54.78808   304.48477              -109.599     90.571    4096
       2633 21.94166666667   54.97082   304.68601              -109.654     96.443    4096
       2634 21.95000000000   55.15374   304.88788              -109.656     95.216    4096
       2635 21.95833333333   55.33682   305.09038              -109.669     93.950    4096
       2636 21.96666666667   55.52008   305.29354              -109.657     92.903    4096
       2637 21.97500000000   55.70351   305.49735              -109.708     90.457    4096
       2638 21.98333333333   55.88710   305.70184              -109.718     89.857    4096
       2639 21.99166666667   56.07087   305.90702              -109.733     84.175    4096
       2640 22.00000000000   56.25480   306.11290              -109.765     87.963    4096
       2641 22.00833333333   56.43890   306.31949              -109.786     85.660    4096
       2642 22.01666666667   56.62317   306.52681              -109.790     84.470    4096
       2643 22.02500000000   56.80761   306.73487              -109.811     86.888    4096
       2644 22.03333333333   56.99222   306.94370              -109.782     86.478    4096
       2645 22.04166666667   57.17699   307.15329              -109.812     88.667    4096
       2646 22.05000000000   57.36193   307.36368              -109.817     83.461    4096
       2647 22.05833333333   57.54703   307.57487              -109.803     87.030    4096
       2648 22.06666666667   57.73230   307.78688              -109.860     93.436    4096
       2649 22.07500000000   57.91773   307.99973              -109.870     78.036    4096
       2650 22.08333333333   58.10332   308.21344              -109.887     82.386    4096
       2651 22.09166666667   58.28908   308.42802              -109.941     88.115    4096
       2652 22.10000000000   58.47500   308.64349              -109.977     89.077    4096
       2653 22.10833333333   58.66107   308.85988              -110.014     88.782    4096
       2654 22.11666666667   58.84731   309.07719              -110.015  -2345.308    4096
       2655 22.12500000000   59.03371   309.29545              -110.040     88.115    4096
       2656 22.13333333333   59.22027   309.51469              -110.082     91.685    4096
       2657 22.14166666667   59.40698   309.73491              -110.055     96.957    4096
       2658 22.15000000000   59.59385   309.95615               -35.739     94.397    4098
       2659 22.15833333333   59.78087   310.17842            -14863.548     88.667    4096
       2660 22.16666666667   59.96805   310.40175               -31.140     92.617    4098
       2661 22.17500000000   60.15538   310.62615               -26.533     85.698    4096
       2662 22.18333333333   60.34286   310.85166               -31.209     90.571    4098
       2663 22.19166666667   60.53049   311.07830               -28.934     86.212    4096
       2664 22.20000000000   60.71827   311.30609               -24.327     89.077    4098
       2665 22.20833333333   60.90619   311.53507                 0.000      0.000    5200
       2666 22.21666666667   61.09427   311.76524               -31.367     93.836    4096
       2667 22.22500000000   61.28248   311.99665               -26.764     93.579    4098
       2668 22.23333333333   61.47084   312.22932               -29.056     90.571    4096
       2669 22.24166666667   61.65934   312.46328               -26.756     87.449    4098
       2670 22.25000000000   61.84798   312.69856               -26.779     87.297    4096
       2671 22.25833333333   62.03676   312.93519               -24.480     90.457    4098
       2672 22.26666666667   62.22567   313.17320                 0.000      0.000    5200
       2673 22.27500000000   62.41472   313.41262               -26.836     87.706    4096
       2674 22.28333333333   62.60390   313.65349               -29.207     88.001    4096
       2675 22.29166666667   62.79321   313.89584               -22.211     87.030    4098
       2676 22.30000000000   62.98265   314.13971                 0.000      0.000    5200
       2677 22.30833333333   63.17221   314.38513               -29.192     89.867    4096
       2678 22.31666666667   63.36190   314.63214               -26.912     88.220    4098
       2679 22.32500000000   63.55170   314.88078                 0.000      0.000    5200
       2680 22.33333333333   63.74163   315.13109               -29.229     92.056    4096
       2681 22.34166666667   63.93167   315.38311               -29.260     87.811    4098
       2682 22.35000000000   64.12182   315.63688               -24.582     88.115    4096
       2683 22.35833333333   64.31209   315.89244               -26.937     91.494    4096
       2684 22.36666666667   64.50246   316.14984                 0.000      0.000    5200
       2685 22.37500000000   64.69294   316.40913                 0.000      0.000    5200
       2686 22.38333333333   64.88352   316.67035                 0.000      0.000    5200
       2687 22.39166666667   65.07420   316.93356               -22.257     84.727    4096
       2688 22.40000000000   65.26497   317.19880                 0.000      0.000    5200
       2689 22.40833333333   65.45584   317.46612               -29.231     91.799    4096
       2690 22.41666666667   65.64679   317.73559               -31.524     92.465    4096
       2691 22.42500000000   65.83783   318.00725                 0.000      0.000    5200
       2692 22.43333333333   66.02895   318.28116                 0.000      0.000    5232
       2693 22.44166666667   66.22015   318.55738               -31.490     90.266    4096
       2694 22.45000000000   66.41142   318.83598               -31.514     98.337    4098
       2695 22.45833333333   66.60276   319.11702               -31.461     95.330    4098
       2696 22.46666666667   66.79416   319.40056               -33.760     96.596    4096
       2697 22.47500000000   66.98562   319.68667               -31.399     92.579    4098
       2698 22.48333333333   67.17714   319.97542               -29.052     95.063    4098
       2699 22.49166666667   67.36871   320.26688               -29.019     88.382    4096
       2700 22.50000000000   67.56032   320.56113               -31.297     91.542    4096
       2701 22.50833333333   67.75197   320.85825               -26.612     89.077    4096
       2702 22.51666666667   67.94366   321.15831                 0.000      0.000    5200
       2703 22.52500000000   68.13538   321.46141                 0.000      0.000    5200
       2704 22.53333333333   68.32712   321.76761               -31.188     93.579    4096
       2705 22.54166666667   68.51887   322.07702               -28.792     93.169    4096
       2706 22.55000000000   68.71064   322.38972                 0.000      0.000    5200
       2707 22.55833333333   68.90241   322.70582               -33.335     97.110    4096
       2708 22.56666666667   69.09418   323.02541                 0.000      0.000    5200
       2709 22.57500000000   69.28593   323.34858               -28.628     96.139    4096
       2710 22.58333333333   69.47767   323.67546               -30.947     94.140    4098
       2711 22.59166666667   69.66938   324.00614                 0.000      0.000    5200
       2712 22.60000000000   69.86106   324.34075                 0.000      0.000    5200
       2713 22.60833333333   70.05270   324.67939               -28.595     92.360    4096
       2714 22.61666666667   70.24429   325.02220                 0.000      0.000    5200
       2715 22.62500000000   70.43582   325.36930               -28.649     85.917    4096
       2716 22.63333333333   70.62728   325.72082                 0.000      0.000    5200
       2717 22.64166666667   70.81865   326.07691               -31.021     90.561    4096
       2718 22.65000000000   71.00995   326.43769                 0.000      0.000    5200
       2719 22.65833333333   71.20114   326.80333               -28.746     90.162    4096
       2720 22.66666666667   71.39222   327.17397                 0.000      0.000    5200
       2721 22.67500000000   71.58317   327.54977                 0.000      0.000    5232
       2722 22.68333333333   71.77400   327.93090                 0.000      0.000    5200
       2723 22.69166666667   71.96467   328.31754                 0.000      0.000    5200
       2724 22.70000000000   72.15519   328.70985                 0.000      0.000    5232
       2725 22.70833333333   72.34553   329.10804                 0.000      0.000    5200
       2726 22.71666666667   72.53569   329.51229                 0.000      0.000    5200
       2727 22.72500000000   72.72564   329.92280               -26.662     92.056    4096
       2728 22.73333333333   72.91537   330.33978               -26.642     92.198    4098
       2729 22.74166666667   73.10487   330.76346                 0.000      0.000    5200
       2730 22.75000000000   73.29412   331.19406                 0.000      0.000    5200
       2731 22.75833333333   73.48309   331.63181                 0.000      0.000    5200
       2732 22.76666666667   73.67178   332.07697                 0.000      0.000    5232
       2733 22.77500000000   73.86016   332.52979               -33.650     93.312    4096
       2734 22.78333333333   74.04822   332.99053                 0.000      0.000    5200
       2735 22.79166666667   74.23592   333.45949                 0.000      0.000    5200
       2736 22.80000000000   74.42325   333.93694                 0.000      0.000    5232
       2737 22.80833333333   74.61019   334.42318               -31.206     89.048    4096
       2738 22.81666666667   74.79670   334.91855                 0.000      0.000    5200
       2739 22.82500000000   74.98277   335.42335                 0.000      0.000    5200
       2740 22.83333333333   75.16837   335.93794               -28.774     91.646    4096
       2741 22.84166666667   75.35347   336.46267                 0.000      0.000    5200
       2742 22.85000000000   75.53803   336.99792                 0.000      0.000    5200
       2743 22.85833333333   75.72204   337.54406               -33.280     90.304    4096
       2744 22.86666666667   75.90545   338.10151                 0.000      0.000    5200
       2745 22.87500000000   76.08823   338.67069                 0.000      0.000    5200
       2746 22.88333333333   76.27034   339.25202                 0.000      0.000    5200
       2747 22.89166666667   76.45175   339.84598                 0.000      0.000    5200
       2748 22.90000000000   76.63242   340.45303                 0.000      0.000    5232
       2749 22.90833333333   76.81231   341.07367                 0.000      0.000    5200
       2750 22.91666666667   76.99136   341.70841                 0.000      0.000    5200
       2751 22.92500000000   77.16954   342.35780                 0.000      0.000    5232
       2752 22.93333333333   77.34680   343.02237                 0.000      0.000    5200
       2753 22.94166666667   77.52308   343.70273                 0.000      0.000    5232
       2754 22.95000000000   77.69832   344.39946                 0.000      0.000    5200
       2755 22.95833333333   77.87248   345.11320               -37.251     96.025    4096
       2756 22.96666666667   78.04550   345.84458                 0.000      0.000    5200
       2757 22.97500000000   78.21730   346.59427               -30.188     92.912    4096
       2758 22.98333333333   78.38782   347.36299                 0.000      0.000    5232
       2759 22.99166666667   78.55700   348.15142                 0.000      0.000    5200
       2760 23.00000000000   78.72476   348.96033                 0.000      0.000    5200
       2761 23.00833333333   78.89101   349.79047               -29.941     89.077    4096
       2762 23.01666666667   79.05569   350.64263               -34.552     93.322    4096
       2763 23.02500000000   79.21870   351.51761               -36.838  -2342.852    4096
       2764 23.03333333333   79.37994   352.41623                 0.000      0.000    5200
       2765 23.04166666667   79.53934   353.33934                 0.000      0.000    5200
       2766 23.05000000000   79.69678   354.28779                 0.000      0.000    5200
       2767 23.05833333333   79.85216   355.26247               -31.970     86.773    4096
       2768 23.06666666667   80.00537   356.26423               -31.908     88.629    4098
       2769 23.07500000000   80.15630   357.29397               -34.214     90.304    4096
       2770 23.08333333333   80.30481   358.35257                 0.000      0.000    5232
       2771 23.09166666667   80.45079   359.44091                 0.000      0.000    5200
       2772 23.10000000000   80.59410     0.55986               -36.435     93.426    4096
       2773 23.10833333333   80.73460     1.71027                 0.000      0.000    5200
       2774 23.11666666667   80.87214     2.89294                 0.000      0.000    5200
       2775 23.12500000000   81.00658     4.10867                 0.000      0.000    5200
       2776 23.13333333333   81.13775     5.35819               -38.565     95.587    4096
       2777 23.14166666667   81.26549     6.64217                 0.000      0.000    5200
       2778 23.15000000000   81.38964     7.96121               -36.183     87.297    4096
       2779 23.15833333333   81.51001     9.31583                 0.000      0.000    5200
       2780 23.16666666667   81.62643    10.70643                 0.000      0.000    5200
       2781 23.17500000000   81.73872    12.13331                 0.000      0.000    5232
       2782 23.18333333333   81.84668    13.59662                 0.000      0.000    5200
       2783 23.19166666667   81.95013    15.09637                 0.000      0.000    5200
       2784 23.20000000000   82.04886    16.63238                 0.000      0.000    5200
       2785 23.20833333333   82.14269    18.20430               -42.883     96.548    4096
       2786 23.21666666667   82.23142    19.81157                 0.000      0.000    5232
       2787 23.22500000000   82.31486    21.45340                 0.000      0.000    5200
       2788 23.23333333333   82.39280    23.12879                 0.000      0.000    5200
       2789 23.24166666667   82.46507    24.83646                 0.000      0.000    5200
       2790 23.25000000000   82.53149    26.57491                 0.000      0.000    5200
       2791 23.25833333333   82.59186    28.34237                 0.000      0.000    5200
       2792 23.26666666667   82.64603    30.13679                 0.000      0.000    5200
       2793 23.27500000000   82.69384    31.95591               -42.528    101.202    4096
       2794 23.28333333333   82.73515    33.79718                 0.000      0.000    5200
       2795 23.29166666667   82.76983    35.65785               -42.463     97.633    4096
       2796 23.30000000000   82.79776    37.53496                 0.000      0.000    5200
       2797 23.30833333333   82.81884    39.42536                 0.000      0.000    5200
       2798 23.31666666667   82.83300    41.32575                 0.000      0.000    5200
       2799 23.32500000000   82.84018    43.23271                 0.000      0.000    5200
       2800 23.33333333333   82.84033    45.14274                 0.000      0.000    5200
       2801 23.34166666667   82.83344    47.05232                 0.000      0.000    5200
       2802 23.35000000000   82.81952    48.95790                 0.000      0.000    5200
       2803 23.35833333333   82.79858    50.85602               -44.420     98.594    4096
       2804 23.36666666667   82.77066    52.74325                 0.000      0.000    5200
       2805 23.37500000000   82.73584    54.61633                 0.000      0.000    5232
       2806 23.38333333333   82.69419    56.47213                 0.000      0.000    5200
       2807 23.39166666667   82.64581    58.30771                 0.000      0.000    5200
       2808 23.40000000000   82.59082    60.12035                 0.000      0.000    5232
       2809 23.40833333333   82.52934    61.90755                 0.000      0.000    5232
       2810 23.41666666667   82.46152    63.66707                 0.000      0.000    5232
       2811 23.42500000000   82.38751    65.39692               -44.011  -2342.995    4096
       2812 23.43333333333   82.30748    67.09536                 0.000      0.000    5200
       2813 23.44166666667   82.22159    68.76090                 0.000      0.000    5200
       2814 23.45000000000   82.13002    70.39234                 0.000      0.000    5200
       2815 23.45833333333   82.03296    71.98869               -43.809     93.950    4096
       2816 23.46666666667   81.93058    73.54919                 0.000      0.000    5200
       2817 23.47500000000   81.82307    75.07333               -46.056     94.664    4096
       2818 23.48333333333   81.71062    76.56076                 0.000      0.000    5200
       2819 23.49166666667   81.59341    78.01136                 0.000      0.000    5200
       2820 23.50000000000   81.47163    79.42514                 0.000      0.000    5200
       2821 23.50833333333   81.34545    80.80228               -43.620     90.561    4096
       2822 23.51666666667   81.21506    82.14310                 0.000      0.000    5200
       2823 23.52500000000   81.08062    83.44802               -38.924     90.714    4096
       2824 23.53333333333   80.94230    84.71755                 0.000      0.000    5200
       2825 23.54166666667   80.80026    85.95233                 0.000      0.000    5232
       2826 23.55000000000   80.65467    87.15303                 0.000      0.000    5200
       2827 23.55833333333   80.50568    88.32038                 0.000      0.000    5200
       2828 23.56666666667   80.35342    89.45519                 0.000      0.000    5200
       2829 23.57500000000   80.19805    90.55827                 0.000      0.000    5232
       2830 23.58333333333   80.03970    91.63047               -45.654     95.882    4096
       2831 23.59166666667   79.87850    92.67267                 0.000      0.000    5232
       2832 23.60000000000   79.71457    93.68574                 0.000      0.000    5200
       2833 23.60833333333   79.54803    94.67057                 0.000      0.000    5200
       2834 23.61666666667   79.37900    95.62803                 0.000      0.000    5200
       2835 23.62500000000   79.20758    96.55902                 0.000      0.000    5200
       2836 23.63333333333   79.03387    97.46439                 0.000      0.000    5200
       2837 23.64166666667   78.85798    98.34501                 0.000      0.000    5200
       2838 23.65000000000   78.68000    99.20170               -47.539     92.208    4096
       2839 23.65833333333   78.50002   100.03530                 0.000      0.000    5232
       2840 23.66666666667   78.31811   100.84660                 0.000      0.000    5200
       2841 23.67500000000   78.13437   101.63640               -49.665     93.836    4096
       2842 23.68333333333   77.94887   102.40543                 0.000      0.000    5232
       2843 23.69166666667   77.76168   103.15445                 0.000      0.000    5200
       2844 23.70000000000   77.57287   103.88417                 0.000      0.000    5200
       2845 23.70833333333   77.38250   104.59528                 0.000      0.000    5200
       2846 23.71666666667   77.19065   105.28844                 0.000      0.000    5200
       2847 23.72500000000   76.99736   105.96430                 0.000      0.000    5232
       2848 23.73333333333   76.80270   106.62347                 0.000      0.000    5232
       2849 23.74166666667   76.60672   107.26657                 0.000      0.000    5200
       2850 23.75000000000   76.40947   107.89415                 0.000      0.000    5200
       2851 23.75833333333   76.21099   108.50679                 0.000      0.000    5200
       2852 23.76666666667   76.01134   109.10500                 0.000      0.000    5200
       2853 23.77500000000   75.81057   109.68930                 0.000      0.000    5200
       2854 23.78333333333   75.60870   110.26019                 0.000      0.000    5200
       2855 23.79166666667   75.40578   110.81813                 0.000      0.000    5200
       2856 23.80000000000   75.20186   111.36359                 0.000      0.000    5200
       2857 23.80833333333   74.99696   111.89698                 0.000      0.000    5200
       2858 23.81666666667   74.79112   112.41874                 0.000      0.000    5200
       2859 23.82500000000   74.58438   112.92927               -53.359  -2337.123    4096
       2860 23.83333333333   74.37676   113.42895               -53.302     98.042    4096
       2861 23.84166666667   74.16830   113.91814                 0.000      0.000    5232
       2862 23.85000000000   73.95902   114.39721                 0.000      0.000    5232
       2863 23.85833333333   73.74896   114.86649                 0.000      0.000    5232
       2864 23.86666666667   73.53813   115.32632               -55.369     94.806    4096
       2865 23.87500000000   73.32657   115.77699                 0.000      0.000    5200
       2866 23.88333333333   73.11429   116.21883               -55.223     94.549    4096
       2867 23.89166666667   72.90133   116.65210               -52.831     98.452    4096
       2868 23.90000000000   72.68770   117.07710               -55.080     97.785    4098
       2869 23.90833333333   72.47343   117.49409               -57.338     97.405    4096
       2870 23.91666666667   72.25853   117.90331                 0.000      0.000    5200
       2871 23.92500000000   72.04302   118.30503                 0.000      0.000    5200
       2872 23.93333333333   71.82693   118.69947               -57.041     99.565    4096
       2873 23.94166666667   71.61026   119.08685               -59.270     97.519    4098
       2874 23.95000000000   71.39305   119.46741                 0.000      0.000    5200
       2875 23.95833333333   71.17530   119.84134                 0.000      0.000    5200
       2876 23.96666666667   70.95703   120.20885               -61.423    101.345    4096
       2877 23.97500000000   70.73826   120.57012                 0.000      0.000    5200
       2878 23.98333333333   70.51899   120.92536                 0.000      0.000    5200
       2879 23.99166666667   70.29926   121.27472               -61.271     97.776    4096
