# Created on 2022-09-13 07:27:35 
# Sources: obs\TPKL1681.22O, nav\TPKL1681.22N
# Satellite: G31
# Interval: 30.0
# Sampling interval: 0.0 (not used).
# Site: TPKL
# Position (L, B, H): 78.5290569025, 42.4638637031, 1886.01891334
# Position (X, Y, Z): 937429.6846, 4619604.6444, 4285027.6573
# datetime format: %Y-%m-%dT%H:%M:%S
# Columns: tsn, hour, el, az, tec.l1l2, tec.p1p2, validity
# (I11,1X,F14.11,1X,F10.5,1X,F11.5,1X,F21.3,1X,F10.3,1X,I7)
       1747 14.55833333333   17.01348   186.59284              -139.261    159.460    4096
       1748 14.56666666667   17.23515   186.57446              -139.730    140.948    4096
       1749 14.57500000000   17.45714   186.55630              -140.326    155.263    4096
       1750 14.58333333333   17.67946   186.53836              -140.717    166.456    4096
       1751 14.59166666667   17.90210   186.52064              -141.256    140.016    4096
       1752 14.60000000000   18.12508   186.50313              -141.661    138.645    4096
       1753 14.60833333333   18.34838   186.48584              -142.156    137.522    4096
       1754 14.61666666667   18.57200   186.46876              -142.561    127.329    4096
       1755 14.62500000000   18.79595   186.45188              -143.022    134.695    4096
       1756 14.63333333333   19.02022   186.43521              -143.402    140.834    4096
       1757 14.64166666667   19.24481   186.41875              -143.826    143.023    4096
       1758 14.65000000000   19.46972   186.40248              -144.272    147.630    4096
       1759 14.65833333333   19.69496   186.38641              -144.836    145.184    4096
       1760 14.66666666667   19.92051   186.37054              -145.214    136.447    4096
       1761 14.67500000000   20.14638   186.35486              -145.605    144.775    4096
       1762 14.68333333333   20.37257   186.33937              -145.993    137.446    4096
       1763 14.69166666667   20.59908   186.32406              -146.367    135.514    4096
       1764 14.70000000000   20.82590   186.30894              -146.644    133.848    4096
       1765 14.70833333333   21.05304   186.29400              -146.990    130.051    4096
       1766 14.71666666667   21.28050   186.27923              -147.345    129.080    4096
       1767 14.72500000000   21.50826   186.26464              -147.643    136.999    4096
       1768 14.73333333333   21.73634   186.25023              -147.988    127.890    4096
       1769 14.74166666667   21.96473   186.23598              -148.288    134.543    4096
       1770 14.75000000000   22.19343   186.22190              -148.666    132.097    4096
       1771 14.75833333333   22.42244   186.20798              -148.986    138.902    4096
       1772 14.76666666667   22.65176   186.19422              -149.356    130.726    4096
       1773 14.77500000000   22.88139   186.18062              -149.613    124.359    4096
       1774 14.78333333333   23.11133   186.16718              -149.935    117.630    4096
       1775 14.79166666667   23.34157   186.15388              -150.269    111.386    4096
       1776 14.80000000000   23.57211   186.14073              -150.538    127.338    4096
       1777 14.80833333333   23.80296   186.12773              -150.863    121.608    4096
       1778 14.81666666667   24.03412   186.11487              -151.172    128.452    4096
       1779 14.82500000000   24.26557   186.10215              -151.577    127.890    4096
       1780 14.83333333333   24.49733   186.08956              -151.872    122.313    4096
       1781 14.84166666667   24.72938   186.07710              -152.183  -2312.890    4096
       1782 14.85000000000   24.96174   186.06478              -152.462    123.131    4096
       1783 14.85833333333   25.19439   186.05258              -152.703    126.377    4096
       1784 14.86666666667   25.42735   186.04050              -153.037    129.384    4096
       1785 14.87500000000   25.66059   186.02854              -153.349    127.338    4096
       1786 14.88333333333   25.89414   186.01669              -153.676    112.614    4096
       1787 14.89166666667   26.12797   186.00495              -153.966    123.959    4096
       1788 14.90000000000   26.36210   185.99333              -154.284    125.853    4096
       1789 14.90833333333   26.59652   185.98181              -154.589    106.932    4096
       1790 14.91666666667   26.83124   185.97038              -154.915    121.761    4096
       1791 14.92500000000   27.06624   185.95906              -155.148    111.681    4096
       1792 14.93333333333   27.30153   185.94783              -155.487    116.592    4096
       1793 14.94166666667   27.53711   185.93669              -155.746    111.272    4096
       1794 14.95000000000   27.77298   185.92563             18884.894  -2319.286    4096
       1795 14.95833333333   28.00913   185.91466            -14993.406    116.145    4096
       1796 14.96666666667   28.24556   185.90377             18884.323    106.513    4096
       1797 14.97500000000   28.48228   185.89295              -156.930    113.575    4096
       1798 14.98333333333   28.71929   185.88220              -157.153    118.639    4096
       1799 14.99166666667   28.95657   185.87151              -157.504    125.330    4096
       1800 15.00000000000   29.19413   185.86089              -157.720    113.575    4096
       1801 15.00833333333   29.43197   185.85033              -158.007    125.444    4096
       1802 15.01666666667   29.67009   185.83982              -158.310    115.365    4096
       1803 15.02500000000   29.90848   185.82936              -158.517    124.768    4096
       1804 15.03333333333   30.14715   185.81895              -158.812    110.749    4096
       1805 15.04166666667   30.38610   185.80858              -159.059    104.172    4096
       1806 15.05000000000   30.62531   185.79825              -159.328    118.782    4096
       1807 15.05833333333   30.86480   185.78794              -159.517    113.994    4096
       1808 15.06666666667   31.10456   185.77767              -159.819    124.064    4096
       1809 15.07500000000   31.34458   185.76742             18880.868  -2306.494    4096
       1810 15.08333333333   31.58488   185.75719              -160.287    123.131    4096
       1811 15.09166666667   31.82544   185.74697              -160.544    111.424    4096
       1812 15.10000000000   32.06626   185.73676              -160.772    117.668    4096
       1813 15.10833333333   32.30735   185.72656              -161.001    128.975    4096
       1814 15.11666666667   32.54871   185.71636              -161.200    107.589    4096
       1815 15.12500000000   32.79032   185.70615              -161.405    121.351    4096
       1816 15.13333333333   33.03219   185.69593              -161.597    117.002    4096
       1817 15.14166666667   33.27432   185.68569              -161.829    121.085    4096
       1818 15.15000000000   33.51671   185.67544              -161.987    112.357    4096
       1819 15.15833333333   33.75935   185.66515              -162.265    116.040    4096
       1820 15.16666666667   34.00225   185.65484              -162.418    122.018    4096
       1821 15.17500000000   34.24540   185.64449              -162.690    131.688    4096
       1822 15.18333333333   34.48880   185.63410              -162.894    117.525    4096
       1823 15.19166666667   34.73245   185.62366              -163.034    122.988    4096
       1824 15.20000000000   34.97635   185.61316              -163.224    118.344    4096
       1825 15.20833333333   35.22050   185.60261              -163.458    120.676    4096
       1826 15.21666666667   35.46489   185.59199              -163.624    115.222    4096
       1827 15.22500000000   35.70953   185.58130              -163.781    121.865    4096
       1828 15.23333333333   35.95441   185.57054              -163.983    124.625    4096
       1829 15.24166666667   36.19953   185.55969              -164.117    110.158    4096
       1830 15.25000000000   36.44489   185.54875              -164.350    121.094    4096
       1831 15.25833333333   36.69048   185.53771              -164.523    113.880    4096
       1832 15.26666666667   36.93632   185.52657              -164.693    104.476    4096
       1833 15.27500000000   37.18238   185.51533             18876.171  -2331.964    4096
       1834 15.28333333333   37.42868   185.50396              -164.975    113.176    4096
       1835 15.29166666667   37.67522   185.49248              -165.182    119.162    4096
       1836 15.30000000000   37.92198   185.48086              -165.393    108.417    4096
       1837 15.30833333333   38.16897   185.46911              -165.510    102.421    4096
       1838 15.31666666667   38.41618   185.45721              -165.681    101.983    4096
       1839 15.32500000000   38.66362   185.44517              -165.756    103.249    4096
       1840 15.33333333333   38.91128   185.43296              -165.965    107.589    4096
       1841 15.34166666667   39.15917   185.42059              -166.073    102.687    4096
       1842 15.35000000000   39.40727   185.40804              -166.207     97.928    4096
       1843 15.35833333333   39.65559   185.39532              -166.368    107.294    4096
       1844 15.36666666667   39.90413   185.38240              -166.500    107.075    4096
       1845 15.37500000000   40.15288   185.36928              -166.573    107.598    4096
       1846 15.38333333333   40.40184   185.35596              -166.758    103.763    4096
       1847 15.39166666667   40.65101   185.34243              -166.911    104.172    4096
       1848 15.40000000000   40.90039   185.32867              -166.980  -2330.727    4096
       1849 15.40833333333   41.14998   185.31467              -167.149    114.546    4096
       1850 15.41666666667   41.39977   185.30044              -167.266    112.919    4096
       1851 15.42500000000   41.64976   185.28596              -167.423    108.264    4096
       1852 15.43333333333   41.89995   185.27122              -167.589    116.964    4096
       1853 15.44166666667   42.15034   185.25620              -167.720    113.176    4096
       1854 15.45000000000   42.40093   185.24091              -167.882    116.183    4096
       1855 15.45833333333   42.65172   185.22534              -168.028    114.546    4096
       1856 15.46666666667   42.90269   185.20946              -168.181    105.552    4096
       1857 15.47500000000   43.15385   185.19327              -168.310    109.787    4096
       1858 15.48333333333   43.40521   185.17677              -168.432    104.210    4096
       1859 15.49166666667   43.65675   185.15993              -168.519    105.400    4096
       1860 15.50000000000   43.90847   185.14275              -168.645    107.037    4096
       1861 15.50833333333   44.16037   185.12522              -168.797    103.096    4096
       1862 15.51666666667   44.41245   185.10733              -168.941    103.391    4096
       1863 15.52500000000   44.66471   185.08906              -169.092    100.346    4096
       1864 15.53333333333   44.91715   185.07040              -169.250    105.257    4096
       1865 15.54166666667   45.16975   185.05135              -169.431  -2326.900    4096
       1866 15.55000000000   45.42253   185.03188              -169.583  -2332.221    4096
       1867 15.55833333333   45.67547   185.01198              -169.701    109.902    4096
       1868 15.56666666667   45.92858   184.99165              -169.860    113.328    4096
       1869 15.57500000000   46.18185   184.97087              -170.001    115.222    4096
       1870 15.58333333333   46.43529   184.94963              -170.156    114.803    4096
       1871 15.59166666667   46.68888   184.92790              -170.337    114.698    4096
       1872 15.60000000000   46.94262   184.90568              -170.530    117.563    4096
       1873 15.60833333333   47.19652   184.88296              -170.717  -2326.900    4096
       1874 15.61666666667   47.45057   184.85971              -170.860    104.838    4096
       1875 15.62500000000   47.70476   184.83593              -170.989    111.539    4096
       1876 15.63333333333   47.95910   184.81160              -171.153    107.855    4096
       1877 15.64166666667   48.21358   184.78669              -171.317    108.712    4096
       1878 15.65000000000   48.46820   184.76120              -171.465    109.492    4096
       1879 15.65833333333   48.72296   184.73511              -171.633    103.096    4096
       1880 15.66666666667   48.97785   184.70840              -171.780    111.015    4096
       1881 15.67500000000   49.23287   184.68105              -171.945    104.733    4096
       1882 15.68333333333   49.48802   184.65305              -172.021     97.671    4096
       1883 15.69166666667   49.74329   184.62438              -172.138    102.430    4096
       1884 15.70000000000   49.99869   184.59502              -172.282    102.125    4096
       1885 15.70833333333   50.25420   184.56494              -172.362     96.853    4096
       1886 15.71666666667   50.50983   184.53414                 8.842     93.988    4098
       1887 15.72500000000   50.76557   184.50258                 6.402    104.733    4098
       1888 15.73333333333   51.02142   184.47026                 6.278    102.164    4098
       1889 15.74166666667   51.27738   184.43714                 6.173    102.021    4098
       1890 15.75000000000   51.53344   184.40320                10.671    105.143    4096
       1891 15.75833333333   51.78960   184.36843                10.598     95.216    4096
       1892 15.76666666667   52.04586   184.33280                 1.222    105.504    4098
       1893 15.77500000000   52.30221   184.29629                 0.000      0.000    5200
       1894 15.78333333333   52.55864   184.25886                 7.941    106.932    4096
       1895 15.79166666667   52.81517   184.22051                 0.000      0.000    5200
       1896 15.80000000000   53.07177   184.18119                 3.039    106.922    4096
       1897 15.80833333333   53.32846   184.14089                 7.572    106.370    4096
       1898 15.81666666667   53.58522   184.09958                 7.476    102.801    4096
       1899 15.82500000000   53.84205   184.05724                 7.342    104.181    4096
       1900 15.83333333333   54.09894   184.01382                 7.265    100.755    4096
       1901 15.84166666667   54.35590   183.96930                 4.792    107.589    4098
       1902 15.85000000000   54.61292   183.92366                14.007     95.996    4098
       1903 15.85833333333   54.86999   183.87686                13.873    104.324    4096
       1904 15.86666666667   55.12712   183.82888                 9.092    102.011    4098
       1905 15.87500000000   55.38429   183.77966             19054.549  -2337.084    4096
       1906 15.88333333333   55.64150   183.72920                13.500     99.718    4098
       1907 15.89166666667   55.89875   183.67744                 4.053    111.424    4096
       1908 15.90000000000   56.15604   183.62435                 0.000      0.000    5200
       1909 15.90833333333   56.41335   183.56990                 0.000      0.000    5232
       1910 15.91666666667   56.67069   183.51405                15.270    102.125    4096
       1911 15.92500000000   56.92805   183.45676                15.158  -2335.343    4098
       1912 15.93333333333   57.18542   183.39800                17.352     98.604    4096
       1913 15.94166666667   57.44280   183.33770                 0.000      0.000    5200
       1914 15.95000000000   57.70019   183.27585                14.801    101.307    4096
       1915 15.95833333333   57.95758   183.21239                17.021     98.490    4098
       1916 15.96666666667   58.21496   183.14727                16.916     99.308    4098
       1917 15.97500000000   58.47233   183.08046                 0.000      0.000    5200
       1918 15.98333333333   58.72968   183.01189                18.993    100.641    4096
       1919 15.99166666667   58.98702   182.94153                25.857     94.359    4096
       1920 16.00000000000   59.24432   182.86932                23.439     97.072    4098
       1921 16.00833333333   59.50159   182.79521                27.978     96.815    4098
       1922 16.01666666667   59.75882   182.71915                 0.000      0.000    5200
       1923 16.02500000000   60.01601   182.64107                27.663     94.806    4096
       1924 16.03333333333   60.27314   182.56092                 0.000      0.000    5200
       1925 16.04166666667   60.53022   182.47864                25.016     97.224    4096
       1926 16.05000000000   60.78723   182.39416                29.504    101.202    4096
       1927 16.05833333333   61.04417   182.30743                 0.000      0.000    5200
       1928 16.06666666667   61.30103   182.21838                 0.000      0.000    5232
       1929 16.07500000000   61.55781   182.12693                29.049    101.459    4096
       1930 16.08333333333   61.81449   182.03303                31.242     99.422    4096
       1931 16.09166666667   62.07107   181.93658                 0.000      0.000    5200
       1932 16.10000000000   62.32755   181.83752                33.339     97.662    4096
       1933 16.10833333333   62.58391   181.73577                 0.000      0.000    5200
       1934 16.11666666667   62.84014   181.63125                33.152     97.776    4096
       1935 16.12500000000   63.09624   181.52387                33.058    101.307    4098
       1936 16.13333333333   63.35220   181.41354                30.598    103.658    4096
       1937 16.14166666667   63.60802   181.30018                32.839  -2339.845    4098
       1938 16.15000000000   63.86367   181.18370                35.083     93.845    4096
       1939 16.15833333333   64.11915   181.06398                32.662     99.527    4098
       1940 16.16666666667   64.37446   180.94094                 0.000      0.000    5200
       1941 16.17500000000   64.62958   180.81446                30.139  -2334.534    4096
       1942 16.18333333333   64.88450   180.68445                34.694    100.898    4098
       1943 16.19166666667   65.13922   180.55078                 0.000      0.000    5200
       1944 16.20000000000   65.39371   180.41334                 0.000      0.000    5232
       1945 16.20833333333   65.64797   180.27201                 0.000      0.000    5200
       1946 16.21666666667   65.90200   180.12666                 0.000      0.000    5200
       1947 16.22500000000   66.15576   179.97716                 0.000      0.000    5200
       1948 16.23333333333   66.40926   179.82338                 0.000      0.000    5200
       1949 16.24166666667   66.66249   179.66517                34.090     94.921    4096
       1950 16.25000000000   66.91541   179.50239                 0.000      0.000    5200
       1951 16.25833333333   67.16804   179.33487                 0.000      0.000    5232
       1952 16.26666666667   67.42034   179.16248                33.882     99.974    4096
       1953 16.27500000000   67.67230   178.98502                 0.000      0.000    5200
       1954 16.28333333333   67.92392   178.80235                31.460    101.307    4096
       1955 16.29166666667   68.17516   178.61426                31.445     95.996    4096
       1956 16.30000000000   68.42603   178.42059                33.746     97.376    4096
       1957 16.30833333333   68.67649   178.22112                36.051     97.367    4096
       1958 16.31666666667   68.92653   178.01567                 0.000      0.000    5200
       1959 16.32500000000   69.17614   177.80401                31.287  -2333.296    4096
       1960 16.33333333333   69.42529   177.58593                 0.000      0.000    5232
       1961 16.34166666667   69.67396   177.36119                 0.000      0.000    5232
       1962 16.35000000000   69.92213   177.12956                 0.000      0.000    5200
       1963 16.35833333333   70.16979   176.89079                 0.000      0.000    5232
       1964 16.36666666667   70.41690   176.64460                35.653     97.224    4096
       1965 16.37500000000   70.66344   176.39074                 0.000      0.000    5200
       1966 16.38333333333   70.90940   176.12891                 0.000      0.000    5200
       1967 16.39166666667   71.15473   175.85881                35.596     98.071    4096
       1968 16.40000000000   71.39942   175.58014                 0.000      0.000    5232
       1969 16.40833333333   71.64344   175.29257                 0.000      0.000    5200
       1970 16.41666666667   71.88675   174.99576                 0.000      0.000    5200
       1971 16.42500000000   72.12933   174.68935                 0.000      0.000    5200
       1972 16.43333333333   72.37114   174.37297                 0.000      0.000    5200
       1973 16.44166666667   72.61215   174.04624                 0.000      0.000    5200
       1974 16.45000000000   72.85232   173.70875                 0.000      0.000    5200
       1975 16.45833333333   73.09162   173.36007                 0.000      0.000    5232
       1976 16.46666666667   73.33000   172.99976                40.040     97.490    4096
       1977 16.47500000000   73.56743   172.62735                 0.000      0.000    5200
       1978 16.48333333333   73.80385   172.24237                 0.000      0.000    5200
       1979 16.49166666667   74.03923   171.84430                39.970     97.900    4096
       1980 16.50000000000   74.27352   171.43262                 0.000      0.000    5200
       1981 16.50833333333   74.50666   171.00676                 0.000      0.000    5200
       1982 16.51666666667   74.73860   170.56615                 0.000      0.000    5200
       1983 16.52500000000   74.96929   170.11018                 0.000      0.000    5200
       1984 16.53333333333   75.19866   169.63822                 0.000      0.000    5200
       1985 16.54166666667   75.42665   169.14962                 0.000      0.000    5200
       1986 16.55000000000   75.65321   168.64367                 0.000      0.000    5232
       1987 16.55833333333   75.87824   168.11966                 0.000      0.000    5200
       1988 16.56666666667   76.10170   167.57684                 0.000      0.000    5200
       1989 16.57500000000   76.32348   167.01444                 0.000      0.000    5200
       1990 16.58333333333   76.54352   166.43163                 0.000      0.000    5200
       1991 16.59166666667   76.76173   165.82757                 0.000      0.000    5200
       1992 16.60000000000   76.97802   165.20139                 0.000      0.000    5200
       1993 16.60833333333   77.19228   164.55217                 0.000      0.000    5200
       1994 16.61666666667   77.40442   163.87897                42.015     96.548    4096
       1995 16.62500000000   77.61433   163.18083                 0.000      0.000    5200
       1996 16.63333333333   77.82189   162.45673                41.893     96.957    4096
       1997 16.64166666667   78.02699   161.70565                41.859     92.056    4096
       1998 16.65000000000   78.22950   160.92652                44.163     92.465    4098
       1999 16.65833333333   78.42928   160.11827                 0.000      0.000    5200
       2000 16.66666666667   78.62620   159.27980                 0.000      0.000    5200
       2001 16.67500000000   78.82011   158.40997                 0.000      0.000    5200
       2002 16.68333333333   79.01084   157.50768                 0.000      0.000    5200
       2003 16.69166666667   79.19823   156.57179                 0.000      0.000    5200
       2004 16.70000000000   79.38212   155.60116                 0.000      0.000    5200
       2005 16.70833333333   79.56232   154.59470                 0.000      0.000    5200
       2006 16.71666666667   79.73864   153.55131                 0.000      0.000    5200
       2007 16.72500000000   79.91088   152.46995                 0.000      0.000    5200
       2008 16.73333333333   80.07883   151.34961                 0.000      0.000    5232
       2009 16.74166666667   80.24229   150.18937                 0.000      0.000    5200
       2010 16.75000000000   80.40101   148.98838                48.040     92.208    4096
       2011 16.75833333333   80.55478   147.74591                 0.000      0.000    5200
       2012 16.76666666667   80.70335   146.46135                 0.000      0.000    5200
       2013 16.77500000000   80.84647   145.13424                 0.000      0.000    5232
       2014 16.78333333333   80.98390   143.76431                 0.000      0.000    5200
       2015 16.79166666667   81.11538   142.35146                 0.000      0.000    5200
       2016 16.80000000000   81.24064   140.89587                 0.000      0.000    5200
       2017 16.80833333333   81.35943   139.39791                47.442     92.351    4096
       2018 16.81666666667   81.47148   137.85830                 0.000      0.000    5200
       2019 16.82500000000   81.57653   136.27800                51.983     90.419    4096
       2020 16.83333333333   81.67433   134.65834                 0.000      0.000    5200
       2021 16.84166666667   81.76463   133.00098                 0.000      0.000    5200
       2022 16.85000000000   81.84719   131.30791                 0.000      0.000    5200
       2023 16.85833333333   81.92179   129.58151                51.828     95.435    4096
       2024 16.86666666667   81.98820   127.82449                49.481     96.148    4096
       2025 16.87500000000   82.04625   126.03993                51.791     90.714    4098
       2026 16.88333333333   82.09575   124.23123                54.112     91.132    4098
       2027 16.89166666667   82.13656   122.40207                 0.000      0.000    5200
       2028 16.90000000000   82.16856   120.55642                51.810  -2346.126    4096
       2029 16.90833333333   82.19164   118.69847                 0.000      0.000    5200
       2030 16.91666666667   82.20575   116.83256                 0.000      0.000    5200
       2031 16.92500000000   82.21084   114.96315                 0.000      0.000    5232
       2032 16.93333333333   82.20692   113.09476                 0.000      0.000    5200
       2033 16.94166666667   82.19400   111.23190                 0.000      0.000    5200
       2034 16.95000000000   82.17216   109.37899                 0.000      0.000    5200
       2035 16.95833333333   82.14148   107.54032                 0.000      0.000    5200
       2036 16.96666666667   82.10207   105.72002                 0.000      0.000    5232
       2037 16.97500000000   82.05408   103.92194                49.658     94.102    4096
       2038 16.98333333333   81.99769   102.14970                 0.000      0.000    5200
       2039 16.99166666667   81.93308   100.40656                 0.000      0.000    5200
       2040 17.00000000000   81.86046    98.69549                 0.000      0.000    5200
       2041 17.00833333333   81.78006    97.01907                49.714     92.313    4096
       2042 17.01666666667   81.69213    95.37954                 0.000      0.000    5200
       2043 17.02500000000   81.59691    93.77880                47.459     93.027    4096
       2044 17.03333333333   81.49466    92.21836                 0.000      0.000    5200
       2045 17.04166666667   81.38566    90.69944                 0.000      0.000    5200
       2046 17.05000000000   81.27017    89.22290                 0.000      0.000    5200
       2047 17.05833333333   81.14845    87.78934                 0.000      0.000    5200
       2048 17.06666666667   81.02079    86.39906                 0.000      0.000    5200
       2049 17.07500000000   80.88744    85.05214                 0.000      0.000    5200
       2050 17.08333333333   80.74867    83.74841                 0.000      0.000    5232
       2051 17.09166666667   80.60473    82.48754                 0.000      0.000    5200
       2052 17.10000000000   80.45587    81.26901                 0.000      0.000    5200
       2053 17.10833333333   80.30233    80.09216                47.276     99.413    4096
       2054 17.11666666667   80.14436    78.95623                 0.000      0.000    5200
       2055 17.12500000000   79.98216    77.86032                54.080     89.343    4096
       2056 17.13333333333   79.81597    76.80349                 0.000      0.000    5232
       2057 17.14166666667   79.64599    75.78472                 0.000      0.000    5200
       2058 17.15000000000   79.47241    74.80295                46.877     95.730    4096
       2059 17.15833333333   79.29544    73.85708                 0.000      0.000    5200
       2060 17.16666666667   79.11524    72.94599                 0.000      0.000    5200
       2061 17.17500000000   78.93199    72.06855                 0.000      0.000    5200
       2062 17.18333333333   78.74586    71.22363                 0.000      0.000    5232
       2063 17.19166666667   78.55700    70.41011                 0.000      0.000    5200
       2064 17.20000000000   78.36556    69.62688                 0.000      0.000    5232
       2065 17.20833333333   78.17167    68.87283                 0.000      0.000    5200
       2066 17.21666666667   77.97548    68.14690                 0.000      0.000    5232
       2067 17.22500000000   77.77711    67.44804                 0.000      0.000    5200
       2068 17.23333333333   77.57667    66.77523                 0.000      0.000    5200
       2069 17.24166666667   77.37428    66.12747                 0.000      0.000    5200
       2070 17.25000000000   77.17004    65.50379                52.991     93.274    4096
       2071 17.25833333333   76.96406    64.90328                 0.000      0.000    5200
       2072 17.26666666667   76.75644    64.32503                 0.000      0.000    5200
       2073 17.27500000000   76.54725    63.76817                 0.000      0.000    5200
       2074 17.28333333333   76.33659    63.23188                 0.000      0.000    5200
       2075 17.29166666667   76.12454    62.71534                57.711     88.258    4096
       2076 17.30000000000   75.91117    62.21780                 0.000      0.000    5232
       2077 17.30833333333   75.69656    61.73851                 0.000      0.000    5200
       2078 17.31666666667   75.48078    61.27676                 0.000      0.000    5200
       2079 17.32500000000   75.26388    60.83188                 0.000      0.000    5200
       2080 17.33333333333   75.04594    60.40321                 0.000      0.000    5232
       2081 17.34166666667   74.82700    59.99012                 0.000      0.000    5200
       2082 17.35000000000   74.60713    59.59204                 0.000      0.000    5232
       2083 17.35833333333   74.38638    59.20837                53.321     89.752    4096
       2084 17.36666666667   74.16480    58.83858                55.660     85.508    4096
       2085 17.37500000000   73.94243    58.48215                 0.000      0.000    5200
       2086 17.38333333333   73.71932    58.13857                53.370     90.009    4096
       2087 17.39166666667   73.49551    57.80737                53.322     88.258    4096
       2088 17.40000000000   73.27104    57.48809                 0.000      0.000    5232
       2089 17.40833333333   73.04596    57.18030                57.926     84.994    4096
       2090 17.41666666667   72.82029    56.88357                 0.000      0.000    5200
       2091 17.42500000000   72.59407    56.59751                 0.000      0.000    5232
       2092 17.43333333333   72.36734    56.32173                53.160     90.714    4096
       2093 17.44166666667   72.14012    56.05587                53.118     88.410    4098
       2094 17.45000000000   71.91246    55.79958                50.806     91.789    4096
       2095 17.45833333333   71.68436    55.55252                50.792     89.752    4096
       2096 17.46666666667   71.45587    55.31438                53.093     90.866    4096
       2097 17.47500000000   71.22701    55.08484                55.421     90.980    4098
       2098 17.48333333333   70.99781    54.86362                 0.000      0.000    5232
       2099 17.49166666667   70.76828    54.65044                 0.000      0.000    5200
       2100 17.50000000000   70.53845    54.44501                 0.000      0.000    5200
       2101 17.50833333333   70.30835    54.24710                 0.000      0.000    5200
       2102 17.51666666667   70.07798    54.05644                 0.000      0.000    5200
       2103 17.52500000000   69.84738    53.87280                50.760     90.266    4096
       2104 17.53333333333   69.61657    53.69596                55.393     90.714    4096
       2105 17.54166666667   69.38555    53.52570                55.380     89.229    4098
       2106 17.55000000000   69.15435    53.36181                 0.000      0.000    5200
       2107 17.55833333333   68.92299    53.20408                 0.000      0.000    5200
       2108 17.56666666667   68.69147    53.05234                 0.000      0.000    5232
       2109 17.57500000000   68.45983    52.90638                50.822     95.178    4096
       2110 17.58333333333   68.22806    52.76604            -14786.272     95.730    4098
       2111 17.59166666667   67.99619    52.63114                 0.000      0.000    5200
       2112 17.60000000000   67.76423    52.50152                55.505     91.123    4096
       2113 17.60833333333   67.53219    52.37703                 0.000      0.000    5200
       2114 17.61666666667   67.30008    52.25751                 0.000      0.000    5200
       2115 17.62500000000   67.06792    52.14282                 0.000      0.000    5200
       2116 17.63333333333   66.83572    52.03282                 0.000      0.000    5200
       2117 17.64166666667   66.60349    51.92737                 0.000      0.000    5200
       2118 17.65000000000   66.37124    51.82634                 0.000      0.000    5200
       2119 17.65833333333   66.13899    51.72961                 0.000      0.000    5200
       2120 17.66666666667   65.90673    51.63707                48.346     96.291    4096
       2121 17.67500000000   65.67448    51.54859                50.636     92.722    4098
       2122 17.68333333333   65.44226    51.46406                 0.000      0.000    5200
       2123 17.69166666667   65.21006    51.38338                52.902     95.625    4096
       2124 17.70000000000   64.97790    51.30644                 0.000      0.000    5232
       2125 17.70833333333   64.74579    51.23314                 0.000      0.000    5200
       2126 17.71666666667   64.51373    51.16339                 0.000      0.000    5200
       2127 17.72500000000   64.28173    51.09710                 0.000      0.000    5200
       2128 17.73333333333   64.04981    51.03417                 0.000      0.000    5200
       2129 17.74166666667   63.81796    50.97453                55.188     98.080    4096
       2130 17.75000000000   63.58619    50.91807                55.175     95.482    4098
       2131 17.75833333333   63.35452    50.86474                 0.000      0.000    5200
       2132 17.76666666667   63.12294    50.81444                 0.000      0.000    5200
       2133 17.77500000000   62.89147    50.76711                55.223     93.017    4096
       2134 17.78333333333   62.66010    50.72266                50.561     94.245    4096
       2135 17.79166666667   62.42886    50.68104                50.602     94.768    4096
       2136 17.80000000000   62.19773    50.64217                50.573     94.359    4098
       2137 17.80833333333   61.96674    50.60598                 0.000      0.000    5200
       2138 17.81666666667   61.73587    50.57242                55.281     87.858    4096
       2139 17.82500000000   61.50515    50.54142                55.260     88.667    4096
       2140 17.83333333333   61.27457    50.51293                57.568     91.132    4096
       2141 17.84166666667   61.04413    50.48688                50.593     94.959    4098
       2142 17.85000000000   60.81385    50.46322                50.589     91.903    4096
       2143 17.85833333333   60.58373    50.44190                 0.000      0.000    5200
       2144 17.86666666667   60.35377    50.42286                55.250     91.942    4096
       2145 17.87500000000   60.12398    50.40605                48.264     97.072    4096
       2146 17.88333333333   59.89436    50.39143                50.583     95.844    4096
       2147 17.89166666667   59.66491    50.37895                50.591     93.836    4098
       2148 17.90000000000   59.43564    50.36856                 0.000      0.000    5200
       2149 17.90833333333   59.20656    50.36021                52.840     93.017    4096
       2150 17.91666666667   58.97766    50.35387                55.174     93.017    4096
       2151 17.92500000000   58.74895    50.34949                 0.000      0.000    5200
       2152 17.93333333333   58.52044    50.34702                57.511     87.592    4096
       2153 17.94166666667   58.29213    50.34644                55.182     91.389    4096
       2154 17.95000000000   58.06401    50.34770                55.183     92.874    4096
       2155 17.95833333333   57.83610    50.35077                55.185     94.626    4098
       2156 17.96666666667   57.60840    50.35561                52.867     92.760    4098
       2157 17.97500000000   57.38091    50.36218                 0.000      0.000    5200
       2158 17.98333333333   57.15363    50.37044                57.524     88.934    4096
       2159 17.99166666667   56.92657    50.38038                55.200     89.343    4096
       2160 18.00000000000   56.69972    50.39195                 0.000      0.000    5200
       2161 18.00833333333   56.47310    50.40512                50.588    100.384    4096
       2162 18.01666666667   56.24671    50.41986                 0.000      0.000    5200
       2163 18.02500000000   56.02054    50.43615                 0.000      0.000    5232
       2164 18.03333333333   55.79460    50.45395                48.296     95.882    4096
       2165 18.04166666667   55.56889    50.47323                52.999     92.608    4098
       2166 18.05000000000   55.34342    50.49398                53.013     95.625    4096
       2167 18.05833333333   55.11818    50.51615                53.050     90.561    4098
       2168 18.06666666667   54.89319    50.53974                53.093     90.676    4096
       2169 18.07500000000   54.66843    50.56470                53.127     92.465    4096
       2170 18.08333333333   54.44392    50.59102                53.116     91.380    4098
       2171 18.09166666667   54.21966    50.61867                53.161     92.608    4096
       2172 18.10000000000   53.99564    50.64763                53.220     88.258    4096
       2173 18.10833333333   53.77187    50.67787                53.259     89.077    4096
       2174 18.11666666667   53.54836    50.70938                53.249  -2350.438    4096
       2175 18.12500000000   53.32509    50.74213                53.270     86.888    4096
       2176 18.13333333333   53.10209    50.77611                53.307     93.550    4096
       2177 18.14166666667   52.87934    50.81128                53.360     98.709    4096
       2178 18.15000000000   52.65685    50.84764                53.430     90.828    4096
       2179 18.15833333333   52.43461    50.88516                53.410     90.685    4096
       2180 18.16666666667   52.21265    50.92382                53.440     90.561    4096
       2181 18.17500000000   51.99094    50.96361                53.446     87.554    4096
       2182 18.18333333333   51.76950    51.00450                53.475     83.766    4096
       2183 18.19166666667   51.54833    51.04648                53.433     91.685    4096
       2184 18.20000000000   51.32742    51.08953                53.500     91.789    4096
       2185 18.20833333333   51.10678    51.13364                53.486     93.731    4096
       2186 18.21666666667   50.88642    51.17879                53.526     93.169    4096
       2187 18.22500000000   50.66632    51.22495                53.494     87.411    4096
       2188 18.23333333333   50.44651    51.27213                53.496     98.185    4096
       2189 18.24166666667   50.22696    51.32030                53.508     93.169    4096
       2190 18.25000000000   50.00769    51.36944                53.508     95.730    4096
       2191 18.25833333333   49.78870    51.41954                53.492     95.882    4096
       2192 18.26666666667   49.56998    51.47060                53.519     92.056    4096
       2193 18.27500000000   49.35155    51.52258                53.503     91.646    4096
       2194 18.28333333333   49.13339    51.57549                53.499     93.322    4096
       2195 18.29166666667   48.91552    51.62930                53.460  -2340.406    4096
       2196 18.30000000000   48.69793    51.68401                53.478     94.397    4096
       2197 18.30833333333   48.48062    51.73960                53.445     94.245    4096
       2198 18.31666666667   48.26360    51.79606                53.455     91.903    4096
       2199 18.32500000000   48.04686    51.85337                53.461     86.326    4096
       2200 18.33333333333   47.83041    51.91153                53.415     90.009    4096
       2201 18.34166666667   47.61424    51.97053                53.413     92.094    4096
       2202 18.35000000000   47.39837    52.03034                53.419     92.198    4096
       2203 18.35833333333   47.18278    52.09096                53.363     93.284    4096
       2204 18.36666666667   46.96748    52.15239                53.368     95.882    4096
       2205 18.37500000000   46.75247    52.21460                53.362  -2338.208    4096
       2206 18.38333333333   46.53775    52.27760                53.350     96.405    4096
       2207 18.39166666667   46.32332    52.34136                53.328     91.532    4096
       2208 18.40000000000   46.10918    52.40588                53.346     90.714    4096
       2209 18.40833333333   45.89534    52.47114                53.289     94.102    4096
       2210 18.41666666667   45.68179    52.53715                53.253     94.921    4096
       2211 18.42500000000   45.46853    52.60388                53.237     98.442    4096
       2212 18.43333333333   45.25557    52.67134                53.245     96.291    4096
       2213 18.44166666667   45.04291    52.73951                53.204     96.558    4096
       2214 18.45000000000   44.83054    52.80838            -14783.863     99.832    4096
       2215 18.45833333333   44.61846    52.87794                53.196    103.506    4096
       2216 18.46666666667   44.40668    52.94819                53.213    102.944    4096
       2217 18.47500000000   44.19520    53.01911                53.227    102.316    4096
       2218 18.48333333333   43.98402    53.09071                53.216    103.353    4096
       2219 18.49166666667   43.77313    53.16296                53.209    103.506    4096
       2220 18.50000000000   43.56254    53.23587                53.230    104.591    4096
       2221 18.50833333333   43.35225    53.30942                53.236    110.711    4096
       2222 18.51666666667   43.14226    53.38360                53.254    105.552    4096
       2223 18.52500000000   42.93257    53.45842                53.272    102.392    4096
       2224 18.53333333333   42.72318    53.53386                53.288    100.755    4096
       2225 18.54166666667   42.51408    53.60992                53.317     95.320    4096
       2226 18.55000000000   42.30529    53.68658                53.306     96.815    4096
       2227 18.55833333333   42.09680    53.76385                53.364    102.801    4096
       2228 18.56666666667   41.88861    53.84171                53.387    100.079    4096
       2229 18.57500000000   41.68072    53.92015                53.408     96.405    4096
       2230 18.58333333333   41.47313    53.99918                53.421     96.558    4096
       2231 18.59166666667   41.26584    54.07879                53.406     99.556    4096
       2232 18.60000000000   41.05885    54.15896                53.431     94.664    4096
       2233 18.60833333333   40.85216    54.23969                53.470     93.426    4096
       2234 18.61666666667   40.64578    54.32099                53.488     96.139    4096
       2235 18.62500000000   40.43969    54.40283                53.512     90.971    4096
       2236 18.63333333333   40.23391    54.48521                53.524     84.175    4096
       2237 18.64166666667   40.02843    54.56814                53.541     89.743    4096
       2238 18.65000000000   39.82326    54.65160                53.544     92.198    4096
       2239 18.65833333333   39.61838    54.73558                53.542     90.714    4096
       2240 18.66666666667   39.41381    54.82009                53.587     89.752    4096
       2241 18.67500000000   39.20954    54.90511                53.595     89.048    4096
       2242 18.68333333333   39.00557    54.99064                53.599     85.393    4096
       2243 18.69166666667   38.80190    55.07668                53.619     87.297    4096
       2244 18.70000000000   38.59854    55.16323                53.589     85.955    4096
       2245 18.70833333333   38.39547    55.25026                53.645     85.964    4096
       2246 18.71666666667   38.19271    55.33779                53.676     77.627    4096
       2247 18.72500000000   37.99025    55.42580                53.679     78.341    4096
       2248 18.73333333333   37.78810    55.51430                53.699     82.690    4096
       2249 18.74166666667   37.58624    55.60327                53.728     83.613    4096
       2250 18.75000000000   37.38469    55.69271                53.740     77.884    4096
       2251 18.75833333333   37.18344    55.78262                53.742     77.779    4096
       2252 18.76666666667   36.98248    55.87299                53.733     75.580    4096
       2253 18.77500000000   36.78184    55.96382                53.765     83.061    4096
       2254 18.78333333333   36.58149    56.05510                53.796     98.042    4096
       2255 18.79166666667   36.38144    56.14684                53.869     92.198    4096
       2256 18.80000000000   36.18169    56.23902                53.898     81.196    4096
       2257 18.80833333333   35.98225    56.33163                53.894     83.909    4096
       2258 18.81666666667   35.78310    56.42469                53.907     87.297    4096
       2259 18.82500000000   35.58426    56.51818                53.840     85.146    4096
       2260 18.83333333333   35.38571    56.61209                53.861     88.220    4096
       2261 18.84166666667   35.18747    56.70644                53.891     92.056    4096
       2262 18.85000000000   34.98952    56.80120                53.950     86.888    4096
       2263 18.85833333333   34.79188    56.89638                53.885     86.583    4096
       2264 18.86666666667   34.59453    56.99197                53.897     93.284    4096
       2265 18.87500000000   34.39748    57.08797                53.905    101.050    4096
       2266 18.88333333333   34.20073    57.18438                53.915     92.056    4096
       2267 18.89166666667   34.00428    57.28119                53.915     93.131    4096
       2268 18.90000000000   33.80813    57.37840                54.013     96.405    4096
       2269 18.90833333333   33.61227    57.47600                53.991     91.123    4096
       2270 18.91666666667   33.41671    57.57400                53.976     93.027    4096
       2271 18.92500000000   33.22145    57.67238                54.013     92.760    4096
       2272 18.93333333333   33.02649    57.77115                54.008     92.198    4096
       2273 18.94166666667   32.83182    57.87030                54.092     91.380    4096
       2274 18.95000000000   32.63745    57.96982                54.077     86.336    4096
       2275 18.95833333333   32.44337    58.06973                54.089     94.768    4096
       2276 18.96666666667   32.24959    58.17000                54.189     94.511    4096
       2277 18.97500000000   32.05610    58.27064                54.238    100.641    4096
       2278 18.98333333333   31.86291    58.37165                54.286     93.426    4096
       2279 18.99166666667   31.67001    58.47302                54.284     98.185    4096
       2280 19.00000000000   31.47740    58.57475                54.377     96.853    4096
       2281 19.00833333333   31.28509    58.67684                54.513     89.895    4096
       2282 19.01666666667   31.09307    58.77927                54.519     89.229    4096
       2283 19.02500000000   30.90135    58.88206                54.572     86.478    4096
       2284 19.03333333333   30.70991    58.98520                54.637     90.009    4096
       2285 19.04166666667   30.51877    59.08868                54.660     87.297    4096
       2286 19.05000000000   30.32792    59.19250                54.697     84.879    4096
       2287 19.05833333333   30.13736    59.29666                54.722     90.419    4096
       2288 19.06666666667   29.94709    59.40116                54.776     84.841    4096
       2289 19.07500000000   29.75710    59.50599                54.866     95.473    4096
       2290 19.08333333333   29.56741    59.61115                54.976     90.561    4096
       2291 19.09166666667   29.37801    59.71664                54.990     88.410    4096
       2292 19.10000000000   29.18889    59.82245                55.010     95.730    4096
       2293 19.10833333333   29.00006    59.92859                55.086     92.351    4096
       2294 19.11666666667   28.81152    60.03505                55.161     90.714    4096
       2295 19.12500000000   28.62327    60.14182                55.233     82.795    4096
       2296 19.13333333333   28.43530    60.24891                55.345     89.638    4096
       2297 19.14166666667   28.24762    60.35631                55.395     86.621    4096
       2298 19.15000000000   28.06022    60.46402                55.456     81.872    4096
       2299 19.15833333333   27.87310    60.57204                55.511     85.098    4096
       2300 19.16666666667   27.68627    60.68037                55.621     86.069    4096
       2301 19.17500000000   27.49973    60.78899                55.720     84.841    4096
       2302 19.18333333333   27.31346    60.89792                55.823     84.023    4096
       2303 19.19166666667   27.12748    61.00715                55.907     92.722    4096
       2304 19.20000000000   26.94178    61.11667                56.007     83.347    4096
       2305 19.20833333333   26.75636    61.22648                56.050     88.220    4096
       2306 19.21666666667   26.57123    61.33659                56.133  -2341.624    4096
       2307 19.22500000000   26.38637    61.44698                56.226     88.115    4096
       2308 19.23333333333   26.20179    61.55766                56.292     88.220    4096
       2309 19.24166666667   26.01749    61.66863                56.381     93.579    4096
       2310 19.25000000000   25.83346    61.77987                56.417     96.253    4096
       2311 19.25833333333   25.64972    61.89140                56.566     86.221    4096
       2312 19.26666666667   25.46625    62.00321                56.639     96.139    4096
       2313 19.27500000000   25.28306    62.11529                56.702     90.714    4096
       2314 19.28333333333   25.10014    62.22764                56.757     93.540    4096
       2315 19.29166666667   24.91750    62.34027                56.726     96.967    4096
       2316 19.30000000000   24.73513    62.45316                56.837     96.443    4096
       2317 19.30833333333   24.55304    62.56632                56.992  -2336.571    4096
       2318 19.31666666667   24.37121    62.67975                57.035     99.156    4096
       2319 19.32500000000   24.18966    62.79344                57.124     97.262    4096
       2320 19.33333333333   24.00839    62.90740                57.192     93.988    4096
       2321 19.34166666667   23.82738    63.02161                57.337     87.411    4096
       2322 19.35000000000   23.64664    63.13608                57.372     90.047    4096
       2323 19.35833333333   23.46618    63.25080                57.430     83.756    4096
       2324 19.36666666667   23.28598    63.36578                57.400     85.517    4096
       2325 19.37500000000   23.10605    63.48101                57.494    101.869    4096
       2326 19.38333333333   22.92638    63.59649                57.649     97.376    4096
       2327 19.39166666667   22.74699    63.71222                57.710     94.502    4096
       2328 19.40000000000   22.56786    63.82819                57.795     91.504    4096
       2329 19.40833333333   22.38899    63.94440                57.864    102.278    4096
       2330 19.41666666667   22.21039    64.06086                57.978     97.519    4096
       2331 19.42500000000   22.03206    64.17756                57.956    101.612    4096
       2332 19.43333333333   21.85398    64.29450                58.101     97.928    4096
       2333 19.44166666667   21.67617    64.41168                58.166    101.307    4096
       2334 19.45000000000   21.49862    64.52909                58.238    104.467    4096
       2335 19.45833333333   21.32134    64.64673                58.338     91.799    4096
       2336 19.46666666667   21.14431    64.76460                58.405     93.950    4096
       2337 19.47500000000   20.96754    64.88271                58.505     98.185    4096
       2338 19.48333333333   20.79103    65.00104                58.660    106.770    4096
       2339 19.49166666667   20.61478    65.11959                58.614    104.429    4096
       2340 19.50000000000   20.43879    65.23838                58.624    102.839    4096
       2341 19.50833333333   20.26305    65.35738                58.702    111.529    4096
       2342 19.51666666667   20.08757    65.47661                58.691    105.295    4096
       2343 19.52500000000   19.91234    65.59605                58.667    103.096    4096
       2344 19.53333333333   19.73737    65.71572                58.661     99.013    4096
       2345 19.54166666667   19.56265    65.83559                58.702     97.785    4096
       2346 19.55000000000   19.38819    65.95569                58.782    108.788    4096
       2347 19.55833333333   19.21397    66.07599                58.753    103.391    4096
       2348 19.56666666667   19.04001    66.19651                58.860    104.733    4096
       2349 19.57500000000   18.86630    66.31724                58.896    111.386    4096
       2350 19.58333333333   18.69283    66.43817                58.913    106.780    4096
       2351 19.59166666667   18.51962    66.55931                58.985     98.042    4096
       2352 19.60000000000   18.34665    66.68066                58.928     96.405    4096
       2353 19.60833333333   18.17393    66.80221                59.040    107.037    4096
       2354 19.61666666667   18.00146    66.92396                59.069    109.378    4096
       2355 19.62500000000   17.82923    67.04591                59.078    104.733    4096
       2356 19.63333333333   17.65725    67.16806                59.059    108.560    4096
       2357 19.64166666667   17.48551    67.29040                59.109    110.606    4096
       2358 19.65000000000   17.31402    67.41294                59.136    101.459    4096
       2359 19.65833333333   17.14277    67.53568                59.061    111.948    4096
       2360 19.66666666667   16.97176    67.65861                59.081    110.168    4096
       2361 19.67500000000   16.80099    67.78173                59.019    123.398    4096
       2362 19.68333333333   16.63046    67.90503                59.027    108.303    4096
       2363 19.69166666667   16.46016    68.02853                59.118    118.905    4096
       2364 19.70000000000   16.29011    68.15221                59.112    100.231    4096
       2365 19.70833333333   16.12030    68.27608                59.082    112.062    4096
       2366 19.71666666667   15.95072    68.40013                59.074    114.660    4096
       2367 19.72500000000   15.78138    68.52436                59.043     98.709    4096
       2368 19.73333333333   15.61227    68.64877                58.980    100.384    4096
       2369 19.74166666667   15.44339    68.77336                59.054    117.145    4096
       2370 19.75000000000   15.27475    68.89813                59.018    104.848    4096
       2371 19.75833333333   15.10635    69.02308                59.129    109.902    4096
       2372 19.76666666667   14.93817    69.14820                59.166    107.855    4096
       2373 19.77500000000   14.77022    69.27349                59.187    110.463    4096
       2374 19.78333333333   14.60251    69.39895                59.204    104.848    4096
       2375 19.79166666667   14.43502    69.52459                59.239    110.054    4096
       2376 19.80000000000   14.26776    69.65039                59.322    114.289    4096
       2377 19.80833333333   14.10073    69.77636                59.360    105.809    4096
       2378 19.81666666667   13.93393    69.90250                59.388    115.108    4096
       2379 19.82500000000   13.76735    70.02881                59.624     94.959    4096
       2380 19.83333333333   13.60099    70.15527                59.669     95.730    4096
       2381 19.84166666667   13.43486    70.28190                59.663    102.278    4096
       2382 19.85000000000   13.26896    70.40869                59.734    106.627    4096
       2383 19.85833333333   13.10327    70.53564                59.931     97.110    4096
       2384 19.86666666667   12.93781    70.66275                59.755     92.912    4096
       2385 19.87500000000   12.77257    70.79001                60.065    110.454    4096
       2386 19.88333333333   12.60754    70.91743                60.330    119.153    4096
       2387 19.89166666667   12.44274    71.04500                60.388    110.463    4096
       2388 19.90000000000   12.27815    71.17273                60.442    111.120    4096
       2389 19.90833333333   12.11378    71.30060                60.595     98.195    4096
       2390 19.91666666667   11.94963    71.42863                60.827    103.353    4096
       2391 19.92500000000   11.78569    71.55681                60.858    102.021    4096
