# Created on 2022-09-13 07:27:24 
# Sources: obs\TPKL1681.22O, nav\TPKL1681.22G
# Satellite: R17 (k = 4.0)
# Interval: 30.0
# Sampling interval: 0.0 (not used).
# Site: TPKL
# Position (L, B, H): 78.5290569025, 42.4638637031, 1886.01891334
# Position (X, Y, Z): 937429.6846, 4619604.6444, 4285027.6573
# datetime format: %Y-%m-%dT%H:%M:%S
# Columns: tsn, hour, el, az, tec.l1l2, tec.p1p2, validity
# (I11,1X,F14.11,1X,F10.5,1X,F11.5,1X,F21.3,1X,F10.3,1X,I7)
        453  3.77500000000   14.22681    39.34435               -19.129      0.000      32
        454  3.78333333333   14.00847    39.43649               -18.847      0.000      32
        455  3.79166666667   13.79051    39.52923               -18.811      0.000      32
        456  3.80000000000   13.57293    39.62258               -18.494      0.000      32
        457  3.80833333333   13.35573    39.71654               -18.397      0.000      32
        458  3.81666666667   13.13891    39.81110               -18.094      0.000      32
        459  3.82500000000   12.92246    39.90627               -17.986      0.000      32
        460  3.83333333333   12.70639    40.00204               -17.832      0.000      32
        461  3.84166666667   12.49069    40.09841               -17.510      0.000      32
        462  3.85000000000   12.27536    40.19538               -17.362      0.000      32
        463  3.85833333333   12.06041    40.29295               -17.093      0.000      32
        464  3.86666666667   11.84583    40.39112               -16.857      0.000      32
        465  3.87500000000   11.63162    40.48989               -16.709      0.000      32
        466  3.88333333333   11.41779    40.58926               -16.430      0.000      32
        467  3.89166666667   11.20432    40.68923               -16.217      0.000      32
        468  3.90000000000   10.99123    40.78979               -15.959      0.000      32
        469  3.90833333333   10.77851    40.89094               -15.776      0.000      32
        470  3.91666666667   10.56615    40.99269               -15.468      0.000      32
        471  3.92500000000   10.35417    41.09504               -15.346      0.000      32
        472  3.93333333333   10.14255    41.19797               -15.098      0.000      32
        473  3.94166666667    9.93130    41.30150               -14.748      0.000      32
        474  3.95000000000    9.72042    41.40563               -14.562      0.000      32
        475  3.95833333333    9.50991    41.51034               -14.361      0.000      32
        476  3.96666666667    9.29977    41.61565               -14.084      0.000      32
        477  3.97500000000    9.09000    41.72154               -13.868      0.000      32
        478  3.98333333333    8.88059    41.82803               -13.664      0.000      32
        479  3.99166666667    8.67155    41.93510               -13.451      0.000      32
        480  4.00000000000    8.46288    42.04277               -13.311      0.000      32
        481  4.00833333333    8.25683    42.12836               -13.175      0.000      32
        482  4.01666666667    8.04918    42.23738               -13.004      0.000      32
        483  4.02500000000    7.84191    42.34683               -12.837      0.000      32
        484  4.03333333333    7.63502    42.45672               -12.597      0.000      32
        485  4.04166666667    7.42850    42.56705               -12.274      0.000      32
        486  4.05000000000    7.22236    42.67782               -12.236      0.000      32
        487  4.05833333333    7.01659    42.78902               -12.023      0.000      32
        488  4.06666666667    6.81120    42.90067               -11.917      0.000      32
        489  4.07500000000    6.60617    43.01277               -11.803      0.000      32
        490  4.08333333333    6.40152    43.12530               -11.579      0.000      32
        491  4.09166666667    6.19723    43.23828               -11.569      0.000      32
        492  4.10000000000    5.99332    43.35171               -11.297      0.000      32
        493  4.10833333333    5.78977    43.46558               -11.172      0.000      32
        494  4.11666666667    5.58659    43.57990               -11.112      0.000      32
        495  4.12500000000    5.38378    43.69468               -10.937      0.000      32
        496  4.13333333333    5.18133    43.80990               -10.806      0.000      32
        497  4.14166666667    4.97925    43.92557            -19254.034      0.000      32
        498  4.15000000000    4.77753    44.04170               -10.610      0.000      32
        499  4.15833333333    4.57618    44.15828               -10.439      0.000      32
        500  4.16666666667    4.37519    44.27531               -10.345      0.000      32
        501  4.17500000000    4.17457    44.39280               -10.283      0.000      32
        502  4.18333333333    3.97430    44.51075               -15.646      0.000      32
        503  4.19166666667    3.77441    44.62916               -15.646      0.000      32
        504  4.20000000000    3.57487    44.74803               -15.646      0.000      32
        505  4.20833333333    3.37569    44.86736               -15.646      0.000      32
        506  4.21666666667    3.17688    44.98715               -15.646      0.000      32
        507  4.22500000000    2.97843    45.10741               -15.646      0.000      32
       1635 13.62500000000    3.19088   338.32574              7909.333      0.000      32
       1636 13.63333333333    3.40740   338.28029              7909.333      0.000      32
       1637 13.64166666667    3.62382   338.23381              7909.333      0.000      32
       1638 13.65000000000    3.84015   338.18631              7909.333      0.000      32
       1639 13.65833333333    4.05638   338.13777              7909.333      0.000      32
       1640 13.66666666667    4.27250   338.08819              7909.333      0.000      32
       1641 13.67500000000    4.48852   338.03756              7909.333      0.000      32
       1642 13.68333333333    4.70444   337.98589              7909.333      0.000      32
       1643 13.69166666667    4.92024   337.93316              7909.333      0.000      32
       1644 13.70000000000    5.13594   337.87937               -38.123      0.000      32
       1645 13.70833333333    5.35152   337.82452               -38.280      0.000      32
       1646 13.71666666667    5.56698   337.76860               -38.496      0.000      32
       1647 13.72500000000    5.78232   337.71160               -38.565      0.000      32
       1648 13.73333333333    5.99755   337.65352               -38.753      0.000      32
       1649 13.74166666667    6.21264   337.59435               -38.808      0.000      32
       1650 13.75000000000    6.42761   337.53410               -38.911      0.000      32
       1651 13.75833333333    6.64245   337.47274               -39.114      0.000      32
       1652 13.76666666667    6.85715   337.41028               -39.308      0.000      32
       1653 13.77500000000    7.07172   337.34671               -39.525      0.000      32
       1654 13.78333333333    7.28615   337.28203               -39.647      0.000      32
       1655 13.79166666667    7.50044   337.21622               -39.838      0.000      32
       1656 13.80000000000    7.71459   337.14929               -40.076      0.000      32
       1657 13.80833333333    7.92859   337.08123               -40.287      0.000      32
       1658 13.81666666667    8.14244   337.01202               -40.579      0.000      32
       1659 13.82500000000    8.35613   336.94167               -40.794      0.000      32
       1660 13.83333333333    8.56967   336.87017               -40.924      0.000      32
       1661 13.84166666667    8.78305   336.79750               -41.086      0.000      32
       1662 13.85000000000    8.99627   336.72368               -41.241      0.000      32
       1663 13.85833333333    9.20932   336.64868               -41.558      0.000      32
       1664 13.86666666667    9.42220   336.57250               -41.655      0.000      32
       1665 13.87500000000    9.63492   336.49513               -41.894      0.000      32
       1666 13.88333333333    9.84745   336.41658               -41.950      0.000      32
       1667 13.89166666667   10.05981   336.33682               -42.026      0.000      32
       1668 13.90000000000   10.27199   336.25586               -42.240      0.000      32
       1669 13.90833333333   10.48398   336.17368               -42.352      0.000      32
       1670 13.91666666667   10.69579   336.09029               -42.399      0.000      32
       1671 13.92500000000   10.90740   336.00566               -42.434      0.000      32
       1672 13.93333333333   11.11882   335.91980               -42.568      0.000      32
       1673 13.94166666667   11.33003   335.83270               -42.739      0.000      32
       1674 13.95000000000   11.54105   335.74435               -42.810      0.000      32
       1675 13.95833333333   11.75186   335.65474               -42.964      0.000      32
       1676 13.96666666667   11.96245   335.56386               -42.998      0.000      32
       1677 13.97500000000   12.17284   335.47172               -43.196      0.000      32
       1678 13.98333333333   12.38300   335.37829               -43.538      0.000      32
       1679 13.99166666667   12.59295   335.28357               -43.626      0.000      32
       1680 14.00000000000   12.80266   335.18755               -43.883      0.000      32
       1681 14.00833333333   12.99187   335.09551               -44.183      0.000      32
       1682 14.01666666667   13.20077   334.99652               -44.307      0.000      32
       1683 14.02500000000   13.40930   334.89624               -44.505      0.000      32
       1684 14.03333333333   13.61744   334.79467               -44.804      0.000      32
       1685 14.04166666667   13.82519   334.69181               -44.947      0.000      32
       1686 14.05000000000   14.03256   334.58764               -45.068      0.000      32
       1687 14.05833333333   14.23952   334.48216               -45.432      0.000      32
       1688 14.06666666667   14.44607   334.37537               -45.510      0.000      32
       1689 14.07500000000   14.65222   334.26724               -45.675      0.000      32
       1690 14.08333333333   14.85795   334.15778               -45.862      0.000      32
       1691 14.09166666667   15.06326   334.04698               -45.925      0.000      32
       1692 14.10000000000   15.26814   333.93482               -46.136      0.000      32
       1693 14.10833333333   15.47258   333.82131               -46.219      0.000      32
       1694 14.11666666667   15.67659   333.70643               -46.347      0.000      32
       1695 14.12500000000   15.88015   333.59017               -46.542      0.000      32
       1696 14.13333333333   16.08325   333.47254               -46.597      0.000      32
       1697 14.14166666667   16.28590   333.35351               -46.756      0.000      32
       1698 14.15000000000   16.48808   333.23308               -46.862      0.000      32
       1699 14.15833333333   16.68979   333.11125               -47.000      0.000      32
       1700 14.16666666667   16.89103   332.98800               -47.241      0.000      32
       1701 14.17500000000   17.09178   332.86332               -47.472      0.000      32
       1702 14.18333333333   17.29203   332.73722               -47.595      0.000      32
       1703 14.19166666667   17.49179   332.60967               -47.854      0.000      32
       1704 14.20000000000   17.69105   332.48068               -47.998      0.000      32
       1705 14.20833333333   17.88979   332.35022               -48.215      0.000      32
       1706 14.21666666667   18.08802   332.21831               -48.469      0.000      32
       1707 14.22500000000   18.28571   332.08491               -48.623      0.000      32
       1708 14.23333333333   18.48288   331.95004               -48.788      0.000      32
       1709 14.24166666667   18.67951   331.81368               -48.962      0.000      32
       1710 14.25000000000   18.87558   331.67581               -49.052      0.000      32
       1711 14.25833333333   19.07111   331.53644               -49.294      0.000      32
       1712 14.26666666667   19.26607   331.39555               -49.401      0.000      32
       1713 14.27500000000   19.46046   331.25313               -49.383      0.000      32
       1714 14.28333333333   19.65427   331.10919               -49.591      0.000      32
       1715 14.29166666667   19.84750   330.96370               -49.613      0.000      32
       1716 14.30000000000   20.04014   330.81666               -49.809      0.000      32
       1717 14.30833333333   20.23217   330.66806               -49.892      0.000      32
       1718 14.31666666667   20.42359   330.51789               -50.047      0.000      32
       1719 14.32500000000   20.61440   330.36614               -50.169      0.000      32
       1720 14.33333333333   20.80457   330.21281               -50.311      0.000      32
       1721 14.34166666667   20.99412   330.05789               -50.397      0.000      32
       1722 14.35000000000   21.18302   329.90137               -50.605      0.000      32
       1723 14.35833333333   21.37127   329.74323               -50.820      0.000      32
       1724 14.36666666667   21.55886   329.58348               -50.828      0.000      32
       1725 14.37500000000   21.74577   329.42209               -50.979      0.000      32
       1726 14.38333333333   21.93201   329.25908               -51.105      0.000      32
       1727 14.39166666667   22.11757   329.09442               -51.239      0.000      32
       1728 14.40000000000   22.30242   328.92810               -51.439      0.000      32
       1729 14.40833333333   22.48657   328.76013               -51.461      0.000      32
       1730 14.41666666667   22.67000   328.59048               -51.523      0.000      32
       1731 14.42500000000   22.85271   328.41916               -51.711      0.000      32
       1732 14.43333333333   23.03468   328.24616               -51.800      0.000      32
       1733 14.44166666667   23.21591   328.07146               -51.832      0.000      32
       1734 14.45000000000   23.39638   327.89506               -52.005      0.000      32
       1735 14.45833333333   23.57609   327.71695               -52.033      0.000      32
       1736 14.46666666667   23.75503   327.53712               -52.203      0.000      32
       1737 14.47500000000   23.93317   327.35557               -52.277      0.000      32
       1738 14.48333333333   24.11053   327.17229               -52.427      0.000      32
       1739 14.49166666667   24.28707   326.98727               -52.511      0.000      32
       1740 14.50000000000   24.46280   326.80050               -52.638      0.000      32
       1741 14.50833333333   24.62222   326.63289               -52.736      0.000      32
       1742 14.51666666667   24.79583   326.44253               -52.979      0.000      32
       1743 14.52500000000   24.96849   326.25054               -53.018      0.000      32
       1744 14.53333333333   25.14019   326.05693               -53.252      0.000      32
       1745 14.54166666667   25.31091   325.86168               -53.284      0.000      32
       1746 14.55000000000   25.48065   325.66479               -53.368      0.000      32
       1747 14.55833333333   25.64939   325.46625               -53.587      0.000      32
       1748 14.56666666667   25.81713   325.26606               -53.720      0.000      32
       1749 14.57500000000   25.98385   325.06422               -53.828      0.000      32
       1750 14.58333333333   26.14954   324.86071               -53.928      0.000      32
       1751 14.59166666667   26.31419   324.65554               -54.040      0.000      32
       1752 14.60000000000   26.47779   324.44870               -54.182      0.000      32
       1753 14.60833333333   26.64032   324.24019               -54.252      0.000      32
       1754 14.61666666667   26.80178   324.02999               -54.354      0.000      32
       1755 14.62500000000   26.96216   323.81811               -54.404      0.000      32
       1756 14.63333333333   27.12144   323.60455               -54.560      0.000      32
       1757 14.64166666667   27.27961   323.38929               -54.611      0.000      32
       1758 14.65000000000   27.43666   323.17234               -54.671      0.000      32
       1759 14.65833333333   27.59258   322.95369               -54.737      0.000      32
       1760 14.66666666667   27.74735   322.73335               -54.852      0.000      32
       1761 14.67500000000   27.90097   322.51130               -54.857      0.000      32
       1762 14.68333333333   28.05342   322.28754               -54.870      0.000      32
       1763 14.69166666667   28.20469   322.06208               -54.875      0.000      32
       1764 14.70000000000   28.35476   321.83491               -54.959      0.000      32
       1765 14.70833333333   28.50363   321.60602               -54.940      0.000      32
       1766 14.71666666667   28.65128   321.37542               -55.073      0.000      32
       1767 14.72500000000   28.79770   321.14311               -55.055      0.000      32
       1768 14.73333333333   28.94287   320.90908               -55.107      0.000      32
       1769 14.74166666667   29.08679   320.67334               -55.093      0.000      32
       1770 14.75000000000   29.22944   320.43588               -55.261      0.000      32
       1771 14.75833333333   29.37081   320.19671               -55.245      0.000      32
       1772 14.76666666667   29.51089   319.95582               -55.415      0.000      32
       1773 14.77500000000   29.64966   319.71321               -55.470      0.000      32
       1774 14.78333333333   29.78711   319.46889               -55.537      0.000      32
       1775 14.79166666667   29.92322   319.22285               -55.522      0.000      32
       1776 14.80000000000   30.05799   318.97511               -55.689      0.000      32
       1777 14.80833333333   30.19140   318.72565               -55.830      0.000      32
       1778 14.81666666667   30.32344   318.47449               -55.900      0.000      32
       1779 14.82500000000   30.45409   318.22162               -55.851      0.000      32
       1780 14.83333333333   30.58335   317.96705               -55.975      0.000      32
       1781 14.84166666667   30.71119   317.71078               -56.073      0.000      32
       1782 14.85000000000   30.83760   317.45282               -56.094      0.000      32
       1783 14.85833333333   30.96258   317.19316               -56.162      0.000      32
       1784 14.86666666667   31.08611   316.93182               -56.253      0.000      32
       1785 14.87500000000   31.20817   316.66880               -56.323      0.000      32
       1786 14.88333333333   31.32875   316.40410               -56.347      0.000      32
       1787 14.89166666667   31.44784   316.13774               -56.383      0.000      32
       1788 14.90000000000   31.56542   315.86971               -56.479      0.000      32
       1789 14.90833333333   31.68148   315.60002               -56.554      0.000      32
       1790 14.91666666667   31.79601   315.32869               -56.632      0.000      32
       1791 14.92500000000   31.90900   315.05571               -56.690      0.000      32
       1792 14.93333333333   32.02042   314.78110               -56.748      0.000      32
       1793 14.94166666667   32.13028   314.50486               -56.888      0.000      32
       1794 14.95000000000   32.23855   314.22700               -56.911      0.000      32
       1795 14.95833333333   32.34521   313.94754               -56.978      0.000      32
       1796 14.96666666667   32.45027   313.66648               -57.081      0.000      32
       1797 14.97500000000   32.55370   313.38384               -57.122      0.000      32
       1798 14.98333333333   32.65549   313.09961               -57.159      0.000      32
       1799 14.99166666667   32.75563   312.81383               -57.181      0.000      32
       1800 15.00000000000   32.85410   312.52649               -57.275      0.000      32
       1801 15.00833333333   32.95168   312.26656               -57.346      0.000      32
       1802 15.01666666667   33.04640   311.97633               -57.342      0.000      32
       1803 15.02500000000   33.13943   311.68478               -57.379      0.000      32
       1804 15.03333333333   33.23076   311.39193               -57.297      0.000      32
       1805 15.04166666667   33.32036   311.09778               -57.314      0.000      32
       1806 15.05000000000   33.40824   310.80235               -57.311      0.000      32
       1807 15.05833333333   33.49438   310.50565               -57.320      0.000      32
       1808 15.06666666667   33.57878   310.20771               -57.313      0.000      32
       1809 15.07500000000   33.66141   309.90852               -57.237      0.000      32
       1810 15.08333333333   33.74228   309.60812               -57.235      0.000      32
       1811 15.09166666667   33.82137   309.30651               -57.181      0.000      32
       1812 15.10000000000   33.89867   309.00371               -57.130      0.000      32
       1813 15.10833333333   33.97416   308.69973               -57.106      0.000      32
       1814 15.11666666667   34.04785   308.39460               -57.080      0.000      32
       1815 15.12500000000   34.11972   308.08834               -57.041      0.000      32
       1816 15.13333333333   34.18976   307.78095               -57.018      0.000      32
       1817 15.14166666667   34.25797   307.47245               -56.983      0.000      32
       1818 15.15000000000   34.32432   307.16288               -56.975      0.000      32
       1819 15.15833333333   34.38882   306.85224               -56.985      0.000      32
       1820 15.16666666667   34.45145   306.54055               -56.971      0.000      32
       1821 15.17500000000   34.51221   306.22784               -56.980      0.000      32
       1822 15.18333333333   34.57108   305.91412               -56.957      0.000      32
       1823 15.19166666667   34.62806   305.59942               -57.015      0.000      32
       1824 15.20000000000   34.68314   305.28375               -57.054      0.000      32
       1825 15.20833333333   34.73631   304.96714               -57.071      0.000      32
       1826 15.21666666667   34.78756   304.64961               -57.102      0.000      32
       1827 15.22500000000   34.83689   304.33118               -57.162      0.000      32
       1828 15.23333333333   34.88429   304.01188               -57.196      0.000      32
       1829 15.24166666667   34.92974   303.69172               -57.235      0.000      32
       1830 15.25000000000   34.97325   303.37074               -57.254      0.000      32
       1831 15.25833333333   35.01480   303.04894               -57.231      0.000      32
       1832 15.26666666667   35.05439   302.72637               -57.311      0.000      32
       1833 15.27500000000   35.09202   302.40304               -57.408      0.000      32
       1834 15.28333333333   35.12766   302.07897               -57.372      0.000      32
       1835 15.29166666667   35.16133   301.75420               -57.381      0.000      32
       1836 15.30000000000   35.19301   301.42875               -57.422      0.000      32
       1837 15.30833333333   35.22270   301.10263               -57.432      0.000      32
       1838 15.31666666667   35.25038   300.77589               -57.450      0.000      32
       1839 15.32500000000   35.27607   300.44854               -57.427      0.000      32
       1840 15.33333333333   35.29974   300.12062               -57.436      0.000      32
       1841 15.34166666667   35.32141   299.79214               -57.427      0.000      32
       1842 15.35000000000   35.34105   299.46313               -57.420      0.000      32
       1843 15.35833333333   35.35867   299.13363               -57.491      0.000      32
       1844 15.36666666667   35.37426   298.80366               -57.348      0.000      32
       1845 15.37500000000   35.38783   298.47324               -57.380      0.000      32
       1846 15.38333333333   35.39936   298.14241               -57.349      0.000      32
       1847 15.39166666667   35.40885   297.81120               -57.355      0.000      32
       1848 15.40000000000   35.41630   297.47962               -57.335      0.000      32
       1849 15.40833333333   35.42171   297.14771               -57.355      0.000      32
       1850 15.41666666667   35.42507   296.81551               -57.312      0.000      32
       1851 15.42500000000   35.42639   296.48302               -57.284      0.000      32
       1852 15.43333333333   35.42565   296.15030               -57.254      0.000      32
       1853 15.44166666667   35.42287   295.81736               -57.315      0.000      32
       1854 15.45000000000   35.41803   295.48423               -57.233      0.000      32
       1855 15.45833333333   35.41114   295.15094               -57.200      0.000      32
       1856 15.46666666667   35.40220   294.81753               -57.174      0.000      32
       1857 15.47500000000   35.39120   294.48402               -57.188      0.000      32
       1858 15.48333333333   35.37814   294.15043               -57.165      0.000      32
       1859 15.49166666667   35.36303   293.81681               -57.172      0.000      32
       1860 15.50000000000   35.34587   293.48318               -57.137      0.000      32
       1861 15.50833333333   35.34694   293.16614               -57.116      0.000      32
       1862 15.51666666667   35.32545   292.83276               -57.147      0.000      32
       1863 15.52500000000   35.30204   292.49956               -57.079      0.000      32
       1864 15.53333333333   35.27673   292.16656               -57.116      0.000      32
       1865 15.54166666667   35.24951   291.83380               -57.159      0.000      32
       1866 15.55000000000   35.22038   291.50129               -57.117      0.000      32
       1867 15.55833333333   35.18935   291.16905               -57.074      0.000      32
       1868 15.56666666667   35.15643   290.83712               -57.030      0.000      32
       1869 15.57500000000   35.12160   290.50551               -57.002      0.000      32
       1870 15.58333333333   35.08489   290.17425               -56.960      0.000      32
       1871 15.59166666667   35.04629   289.84336               -57.081      0.000      32
       1872 15.60000000000   35.00580   289.51286               -57.144      0.000      32
       1873 15.60833333333   34.96343   289.18279               -57.103      0.000      32
       1874 15.61666666667   34.91919   288.85315               -57.051      0.000      32
       1875 15.62500000000   34.87307   288.52398               -56.956      0.000      32
       1876 15.63333333333   34.82509   288.19530               -57.048      0.000      32
       1877 15.64166666667   34.77525   287.86713               -56.966      0.000      32
       1878 15.65000000000   34.72356   287.53948               -57.002      0.000      32
       1879 15.65833333333   34.67001   287.21240               -56.940      0.000      32
       1880 15.66666666667   34.61462   286.88588               -56.889      0.000      32
       1881 15.67500000000   34.55738   286.55997               -56.819      0.000      32
       1882 15.68333333333   34.49832   286.23467               -56.749      0.000      32
       1883 15.69166666667   34.43743   285.91001               -56.711      0.000      32
       1884 15.70000000000   34.37472   285.58601               -56.740      0.000      32
       1885 15.70833333333   34.31020   285.26270               -56.630      0.000      32
       1886 15.71666666667   34.24387   284.94008               -56.614      0.000      32
       1887 15.72500000000   34.17574   284.61819               -56.574      0.000      32
       1888 15.73333333333   34.10581   284.29704               -56.494      0.000      32
       1889 15.74166666667   34.03411   283.97665               -56.423      0.000      32
       1890 15.75000000000   33.96063   283.65704               -56.364      0.000      32
       1891 15.75833333333   33.88537   283.33823               -56.401      0.000      32
       1892 15.76666666667   33.80836   283.02024               -56.292      0.000      32
       1893 15.77500000000   33.72959   282.70309               -56.276      0.000      32
       1894 15.78333333333   33.64908   282.38679               -56.153      0.000      32
       1895 15.79166666667   33.56684   282.07137               -56.212      0.000      32
       1896 15.80000000000   33.48286   281.75683               -56.156      0.000      32
       1897 15.80833333333   33.39717   281.44321               -56.160      0.000      32
       1898 15.81666666667   33.30977   281.13051               -55.965      0.000      32
       1899 15.82500000000   33.22067   280.81875               -56.029      0.000      32
       1900 15.83333333333   33.12987   280.50795               -56.051      0.000      32
       1901 15.84166666667   33.03740   280.19812               -55.941      0.000      32
       1902 15.85000000000   32.94325   279.88928               -55.833      0.000      32
       1903 15.85833333333   32.84744   279.58145               -55.855      0.000      32
       1904 15.86666666667   32.74998   279.27464               -55.750      0.000      32
       1905 15.87500000000   32.65088   278.96886               -55.654      0.000      32
       1906 15.88333333333   32.55015   278.66413               -55.645      0.000      32
       1907 15.89166666667   32.44779   278.36046               -55.649      0.000      32
       1908 15.90000000000   32.34383   278.05787               -55.562      0.000      32
       1909 15.90833333333   32.23826   277.75637               -55.509      0.000      32
       1910 15.91666666667   32.13110   277.45598               -55.391      0.000      32
       1911 15.92500000000   32.02237   277.15670               -55.424      0.000      32
       1912 15.93333333333   31.91207   276.85854               -55.368      0.000      32
       1913 15.94166666667   31.80021   276.56153               -55.429      0.000      32
       1914 15.95000000000   31.68680   276.26567               -55.379      0.000      32
       1915 15.95833333333   31.57187   275.97097               -55.281      0.000      32
       1916 15.96666666667   31.45541   275.67745               -55.279      0.000      32
       1917 15.97500000000   31.33743   275.38511               -55.337      0.000      32
       1918 15.98333333333   31.21796   275.09396               -55.298      0.000      32
       1919 15.99166666667   31.09700   274.80402               -55.256      0.000      32
       1920 16.00000000000   30.97457   274.51530               -55.190      0.000      32
       1921 16.00833333333   30.88072   274.21885               -55.134      0.000      32
       1922 16.01666666667   30.75527   273.93265               -55.150      0.000      32
       1923 16.02500000000   30.62858   273.64762               -55.104      0.000      32
       1924 16.03333333333   30.50065   273.36377               -55.187      0.000      32
       1925 16.04166666667   30.37151   273.08110               -55.100      0.000      32
       1926 16.05000000000   30.24115   272.79962               -55.029      0.000      32
       1927 16.05833333333   30.10960   272.51933               -55.019      0.000      32
       1928 16.06666666667   29.97685   272.24023               -54.847      0.000      32
       1929 16.07500000000   29.84293   271.96233               -54.834      0.000      32
       1930 16.08333333333   29.70783   271.68562               -54.788      0.000      32
       1931 16.09166666667   29.57157   271.41012               -54.630      0.000      32
       1932 16.10000000000   29.43417   271.13582               -54.522      0.000      32
       1933 16.10833333333   29.29562   270.86272               -54.443      0.000      32
       1934 16.11666666667   29.15595   270.59083               -54.317      0.000      32
       1935 16.12500000000   29.01516   270.32016               -54.290      0.000      32
       1936 16.13333333333   28.87326   270.05069               -54.122      0.000      32
       1937 16.14166666667   28.73026   269.78244               -53.970      0.000      32
       1938 16.15000000000   28.58618   269.51540               -53.804      0.000      32
       1939 16.15833333333   28.44101   269.24957               -53.724      0.000      32
       1940 16.16666666667   28.29478   268.98496               -53.716      0.000      32
       1941 16.17500000000   28.14750   268.72157               -53.692      0.000      32
       1942 16.18333333333   27.99917   268.45940               -53.519      0.000      32
       1943 16.19166666667   27.84980   268.19844               -53.347      0.000      32
       1944 16.20000000000   27.69940   267.93870               -53.188      0.000      32
       1945 16.20833333333   27.54799   267.68018            -15020.157      0.000      32
       1946 16.21666666667   27.39558   267.42288               -52.967      0.000      32
       1947 16.22500000000   27.24217   267.16679               -52.875      0.000      32
       1948 16.23333333333   27.08778   266.91192               -52.696      0.000      32
       1949 16.24166666667   26.93241   266.65826               -52.511      0.000      32
       1950 16.25000000000   26.77607   266.40582               -52.428      0.000      32
       1951 16.25833333333   26.61879   266.15460               -52.389      0.000      32
       1952 16.26666666667   26.46056   265.90459               -52.323      0.000      32
       1953 16.27500000000   26.30139   265.65579               -52.258      0.000      32
       1954 16.28333333333   26.14130   265.40820               -52.144      0.000      32
       1955 16.29166666667   25.98030   265.16181               -51.999      0.000      32
       1956 16.30000000000   25.81840   264.91664               -51.877      0.000      32
       1957 16.30833333333   25.65560   264.67267               -51.750      0.000      32
       1958 16.31666666667   25.49192   264.42991               -51.641      0.000      32
       1959 16.32500000000   25.32737   264.18834               -51.455      0.000      32
       1960 16.33333333333   25.16195   263.94798               -51.411      0.000      32
       1961 16.34166666667   24.99568   263.70881               -51.242      0.000      32
       1962 16.35000000000   24.82857   263.47084               -51.124      0.000      32
       1963 16.35833333333   24.66062   263.23405               -50.937      0.000      32
       1964 16.36666666667   24.49185   262.99846               -50.851      0.000      32
       1965 16.37500000000   24.32227   262.76406               -50.719      0.000      32
       1966 16.38333333333   24.15189   262.53083               -50.581      0.000      32
       1967 16.39166666667   23.98071   262.29879               -50.381      0.000      32
       1968 16.40000000000   23.80874   262.06793               -50.196      0.000      32
       1969 16.40833333333   23.63600   261.83824               -50.018      0.000      32
       1970 16.41666666667   23.46250   261.60972               -49.976      0.000      32
       1971 16.42500000000   23.28824   261.38237               -49.908      0.000      32
       1972 16.43333333333   23.11324   261.15619               -49.767      0.000      32
       1973 16.44166666667   22.93750   260.93116               -49.635      0.000      32
       1974 16.45000000000   22.76104   260.70730               -49.559      0.000      32
       1975 16.45833333333   22.58386   260.48459               -49.384      0.000      32
       1976 16.46666666667   22.40597   260.26302               -49.344      0.000      32
       1977 16.47500000000   22.22738   260.04261               -49.263      0.000      32
       1978 16.48333333333   22.04810   259.82333               -49.087      0.000      32
       1979 16.49166666667   21.86815   259.60520               -48.991      0.000      32
       1980 16.50000000000   21.68753   259.38820               -48.780      0.000      32
       1981 16.50833333333   21.53643   259.14549               -48.613      0.000      32
       1982 16.51666666667   21.35450   258.93064               -48.541      0.000      32
       1983 16.52500000000   21.17212   258.71673               -48.368      0.000      32
       1984 16.53333333333   20.98931   258.50376               -48.212      0.000      32
       1985 16.54166666667   20.80606   258.29171               -48.085      0.000      32
       1986 16.55000000000   20.62239   258.08058               -47.925      0.000      32
       1987 16.55833333333   20.43829   257.87036               -47.831      0.000      32
       1988 16.56666666667   20.25379   257.66106               -47.659      0.000      32
       1989 16.57500000000   20.06888   257.45267               -47.454      0.000      32
       1990 16.58333333333   19.88357   257.24517               -47.241      0.000      32
       1991 16.59166666667   19.69787   257.03857               -47.122      0.000      32
       1992 16.60000000000   19.51178   256.83285               -47.042      0.000      32
       1993 16.60833333333   19.32531   256.62802               -46.882      0.000      32
       1994 16.61666666667   19.13846   256.42407               -46.680      0.000      32
       1995 16.62500000000   18.95125   256.22099               -46.411      0.000      32
       1996 16.63333333333   18.76367   256.01877               -46.272      0.000      32
       1997 16.64166666667   18.57574   255.81742               -46.053      0.000      32
       1998 16.65000000000   18.38746   255.61692               -45.916      0.000      32
       1999 16.65833333333   18.19884   255.41728               -45.650      0.000      32
       2000 16.66666666667   18.00987   255.21848               -45.444      0.000      32
       2001 16.67500000000   17.82058   255.02051               -45.241      0.000      32
       2002 16.68333333333   17.63096   254.82339               -45.039      0.000      32
       2003 16.69166666667   17.44102   254.62709               -44.848      0.000      32
       2004 16.70000000000   17.25076   254.43161               -44.529      0.000      32
       2005 16.70833333333   17.06020   254.23695               -44.255      0.000      32
       2006 16.71666666667   16.86933   254.04311               -44.036      0.000      32
       2007 16.72500000000   16.67817   253.85007               -43.772      0.000      32
       2008 16.73333333333   16.48671   253.65784               -43.530      0.000      32
       2009 16.74166666667   16.29497   253.46640               -43.118      0.000      32
       2010 16.75000000000   16.10295   253.27575               -42.874      0.000      32
       2011 16.75833333333   15.91065   253.08589               -42.657      0.000      32
       2012 16.76666666667   15.71808   252.89681               -42.272      0.000      32
       2013 16.77500000000   15.52525   252.70850               -41.926      0.000      32
       2014 16.78333333333   15.33216   252.52096               -41.586      0.000      32
       2015 16.79166666667   15.13882   252.33419             17435.528      0.000      32
       2016 16.80000000000   14.94522   252.14818             17435.528      0.000      32
       2017 16.80833333333   14.75139   251.96292             17435.528      0.000      32
       2018 16.81666666667   14.55731   251.77842             17435.528      0.000      32
       2019 16.82500000000   14.36301   251.59465             17435.528      0.000      32
       2020 16.83333333333   14.16847   251.41163             17435.528      0.000      32
       2021 16.84166666667   13.97372   251.22933             17435.528      0.000      32
       2022 16.85000000000   13.77874   251.04777             17435.528      0.000      32
       2023 16.85833333333   13.58355   250.86693             17435.528      0.000      32
       2024 16.86666666667   13.38816   250.68681             17435.528      0.000      32
       2025 16.87500000000   13.19256   250.50740             17435.528      0.000      32
       2026 16.88333333333   12.99676   250.32870             17435.528      0.000      32
       2027 16.89166666667   12.80077   250.15070             17435.528      0.000      32
       2028 16.90000000000   12.60459   249.97340             17435.528      0.000      32
       2029 16.90833333333   12.40823   249.79680             17435.528      0.000      32
       2030 16.91666666667   12.21169   249.62088             17435.528      0.000      32
       2031 16.92500000000   12.01497   249.44564             17435.528      0.000      32
       2032 16.93333333333   11.81808   249.27109             17435.528      0.000      32
       2033 16.94166666667   11.62103   249.09720             17435.528      0.000      32
       2034 16.95000000000   11.42382   248.92399             17435.528      0.000      32
       2035 16.95833333333   11.22645   248.75143             17435.528      0.000      32
       2036 16.96666666667   11.02893   248.57954             17435.528      0.000      32
       2037 16.97500000000   10.83126   248.40830             17435.528      0.000      32
       2038 16.98333333333   10.63344   248.23771             17435.528      0.000      32
       2039 16.99166666667   10.43549   248.06776             17435.528      0.000      32
       2040 17.00000000000   10.23740   247.89845             17435.528      0.000      32
       2637 21.97500000000   25.01285    93.77884               -40.532      0.000      32
       2638 21.98333333333   25.17346    93.53677               -40.532      0.000      32
       2639 21.99166666667   25.33330    93.29361               -40.532      0.000      32
       2640 22.00000000000   25.49236    93.04936               -40.532      0.000      32
       2641 22.00833333333   25.61938    92.78408               -40.532      0.000      32
       2642 22.01666666667   25.77621    92.53726               -40.532      0.000      32
       2643 22.02500000000   25.93203    92.28921               -40.532      0.000      32
       2644 22.03333333333   26.08683    92.03993               -40.532      0.000      32
       2645 22.04166666667   26.24059    91.78943               -40.532      0.000      32
       2646 22.05000000000   26.39331    91.53771               -40.532      0.000      32
       2647 22.05833333333   26.54497    91.28476               -40.532      0.000      32
       2648 22.06666666667   26.69556    91.03058               -40.532      0.000      32
       2649 22.07500000000   26.84508    90.77519               -40.532      0.000      32
       2650 22.08333333333   26.99351    90.51858               -40.532      0.000      32
       2651 22.09166666667   27.14084    90.26075               -40.532      0.000      32
       2652 22.10000000000   27.28707    90.00170               -40.532      0.000      32
       2653 22.10833333333   27.43217    89.74143               -40.532      0.000      32
       2654 22.11666666667   27.57613    89.47995               -40.532      0.000      32
       2655 22.12500000000   27.71896    89.21726               -40.532      0.000      32
       2656 22.13333333333   27.86063    88.95337               -40.532      0.000      32
       2657 22.14166666667   28.00114    88.68826               -40.532      0.000      32
       2658 22.15000000000   28.14047    88.42196               -40.532      0.000      32
       2659 22.15833333333   28.27861    88.15445               -40.532      0.000      32
       2660 22.16666666667   28.41556    87.88575               -40.532      0.000      32
       2661 22.17500000000   28.55130    87.61586               -40.532      0.000      32
       2662 22.18333333333   28.68582    87.34478               -40.532      0.000      32
       2663 22.19166666667   28.81911    87.07251               -40.532      0.000      32
       2664 22.20000000000   28.95116    86.79906               -40.532      0.000      32
       2665 22.20833333333   29.08196    86.52444               -40.532      0.000      32
       2666 22.21666666667   29.21150    86.24865               -40.532      0.000      32
       2667 22.22500000000   29.33977    85.97169               -40.532      0.000      32
       2668 22.23333333333   29.46675    85.69357               -40.532      0.000      32
       2669 22.24166666667   29.59244    85.41429               -40.532      0.000      32
       2670 22.25000000000   29.71683    85.13387               -40.532      0.000      32
       2671 22.25833333333   29.83990    84.85230               -40.532      0.000      32
       2672 22.26666666667   29.96164    84.56959               -40.532      0.000      32
       2673 22.27500000000   30.08206    84.28576               -40.532      0.000      32
       2674 22.28333333333   30.20112    84.00080               -40.532      0.000      32
       2675 22.29166666667   30.31883    83.71472               -40.532      0.000      32
       2676 22.30000000000   30.43518    83.42754               -40.532      0.000      32
       2677 22.30833333333   30.55015    83.13925               -40.532      0.000      32
       2678 22.31666666667   30.66373    82.84987               -53.128      0.000      32
       2679 22.32500000000   30.77592    82.55940               -52.945      0.000      32
       2680 22.33333333333   30.88670    82.26785               -52.883      0.000      32
       2681 22.34166666667   30.99607    81.97523               -52.840      0.000      32
       2682 22.35000000000   31.10401    81.68156               -52.785      0.000      32
       2683 22.35833333333   31.21052    81.38683               -52.651      0.000      32
       2684 22.36666666667   31.31558    81.09106               -52.360      0.000      32
       2685 22.37500000000   31.41919    80.79426               -52.226      0.000      32
       2686 22.38333333333   31.52133    80.49644               -52.064      0.000      32
       2687 22.39166666667   31.62200    80.19760               -51.949      0.000      32
       2688 22.40000000000   31.72119    79.89776               -51.896      0.000      32
       2689 22.40833333333   31.81889    79.59693               -51.806      0.000      32
       2690 22.41666666667   31.91508    79.29512               -51.822      0.000      32
       2691 22.42500000000   32.00977    78.99235               -51.742      0.000      32
       2692 22.43333333333   32.10294    78.68861               -51.751      0.000      32
       2693 22.44166666667   32.19458    78.38393               -51.662      0.000      32
       2694 22.45000000000   32.28469    78.07832               -51.718      0.000      32
       2695 22.45833333333   32.37325    77.77179               -51.636      0.000      32
       2696 22.46666666667   32.46026    77.46435               -51.536      0.000      32
       2697 22.47500000000   32.54570    77.15601               -51.518      0.000      32
       2698 22.48333333333   32.62958    76.84679               -51.463      0.000      32
       2699 22.49166666667   32.71188    76.53671               -51.467      0.000      32
       2700 22.50000000000   32.79260    76.22576               -51.496      0.000      32
       2701 22.50833333333   32.84405    75.91676               -51.527      0.000      32
       2702 22.51666666667   32.92087    75.60407               -51.541      0.000      32
       2703 22.52500000000   32.99590    75.29061               -51.629      0.000      32
       2704 22.53333333333   33.06913    74.97639               -51.709      0.000      32
       2705 22.54166666667   33.14056    74.66143               -51.724      0.000      32
       2706 22.55000000000   33.21016    74.34575               -51.810      0.000      32
       2707 22.55833333333   33.27795    74.02937               -51.930      0.000      32
       2708 22.56666666667   33.34390    73.71231               -51.939      0.000      32
       2709 22.57500000000   33.40801    73.39460               -52.038      0.000      32
       2710 22.58333333333   33.47028    73.07625               -52.198      0.000      32
       2711 22.59166666667   33.53070    72.75728               -52.333      0.000      32
       2712 22.60000000000   33.58926    72.43773               -52.284      0.000      32
       2713 22.60833333333   33.64596    72.11760               -52.450      0.000      32
       2714 22.61666666667   33.70079    71.79693               -52.553      0.000      32
       2715 22.62500000000   33.75374    71.47573               -52.568      0.000      32
       2716 22.63333333333   33.80481    71.15403               -52.663      0.000      32
       2717 22.64166666667   33.85399    70.83186               -52.829      0.000      32
       2718 22.65000000000   33.90128    70.50923               -52.974      0.000      32
       2719 22.65833333333   33.94667    70.18616               -53.061      0.000      32
       2720 22.66666666667   33.99016    69.86269               -53.115      0.000      32
       2721 22.67500000000   34.03175    69.53884               -53.156      0.000      32
       2722 22.68333333333   34.07142    69.21462               -53.229      0.000      32
       2723 22.69166666667   34.10919    68.89007               -53.202      0.000      32
       2724 22.70000000000   34.14503    68.56521               -53.223      0.000      32
       2725 22.70833333333   34.17895    68.24006               -53.293      0.000      32
       2726 22.71666666667   34.21095    67.91464               -53.366      0.000      32
       2727 22.72500000000   34.24103    67.58899               -53.401      0.000      32
       2728 22.73333333333   34.26917    67.26312               -53.504      0.000      32
       2729 22.74166666667   34.29538    66.93706               -53.538      0.000      32
       2730 22.75000000000   34.31965    66.61084               -53.510      0.000      32
       2731 22.75833333333   34.34199    66.28448               -53.441      0.000      32
       2732 22.76666666667   34.36239    65.95800               -53.501      0.000      32
       2733 22.77500000000   34.38085    65.63144               -53.552      0.000      32
       2734 22.78333333333   34.39737    65.30481               -53.573      0.000      32
       2735 22.79166666667   34.41195    64.97814               -53.589      0.000      32
       2736 22.80000000000   34.42458    64.65145               -53.649      0.000      32
       2737 22.80833333333   34.43527    64.32478               -53.653      0.000      32
       2738 22.81666666667   34.44402    63.99814               -53.717      0.000      32
       2739 22.82500000000   34.45082    63.67156               -53.686      0.000      32
       2740 22.83333333333   34.45568    63.34507               -53.713      0.000      32
       2741 22.84166666667   34.45860    63.01868               -53.720      0.000      32
       2742 22.85000000000   34.45957    62.69243               -53.759      0.000      32
       2743 22.85833333333   34.45860    62.36634               -53.746      0.000      32
       2744 22.86666666667   34.45569    62.04044               -53.854      0.000      32
       2745 22.87500000000   34.45085    61.71474               -53.949      0.000      32
       2746 22.88333333333   34.44406    61.38928               -53.894      0.000      32
       2747 22.89166666667   34.43534    61.06408               -54.064      0.000      32
       2748 22.90000000000   34.42468    60.73916               -54.196      0.000      32
       2749 22.90833333333   34.41209    60.41454               -54.206      0.000      32
       2750 22.91666666667   34.39758    60.09026               -54.198      0.000      32
       2751 22.92500000000   34.38114    59.76633               -54.186      0.000      32
       2752 22.93333333333   34.36277    59.44278               -54.260      0.000      32
       2753 22.94166666667   34.34248    59.11963               -54.289      0.000      32
       2754 22.95000000000   34.32028    58.79691               -54.371      0.000      32
       2755 22.95833333333   34.29616    58.47463               -54.360      0.000      32
       2756 22.96666666667   34.27013    58.15283               -54.522      0.000      32
       2757 22.97500000000   34.24220    57.83152               -54.573      0.000      32
       2758 22.98333333333   34.21236    57.51073               -54.633      0.000      32
       2759 22.99166666667   34.18063    57.19048               -54.632      0.000      32
       2760 23.00000000000   34.14700    56.87079               -54.739      0.000      32
       2761 23.00833333333   34.09880    56.57638               -54.777      0.000      32
       2762 23.01666666667   34.06087    56.25817               -54.819      0.000      32
       2763 23.02500000000   34.02098    55.94076               -54.964      0.000      32
       2764 23.03333333333   33.97914    55.62417               -55.052      0.000      32
       2765 23.04166666667   33.93536    55.30844               -55.088      0.000      32
       2766 23.05000000000   33.88965    54.99357               -55.132      0.000      32
       2767 23.05833333333   33.84201    54.67961               -55.201      0.000      32
       2768 23.06666666667   33.79245    54.36656               -55.287      0.000      32
       2769 23.07500000000   33.74099    54.05446               -55.375      0.000      32
       2770 23.08333333333   33.68762    53.74332               -55.498      0.000      32
       2771 23.09166666667   33.63236    53.43317               -55.585      0.000      32
       2772 23.10000000000   33.57521    53.12402               -55.692      0.000      32
       2773 23.10833333333   33.51619    52.81590               -55.777      0.000      32
       2774 23.11666666667   33.45530    52.50883               -55.778      0.000      32
       2775 23.12500000000   33.39255    52.20283               -55.867      0.000      32
       2776 23.13333333333   33.32795    51.89792               -55.923      0.000      32
       2777 23.14166666667   33.26151    51.59411               -56.015      0.000      32
       2778 23.15000000000   33.19325    51.29143               -56.130      0.000      32
       2779 23.15833333333   33.12316    50.98990               -56.178      0.000      32
       2780 23.16666666667   33.05127    50.68952               -56.185      0.000      32
       2781 23.17500000000   32.97757    50.39033               -56.265      0.000      32
       2782 23.18333333333   32.90209    50.09233               -56.292      0.000      32
       2783 23.19166666667   32.82483    49.79555               -56.296      0.000      32
       2784 23.20000000000   32.74579    49.50000               -56.345      0.000      32
       2785 23.20833333333   32.66500    49.20570               -56.389      0.000      32
       2786 23.21666666667   32.58246    48.91265               -56.429      0.000      32
       2787 23.22500000000   32.49819    48.62089               -56.439      0.000      32
       2788 23.23333333333   32.41219    48.33041               -56.435      0.000      32
       2789 23.24166666667   32.32447    48.04124               -56.496      0.000      32
       2790 23.25000000000   32.23505    47.75339               -56.480      0.000      32
       2791 23.25833333333   32.14394    47.46686               -56.541      0.000      32
       2792 23.26666666667   32.05114    47.18169               -56.501      0.000      32
       2793 23.27500000000   31.95668    46.89787               -56.442      0.000      32
       2794 23.28333333333   31.86055    46.61542               -56.521      0.000      32
       2795 23.29166666667   31.76278    46.33435               -56.545      0.000      32
       2796 23.30000000000   31.66337    46.05468               -56.505      0.000      32
       2797 23.30833333333   31.56234    45.77640               -56.517      0.000      32
       2798 23.31666666667   31.45969    45.49954               -56.548      0.000      32
       2799 23.32500000000   31.35544    45.22410               -56.571      0.000      32
       2800 23.33333333333   31.24961    44.95010               -56.513      0.000      32
       2801 23.34166666667   31.14219    44.67753               -56.553      0.000      32
       2802 23.35000000000   31.03321    44.40642               -56.556      0.000      32
       2803 23.35833333333   30.92267    44.13676               -56.609      0.000      32
       2804 23.36666666667   30.81059    43.86857               -56.610      0.000      32
       2805 23.37500000000   30.69698    43.60186               -56.658      0.000      32
       2806 23.38333333333   30.58185    43.33662               -56.652      0.000      32
       2807 23.39166666667   30.46521    43.07287               -56.642      0.000      32
       2808 23.40000000000   30.34707    42.81062               -56.653      0.000      32
       2809 23.40833333333   30.22746    42.54986               -56.700      0.000      32
       2810 23.41666666667   30.10637    42.29061               -56.688      0.000      32
       2811 23.42500000000   29.98382    42.03288               -56.727      0.000      32
       2812 23.43333333333   29.85982    41.77665               -56.724      0.000      32
       2813 23.44166666667   29.73438    41.52195               -56.754      0.000      32
       2814 23.45000000000   29.60752    41.26877               -56.754      0.000      32
       2815 23.45833333333   29.47925    41.01712               -56.829      0.000      32
       2816 23.46666666667   29.34958    40.76701               -56.823      0.000      32
       2817 23.47500000000   29.21852    40.51842               -56.855      0.000      32
       2818 23.48333333333   29.08608    40.27138               -56.888      0.000      32
       2819 23.49166666667   28.95227    40.02588               -56.861      0.000      32
       2820 23.50000000000   28.81711    39.78192               -56.895      0.000      32
       2821 23.50833333333   28.68748    39.56679               -56.938      0.000      32
       2822 23.51666666667   28.54937    39.32638               -56.928      0.000      32
       2823 23.52500000000   28.40999    39.08771               -56.981      0.000      32
       2824 23.53333333333   28.26937    38.85076               -56.999      0.000      32
       2825 23.54166666667   28.12750    38.61555               -57.108      0.000      32
       2826 23.55000000000   27.98440    38.38206               -57.123      0.000      32
       2827 23.55833333333   27.84009    38.15031               -57.136      0.000      32
       2828 23.56666666667   27.69458    37.92029               -57.189      0.000      32
       2829 23.57500000000   27.54788    37.69200               -57.188      0.000      32
       2830 23.58333333333   27.40000    37.46543               -57.202      0.000      32
       2831 23.59166666667   27.25096    37.24059               -57.231      0.000      32
       2832 23.60000000000   27.10077    37.01748               -57.237      0.000      32
       2833 23.60833333333   26.94944    36.79609               -57.270      0.000      32
       2834 23.61666666667   26.79698    36.57642               -57.242      0.000      32
       2835 23.62500000000   26.64341    36.35846               -57.311      0.000      32
       2836 23.63333333333   26.48873    36.14223               -57.294      0.000      32
       2837 23.64166666667   26.33297    35.92770               -57.329      0.000      32
       2838 23.65000000000   26.17612    35.71488               -57.349      0.000      32
       2839 23.65833333333   26.01821    35.50377               -57.365      0.000      32
       2840 23.66666666667   25.85924    35.29436               -57.385      0.000      32
       2841 23.67500000000   25.69923    35.08664               -57.347      0.000      32
       2842 23.68333333333   25.53819    34.88063               -57.389      0.000      32
       2843 23.69166666667   25.37612    34.67630               -57.391      0.000      32
       2844 23.70000000000   25.21305    34.47365               -57.377      0.000      32
       2845 23.70833333333   25.04898    34.27269               -57.340      0.000      32
       2846 23.71666666667   24.88392    34.07340               -57.420      0.000      32
       2847 23.72500000000   24.71788    33.87578               -57.397      0.000      32
       2848 23.73333333333   24.55088    33.67983               -57.378      0.000      32
       2849 23.74166666667   24.38293    33.48554               -57.397      0.000      32
       2850 23.75000000000   24.21403    33.29290               -57.432      0.000      32
       2851 23.75833333333   24.04420    33.10191               -57.437      0.000      32
       2852 23.76666666667   23.87344    32.91257               -57.429      0.000      32
       2853 23.77500000000   23.70178    32.72487               -57.401      0.000      32
       2854 23.78333333333   23.52921    32.53879               -57.443      0.000      32
       2855 23.79166666667   23.35575    32.35435               -57.444      0.000      32
       2856 23.80000000000   23.18141    32.17152               -57.425      0.000      32
       2857 23.80833333333   23.00620    31.99031               -57.474      0.000      32
       2858 23.81666666667   22.83013    31.81071               -57.474      0.000      32
       2859 23.82500000000   22.65321    31.63271               -57.493      0.000      32
       2860 23.83333333333   22.47545    31.45630               -57.534      0.000      32
       2861 23.84166666667   22.29685    31.28148               -57.549      0.000      32
       2862 23.85000000000   22.11744    31.10824               -57.536      0.000      32
       2863 23.85833333333   21.93721    30.93658               -57.598      0.000      32
       2864 23.86666666667   21.75617    30.76648               -57.647      0.000      32
       2865 23.87500000000   21.57435    30.59795               -57.674      0.000      32
       2866 23.88333333333   21.39174    30.43097               -57.789      0.000      32
       2867 23.89166666667   21.20835    30.26554               -57.797      0.000      32
       2868 23.90000000000   21.02420    30.10165               -57.872      0.000      32
       2869 23.90833333333   20.83929    29.93929               -57.900      0.000      32
       2870 23.91666666667   20.65363    29.77846               -57.996      0.000      32
       2871 23.92500000000   20.46723    29.61914               -58.092      0.000      32
       2872 23.93333333333   20.28010    29.46134               -58.132      0.000      32
       2873 23.94166666667   20.09225    29.30504               -58.187      0.000      32
       2874 23.95000000000   19.90369    29.15024               -58.227      0.000      32
       2875 23.95833333333   19.71442    28.99692               -58.261      0.000      32
       2876 23.96666666667   19.52445    28.84509               -58.286      0.000      32
       2877 23.97500000000   19.33379    28.69474               -58.330      0.000      32
       2878 23.98333333333   19.14245    28.54585               -58.352      0.000      32
       2879 23.99166666667   18.95044    28.39842               -58.416      0.000      32
