12 спутников

# DCB sat:
G 2     -24.486
G 5      48.494
G 6      95.631
G11     -13.382
G12     -67.412
G20     -38.845
R 4      -1.350
R 5      -1.363
R 9      -1.417
R10       0.358
R11      -1.857
R19       5.630
# DCB rec:
G      40.733
R      -0.160
  6.000      3.384     -0.028     -1.347      0.018     0.011     -7.339      0.258
  13 спут
  # DCB sat:
G 2     -24.555
G 5      47.669
G 6      96.113
G11     -13.180
G12     -67.238
G20     -38.809
R 4      -0.590
R 5      -0.927
R 8      -3.496
R 9      -1.272
R10       1.418
R11      -0.974
# DCB rec:
G      39.396
R      -1.220
  6.000      4.781     -0.019     -1.417      0.011    -0.003     -7.982      0.490
  6.250      7.367      0.050     -1.718     -0.002     0.044     -7.920      0.247
  6.500      7.441      0.458     -1.053     -0.025    -0.049     -6.585     -1.796
 
G 2     -24.084
G 5      45.987
G 6      97.065
G11     -12.497
G12     -66.796
G16      -1.103
G20     -38.571
R 1      -1.707
R 4      -0.074
R 5      -1.063
R 8      -3.321
R 9      -1.525
R10       2.261
R11      -0.325
17 спутников
# DCB rec:
G      37.508
R      -2.064
 5.750      1.533      0.038     -1.044      0.023     0.049     -4.960      0.995
  6.000      7.014     -0.027     -1.524     -0.001    -0.026     -9.238      0.824
  6.250     10.179      0.156     -2.165     -0.025     0.066     -8.499     -0.322
  6.500     10.610      0.234     -0.933     -0.022    -0.094     -7.211     -2.674
  6.750     12.282      0.241     -0.817     -0.023    -0.094     -5.586     -4.039
  7.000     13.148      0.315     -0.678     -0.024    -0.077     -4.324     -6.125
все спутники
 DCB sat:
G 2     -17.884
G 3     -26.345
G 4       0.447
G 5      55.325
G 6     102.552
G11      -7.175
G12     -61.111
G16      15.943
G17     -28.383
G18       0.358
G19     -24.111
R 1       1.218
R 3       6.751
R 4       7.187
R 5      -3.348
R 8      -6.462
R 9      -7.119
R10      -1.753
R11       1.690
# DCB rec:
G       5.344
R     -26.863
  5.500     19.298      0.090     -0.839     -0.038    -0.091     -2.739     -1.524
  5.750     20.172      0.119     -0.887     -0.043    -0.093     -2.123     -1.229
  6.000     20.720      0.161     -0.901     -0.049    -0.089     -1.522     -0.162
  6.250     21.830      0.198     -0.899     -0.056    -0.094     -0.635     -2.327
  6.500     21.755      0.233     -0.822     -0.058    -0.082     -0.031     -1.748
  6.750     21.160      0.273     -0.788     -0.058    -0.062     -1.078      1.261
  7.000     20.908      0.303     -0.767     -0.058    -0.044     -2.041      2.776
  7.250     21.030      0.314     -0.740     -0.059     0.001     -3.060      2.392
  7.500     21.660      0.310     -0.731     -0.057     0.042     -3.065      0.237
  7.750     23.218      0.201     -0.466     -0.071     0.065     -1.134     -3.642
