# Created on 2022-09-13 07:27:29 
# Sources: obs\TPKL1681.22O, nav\TPKL1681.22N
# Satellite: G13
# Interval: 30.0
# Sampling interval: 0.0 (not used).
# Site: TPKL
# Position (L, B, H): 78.5290569025, 42.4638637031, 1886.01891334
# Position (X, Y, Z): 937429.6846, 4619604.6444, 4285027.6573
# datetime format: %Y-%m-%dT%H:%M:%S
# Columns: tsn, hour, el, az, tec.l1l2, tec.p1p2, validity
# (I11,1X,F14.11,1X,F10.5,1X,F11.5,1X,F21.3,1X,F10.3,1X,I7)
        998  8.31666666667   12.82372   134.62821                 0.000      0.000    5232
        999  8.32500000000   12.99728   134.48546              -116.021    161.907    4096
       1000  8.33333333333   13.17096   134.34240              -116.555    161.545    4096
       1001  8.34166666667   13.34476   134.19901              -117.139    157.014    4096
       1002  8.35000000000   13.51867   134.05529              -117.757    152.808    4096
       1003  8.35833333333   13.69269   133.91124              -118.373    158.128    4096
       1004  8.36666666667   13.86682   133.76685              -119.009    150.761    4096
       1005  8.37500000000   14.04105   133.62212              -119.571    140.682    4096
       1006  8.38333333333   14.21537   133.47703              -120.039    144.365    4096
       1007  8.39166666667   14.38979   133.33158              -120.688    151.028    4096
       1008  8.40000000000   14.56429   133.18577              -121.360    148.458    4096
       1009  8.40833333333   14.73888   133.03959              -122.079    153.883    4096
       1010  8.41666666667   14.91355   132.89304              -122.709    158.385    4096
       1011  8.42500000000   15.08829   132.74610              -123.219    138.483    4096
       1012  8.43333333333   15.26310   132.59877              -123.800    153.626    4096
       1013  8.44166666667   15.43798   132.45104              -124.396    144.365    4096
       1014  8.45000000000   15.61292   132.30291              -124.957    149.010    4096
       1015  8.45833333333   15.78792   132.15437              -125.492    158.375    4096
       1016  8.46666666667   15.96296   132.00542              -125.988    148.049    4096
       1017  8.47500000000   16.13806   131.85604              -126.539    151.979    4096
       1018  8.48333333333   16.31319   131.70624              -127.051    153.474    4096
       1019  8.49166666667   16.48837   131.55600              -127.432    143.956    4096
       1020  8.50000000000   16.66358   131.40532              -127.906    134.286    4096
       1021  8.50833333333   16.83881   131.25419              -128.399    142.319    4096
       1022  8.51666666667   17.01407   131.10261              -128.746    149.419    4096
       1023  8.52500000000   17.18935   130.95056              -129.187    148.458    4096
       1024  8.53333333333   17.36464   130.79804              -129.578    145.289    4096
       1025  8.54166666667   17.53993   130.64505              -129.978    149.800    4096
       1026  8.55000000000   17.71523   130.49158              -130.309    146.564    4096
       1027  8.55833333333   17.89053   130.33762              -130.630    143.547    4096
       1028  8.56666666667   18.06582   130.18316              -131.014    140.691    4096
       1029  8.57500000000   18.24110   130.02820              -131.358    139.749    4096
       1030  8.58333333333   18.41636   129.87273              -131.721    137.046    4096
       1031  8.59166666667   18.59160   129.71674              -132.040    144.622    4096
       1032  8.60000000000   18.76680   129.56023              -132.454    137.827    4096
       1033  8.60833333333   18.94198   129.40318              -132.806    140.568    4096
       1034  8.61666666667   19.11711   129.24560              -133.172    141.919    4096
       1035  8.62500000000   19.29220   129.08747              -133.585    146.821    4096
       1036  8.63333333333   19.46724   128.92879              -133.983    142.985    4096
       1037  8.64166666667   19.64222   128.76955              -134.419    139.749    4096
       1038  8.65000000000   19.81715   128.60974              -134.819    139.597    4096
       1039  8.65833333333   19.99200   128.44936              -135.156  -2293.703    4096
       1040  8.66666666667   20.16678   128.28840              -135.561    153.731    4096
       1041  8.67500000000   20.34148   128.12685              -135.922    137.151    4096
       1042  8.68333333333   20.51610   127.96470              -136.282    133.724    4096
       1043  8.69166666667   20.69062   127.80195              -136.655    138.084    4096
       1044  8.70000000000   20.86505   127.63859              -137.038    135.780    4096
       1045  8.70833333333   21.03938   127.47461              -137.390    135.523    4096
       1046  8.71666666667   21.21360   127.31000              -137.684    128.975    4096
       1047  8.72500000000   21.38770   127.14476              -137.929    131.174    4096
       1048  8.73333333333   21.56168   126.97888              -138.239    113.166    4096
       1049  8.74166666667   21.73553   126.81235              -138.572    136.447    4096
       1050  8.75000000000   21.90925   126.64517              -138.923    120.276    4096
       1051  8.75833333333   22.08283   126.47732              -139.241    121.903    4096
       1052  8.76666666667   22.25626   126.30880              -139.532    121.646    4096
       1053  8.77500000000   22.42954   126.13960              -139.842    121.094    4096
       1054  8.78333333333   22.60266   125.96972              -140.127    120.238    4096
       1055  8.79166666667   22.77561   125.79914              -140.416    131.840    4096
       1056  8.80000000000   22.94839   125.62787              -140.756    147.639    4096
       1057  8.80833333333   23.12100   125.45588              -141.050    141.243    4096
       1058  8.81666666667   23.29341   125.28318              -141.325    130.498    4096
       1059  8.82500000000   23.46563   125.10975              -141.599    128.966    4096
       1060  8.83333333333   23.63765   124.93559              -141.855    127.747    4096
       1061  8.84166666667   23.80947   124.76069              -142.138  -2313.147    4096
       1062  8.85000000000   23.98107   124.58504              -142.358    127.452    4096
       1063  8.85833333333   24.15244   124.40864              -142.657    124.064    4096
       1064  8.86666666667   24.32359   124.23147              -142.853    125.996    4096
       1065  8.87500000000   24.49451   124.05353              -143.042    130.051    4096
       1066  8.88333333333   24.66518   123.87482              -143.301    126.520    4096
       1067  8.89166666667   24.83560   123.69531              -143.584    128.709    4096
       1068  8.90000000000   25.00577   123.51502              -143.787    123.398    4096
       1069  8.90833333333   25.17567   123.33392              -143.971    131.830    4096
       1070  8.91666666667   25.34529   123.15201              -144.191    131.431    4096
       1071  8.92500000000   25.51464   122.96929              -144.436    130.869    4096
       1072  8.93333333333   25.68370   122.78574              -144.618    139.340    4096
       1073  8.94166666667   25.85246   122.60135             18896.017  -2300.355    4096
       1074  8.95000000000   26.02092   122.41613              -145.128    127.186    4096
       1075  8.95833333333   26.18907   122.23006              -145.404    120.942    4096
       1076  8.96666666667   26.35690   122.04313              -145.628    122.313    4096
       1077  8.97500000000   26.52440   121.85534              -145.794    131.278    4096
       1078  8.98333333333   26.69157   121.66667              -146.023    127.633    4096
       1079  8.99166666667   26.85839   121.47713              -146.300    132.392    4096
       1080  9.00000000000   27.02486   121.28670              -146.570    140.273    4096
       1081  9.00833333333   27.19097   121.09537              -146.847    135.219    4096
       1082  9.01666666667   27.35672   120.90314              -147.097    116.440    4096
       1083  9.02500000000   27.52208   120.71001              -147.350    137.265    4096
       1084  9.03333333333   27.68707   120.51595              -147.587    137.560    4096
       1085  9.04166666667   27.85166   120.32097              -147.820    126.263    4096
       1086  9.05000000000   28.01584   120.12506              -148.022    126.520    4096
       1087  9.05833333333   28.17962   119.92821              -148.261    132.506    4096
       1088  9.06666666667   28.34298   119.73041              -148.488    127.186    4096
       1089  9.07500000000   28.50590   119.53165              -148.788    139.197    4096
       1090  9.08333333333   28.66839   119.33193              -149.030    120.381    4096
       1091  9.09166666667   28.83044   119.13125              -149.283    128.309    4096
       1092  9.10000000000   28.99203   118.92958              -149.518    125.558    4096
       1093  9.10833333333   29.15315   118.72693              -149.802    124.473    4096
       1094  9.11666666667   29.31380   118.52329              -150.025    134.410    4096
       1095  9.12500000000   29.47397   118.31866              -150.275    124.368    4096
       1096  9.13333333333   29.63365   118.11301              -150.538    128.157    4096
       1097  9.14166666667   29.79282   117.90636              -150.759    128.157    4096
       1098  9.15000000000   29.95149   117.69868              -151.030    127.186    4096
       1099  9.15833333333   30.10963   117.48998              -151.160    128.823    4096
       1100  9.16666666667   30.26724   117.28025              -151.420    132.401    4096
       1101  9.17500000000   30.42432   117.06947              -151.655    128.261    4096
       1102  9.18333333333   30.58084   116.85765              -151.840    135.809    4096
       1103  9.19166666667   30.73681   116.64478              -152.040    120.799    4096
       1104  9.20000000000   30.89220   116.43085              -152.156    112.766    4096
       1105  9.20833333333   31.04702   116.21585              -152.281    124.625    4096
       1106  9.21666666667   31.20125   115.99978              -152.503    138.341    4096
       1107  9.22500000000   31.35488   115.78263             18888.288  -2300.879    4096
       1108  9.23333333333   31.50790   115.56440              -152.852    124.216    4096
       1109  9.24166666667   31.66030   115.34507              -153.073    139.863    4096
       1110  9.25000000000   31.81207   115.12465              -153.174    128.042    4096
       1111  9.25833333333   31.96320   114.90313              -153.336  -2305.524    4096
       1112  9.26666666667   32.11369   114.68050              -153.558    140.273    4096
       1113  9.27500000000   32.26351   114.45676              -153.696    136.294    4096
       1114  9.28333333333   32.41266   114.23190              -153.877    127.490    4096
       1115  9.29166666667   32.56113   114.00592              -154.032    132.658    4096
       1116  9.30000000000   32.70890   113.77881              -154.179    127.747    4096
       1117  9.30833333333   32.85598   113.55056              -154.373    124.882    4096
       1118  9.31666666667   33.00234   113.32118              -154.594    124.064    4096
       1119  9.32500000000   33.14797   113.09065              -154.694    121.865    4096
       1120  9.33333333333   33.29287   112.85898              -154.915    120.790    4096
       1121  9.34166666667   33.43703   112.62615              -155.072    123.950    4096
       1122  9.35000000000   33.58042   112.39217              -155.181    114.137    4096
       1123  9.35833333333   33.72305   112.15703              -155.307    117.525    4096
       1124  9.36666666667   33.86490   111.92072              -155.454    128.299    4096
       1125  9.37500000000   34.00596   111.68325              -155.611    128.261    4096
       1126  9.38333333333   34.14622   111.44460              -155.830    120.133    4096
       1127  9.39166666667   34.28566   111.20478              -155.931    113.166    4096
       1128  9.40000000000   34.42428   110.96379              -156.046    128.680    4096
       1129  9.40833333333   34.56207   110.72161              -156.234    123.245    4096
       1130  9.41666666667   34.69901   110.47825              -156.333    121.094    4096
       1131  9.42500000000   34.83509   110.23371              -156.442    113.994    4096
       1132  9.43333333333   34.97030   109.98797              -156.612    119.971    4096
       1133  9.44166666667   35.10463   109.74105              -156.744    122.427    4096
       1134  9.45000000000   35.23807   109.49294              -156.926    120.276    4096
       1135  9.45833333333   35.37060   109.24363              -157.092    122.988    4096
       1136  9.46666666667   35.50222   108.99313              -157.262    134.286    4096
       1137  9.47500000000   35.63291   108.74144              -157.407    118.344    4096
       1138  9.48333333333   35.76266   108.48854              -157.557    112.091    4096
       1139  9.49166666667   35.89146   108.23446             18883.278    119.971    4096
       1140  9.50000000000   36.01930   107.97917              -157.815    119.153    4096
       1141  9.50833333333   36.14616   107.72269              -157.969    131.021    4096
       1142  9.51666666667   36.27204   107.46501             18882.820    123.950    4096
       1143  9.52500000000   36.39692   107.20613              -158.291    126.520    4096
       1144  9.53333333333   36.52079   106.94606              -158.390    124.625    4096
       1145  9.54166666667   36.64364   106.68480              -158.542    121.875    4096
       1146  9.55000000000   36.76546   106.42234              -158.685    120.390    4096
       1147  9.55833333333   36.88623   106.15869              -158.800    117.154    4096
       1148  9.56666666667   37.00595   105.89385              -158.972    114.651    4096
       1149  9.57500000000   37.12460   105.62783              -159.047    120.238    4096
       1150  9.58333333333   37.24217   105.36062              -159.121    114.955    4096
       1151  9.59166666667   37.35864   105.09223              -159.216    123.807    4096
       1152  9.60000000000   37.47401   104.82266              -159.341    129.127    4096
       1153  9.60833333333   37.58827   104.55191              -159.449    118.639    4096
       1154  9.61666666667   37.70140   104.28000              -159.555    116.450    4096
       1155  9.62500000000   37.81339   104.00692              -159.645    120.124    4096
       1156  9.63333333333   37.92423   103.73268              -159.770    119.191    4096
       1157  9.64166666667   38.03390   103.45728              -159.879    116.859    4096
       1158  9.65000000000   38.14240   103.18073              -159.979    120.276    4096
       1159  9.65833333333   38.24971   102.90303              -160.062    118.753    4096
       1160  9.66666666667   38.35583   102.62420              -160.198    115.631    4096
       1161  9.67500000000   38.46074   102.34423              -160.230    115.888    4096
       1162  9.68333333333   38.56442   102.06314              -160.312    119.162    4096
       1163  9.69166666667   38.66687   101.78093              -160.448    117.554    4096
       1164  9.70000000000   38.76808   101.49760              -160.514    123.655    4096
       1165  9.70833333333   38.86803   101.21317              -160.613    118.743    4096
       1166  9.71666666667   38.96672   100.92765              -160.704    123.655    4096
       1167  9.72500000000   39.06412   100.64104              -160.808    124.064    4096
       1168  9.73333333333   39.16024   100.35336              -160.857    128.157    4096
       1169  9.74166666667   39.25505   100.06460              -160.982    121.094    4096
       1170  9.75000000000   39.34855    99.77479              -161.091    124.473    4096
       1171  9.75833333333   39.44073    99.48393              -161.199    126.634    4096
       1172  9.76666666667   39.53158    99.19203              -161.283    128.966    4096
       1173  9.77500000000   39.62107    98.89911              -161.352    120.942    4096
       1174  9.78333333333   39.70921    98.60517              -161.404    112.614    4096
       1175  9.79166666667   39.79599    98.31024              -161.466    111.834    4096
       1176  9.80000000000   39.88138    98.01431              -161.569  -2316.421    4096
       1177  9.80833333333   39.96539    97.71740              -161.679    112.205    4096
       1178  9.81666666667   40.04799    97.41953              -161.753    105.704    4096
       1179  9.82500000000   40.12919    97.12071              -161.825    106.370    4096
       1180  9.83333333333   40.20897    96.82096              -161.881    115.622    4096
       1181  9.84166666667   40.28731    96.52028              -161.991    108.969    4096
       1182  9.85000000000   40.36422    96.21870              -162.062    112.509    4096
       1183  9.85833333333   40.43968    95.91622             18878.768  -2322.960    4096
       1184  9.86666666667   40.51367    95.61287              -162.249    107.589    4096
       1185  9.87500000000   40.58619    95.30866              -162.351    113.433    4096
       1186  9.88333333333   40.65724    95.00360              -162.455    113.023    4096
       1187  9.89166666667   40.72680    94.69772              -162.559    110.044    4096
       1188  9.90000000000   40.79485    94.39103              -162.635    108.826    4096
       1189  9.90833333333   40.86140    94.08354              -162.744    106.218    4096
       1190  9.91666666667   40.92643    93.77529              -162.828    108.264    4096
       1191  9.92500000000   40.98994    93.46627              -162.910    107.741    4096
       1192  9.93333333333   41.05191    93.15653              -163.040    113.318    4096
       1193  9.94166666667   41.11234    92.84606              -163.134    116.031    4096
       1194  9.95000000000   41.17122    92.53490              -163.229    114.394    4096
       1195  9.95833333333   41.22854    92.22306              -163.305    107.294    4096
       1196  9.96666666667   41.28429    91.91056              -163.381    113.023    4096
       1197  9.97500000000   41.33846    91.59743              -163.503  -2319.172    4096
       1198  9.98333333333   41.39105    91.28368              -163.580    120.238    4096
       1199  9.99166666667   41.44205    90.96934              -163.670  -2318.049    4096
       1200 10.00000000000   41.49145    90.65443              -163.755    121.056    4096
       1201 10.00833333333   41.53924    90.33896              -163.816    122.836    4096
       1202 10.01666666667   41.58542    90.02297              -163.885  -2318.468    4096
       1203 10.02500000000   41.62998    89.70648              -163.974    116.859    4096
       1204 10.03333333333   41.67292    89.38950              -164.008    118.230    4096
       1205 10.04166666667   41.71422    89.07207              -164.085    120.381    4096
       1206 10.05000000000   41.75389    88.75420            -15001.252    120.276    4096
       1207 10.05833333333   41.79190    88.43592              -164.254    115.774    4096
       1208 10.06666666667   41.82827    88.11726              -164.331    117.154    4096
       1209 10.07500000000   41.86298    87.79823              -164.385    112.509    4096
       1210 10.08333333333   41.89604    87.47887              -164.491    112.500    4096
       1211 10.09166666667   41.92742    87.15920              -164.561    115.070    4096
       1212 10.10000000000   41.95713    86.83924              -164.666    124.740    4096
       1213 10.10833333333   41.98517    86.51902              -164.716    111.948    4096
       1214 10.11666666667   42.01152    86.19857              -164.809    112.062    4096
       1215 10.12500000000   42.03619    85.87791              -164.887    113.280    4096
       1216 10.13333333333   42.05917    85.55707              -164.937    114.394    4096
       1217 10.14166666667   42.08046    85.23607              -164.937    110.425    4096
       1218 10.15000000000   42.10005    84.91494              -165.018    116.297    4096
       1219 10.15833333333   42.11795    84.59371              -165.064    115.070    4096
       1220 10.16666666667   42.13414    84.27241              -165.147    114.137    4096
       1221 10.17500000000   42.14862    83.95106              -165.193    117.934    4096
       1222 10.18333333333   42.16140    83.62968              -165.210    109.340    4096
       1223 10.19166666667   42.17246    83.30831              -165.301    109.749    4096
       1224 10.20000000000   42.18182    82.98698              -165.346    105.028    4096
       1225 10.20833333333   42.18946    82.66571              -165.369    102.944    4096
       1226 10.21666666667   42.19538    82.34452              -165.469    113.737    4096
       1227 10.22500000000   42.19959    82.02346              -165.517    117.116    4096
       1228 10.23333333333   42.20207    81.70253              -165.606    116.040    4096
       1229 10.24166666667   42.20284    81.38178              -165.640    108.788    4096
       1230 10.25000000000   42.20189    81.06123              -165.695  -2324.607    4096
       1231 10.25833333333   42.19922    80.74091              -165.729    112.357    4096
       1232 10.26666666667   42.19483    80.42084              -165.798    114.108    4096
       1233 10.27500000000   42.18872    80.10105              -165.878    109.797    4096
       1234 10.28333333333   42.18089    79.78158              -165.946  -2328.947    4096
       1235 10.29166666667   42.17134    79.46244              -165.989    100.231    4096
       1236 10.30000000000   42.16008    79.14367              -166.062     99.565    4096
       1237 10.30833333333   42.14709    78.82530              -166.055     99.822    4096
       1238 10.31666666667   42.13240    78.50734              -166.141    103.353    4096
       1239 10.32500000000   42.11598    78.18984              -166.189    105.552    4096
       1240 10.33333333333   42.09786    77.87281              -166.212    102.278    4096
       1241 10.34166666667   42.07803    77.55629              -166.274    114.813    4096
       1242 10.35000000000   42.05649    77.24029              -166.294    113.471    4096
       1243 10.35833333333   42.03324    76.92485             18874.654    105.847    4096
       1244 10.36666666667   42.00829    76.61000              -166.331    109.902    4096
       1245 10.37500000000   41.98165    76.29576              -166.325    110.606    4096
       1246 10.38333333333   41.95331    75.98216              -166.357    108.712    4096
       1247 10.39166666667   41.92327    75.66921              -166.385    112.357    4096
       1248 10.40000000000   41.89155    75.35696              -166.406    107.712    4096
       1249 10.40833333333   41.85815    75.04543              -166.418    107.446    4096
       1250 10.41666666667   41.82306    74.73463              -166.458    108.674    4096
       1251 10.42500000000   41.78631    74.42461              -166.459    105.704    4096
       1252 10.43333333333   41.74788    74.11537              -166.514    111.938    4096
       1253 10.44166666667   41.70778    73.80695              -166.578    110.044    4096
       1254 10.45000000000   41.66602    73.49938              -166.601    106.922    4096
       1255 10.45833333333   41.62261    73.19266              -166.604    111.282    4096
       1256 10.46666666667   41.57755    72.88684              -166.600    121.094    4096
       1257 10.47500000000   41.53085    72.58193              -166.622    118.487    4096
       1258 10.48333333333   41.48251    72.27796              -166.605    114.251    4096
       1259 10.49166666667   41.43253    71.97495              -166.645    112.357    4096
       1260 10.50000000000   41.38094    71.67293              -166.615    107.179    4096
       1261 10.50833333333   41.32772    71.37190              -166.612    114.813    4096
       1262 10.51666666667   41.27289    71.07191              -166.538    119.572    4096
       1263 10.52500000000   41.21646    70.77297              -166.567    109.749    4096
       1264 10.53333333333   41.15843    70.47509              -166.570    112.614    4096
       1265 10.54166666667   41.09880    70.17832              -166.539  -2323.255    4096
       1266 10.55000000000   41.03760    69.88265              -166.535    118.191    4096
       1267 10.55833333333   40.97482    69.58812              -166.470    111.129    4096
       1268 10.56666666667   40.91047    69.29474              -166.432    107.303    4096
       1269 10.57500000000   40.84457    69.00254              -166.466    109.492    4096
       1270 10.58333333333   40.77711    68.71152              -166.442    112.509    4096
       1271 10.59166666667   40.70811    68.42173              -166.420    110.863    4096
       1272 10.60000000000   40.63757    68.13316              -166.411    119.562    4096
       1273 10.60833333333   40.56551    67.84584              -166.362    119.000    4096
       1274 10.61666666667   40.49193    67.55979              -166.344    110.311    4096
       1275 10.62500000000   40.41685    67.27502              -166.351    114.394    4096
       1276 10.63333333333   40.34026    66.99155              -166.311    120.124    4096
       1277 10.64166666667   40.26219    66.70940              -166.302    115.622    4096
       1278 10.65000000000   40.18263    66.42859              -166.305    119.305    4096
       1279 10.65833333333   40.10160    66.14912              -166.267  -2328.804    4096
       1280 10.66666666667   40.01912    65.87102              -166.229    110.720    4096
       1281 10.67500000000   39.93517    65.59430              -166.227    117.668    4096
       1282 10.68333333333   39.84979    65.31897              -166.206    118.077    4096
       1283 10.69166666667   39.76298    65.04506              -166.201    115.365    4096
       1284 10.70000000000   39.67474    64.77256              -166.234    104.990    4096
       1285 10.70833333333   39.58509    64.50150              -166.214    105.552    4096
       1286 10.71666666667   39.49404    64.23189              -166.224    106.066    4096
       1287 10.72500000000   39.40159    63.96375              -166.234    110.720    4096
       1288 10.73333333333   39.30777    63.69707              -166.253    107.294    4096
       1289 10.74166666667   39.21257    63.43188              -166.271    105.552    4096
       1290 10.75000000000   39.11602    63.16819              -166.289    107.998    4096
       1291 10.75833333333   39.01811    62.90601              -166.270    104.467    4096
       1292 10.76666666667   38.91886    62.64534              -166.237    109.349    4096
       1293 10.77500000000   38.81829    62.38620              -166.211    114.651    4096
       1294 10.78333333333   38.71640    62.12860              -166.222    116.297    4096
       1295 10.79166666667   38.61320    61.87255              -166.132  -2313.699    4096
       1296 10.80000000000   38.50870    61.61806            -15003.237  -2316.869    4096
       1297 10.80833333333   38.40292    61.36513              -166.119    113.023    4096
       1298 10.81666666667   38.29587    61.11377              -166.070    110.006    4096
       1299 10.82500000000   38.18755    60.86399              -166.048     98.452    4096
       1300 10.83333333333   38.07799    60.61580              -166.019    103.096    4096
       1301 10.84166666667   37.96718    60.36921              -165.976    105.285    4096
       1302 10.85000000000   37.85514    60.12422              -165.977  -2323.265    4096
       1303 10.85833333333   37.74188    59.88084             18874.953  -2327.015    4096
       1304 10.86666666667   37.62742    59.63907              -165.973    106.627    4096
       1305 10.87500000000   37.51176    59.39892            -15003.017    105.809    4096
       1306 10.88333333333   37.39492    59.16040              -165.914    115.222    4096
       1307 10.89166666667   37.27690    58.92351              -165.846    113.318    4096
       1308 10.90000000000   37.15772    58.68826              -165.795    112.909    4096
       1309 10.90833333333   37.03739    58.45464              -165.731    116.973    4096
       1310 10.91666666667   36.91592    58.22266              -165.688    116.707    4096
       1311 10.92500000000   36.79333    57.99234              -165.660    132.392    4096
       1312 10.93333333333   36.66962    57.76366              -165.597    119.457    4096
       1313 10.94166666667   36.54480    57.53664              -165.552    121.761    4096
       1314 10.95000000000   36.41889    57.31127              -165.475    103.772    4096
       1315 10.95833333333   36.29189    57.08756              -165.452    112.766    4096
       1316 10.96666666667   36.16383    56.86551              -165.362    106.780    4096
       1317 10.97500000000   36.03470    56.64512              -165.295    106.370    4096
       1318 10.98333333333   35.90453    56.42639              -165.284    106.742    4096
       1319 10.99166666667   35.77332    56.20933              -165.227    106.922    4096
       1320 11.00000000000   35.64108    55.99394              -165.201    104.181    4096
       1321 11.00833333333   35.50783    55.78021              -165.133    101.726    4096
       1322 11.01666666667   35.37357    55.56814              -165.051    109.492    4096
       1323 11.02500000000   35.23832    55.35775              -164.973    113.061    4096
       1324 11.03333333333   35.10210    55.14902              -164.924    110.977    4096
       1325 11.04166666667   34.96490    54.94195              -164.833    105.285    4096
       1326 11.05000000000   34.82674    54.73655              -164.784    108.569    4096
       1327 11.05833333333   34.68763    54.53282              -164.688    110.044    4096
       1328 11.06666666667   34.54759    54.33075              -164.618    108.007    4096
       1329 11.07500000000   34.40662    54.13034              -164.525    114.403    4096
       1330 11.08333333333   34.26473    53.93159              -164.455    110.872    4096
       1331 11.09166666667   34.12195    53.73449              -164.374    116.440    4096
       1332 11.10000000000   33.97826    53.53906              -164.248    104.619    4096
       1333 11.10833333333   33.83370    53.34528            -15001.279    114.137    4096
       1334 11.11666666667   33.68827    53.15315              -164.089    115.212    4096
       1335 11.12500000000   33.54197    52.96267              -164.032    117.268    4096
       1336 11.13333333333   33.39482    52.77384              -163.890    121.199    4096
       1337 11.14166666667   33.24684    52.58665              -163.810    111.167    4096
       1338 11.15000000000   33.09802    52.40111              -163.746    121.085    4096
       1339 11.15833333333   32.94839    52.21719              -163.618    114.251    4096
       1340 11.16666666667   32.79795    52.03492              -163.501    126.662    4096
       1341 11.17500000000   32.64671    51.85427              -163.392    117.782    4096
       1342 11.18333333333   32.49468    51.67525              -163.289    117.963    4096
       1343 11.19166666667   32.34188    51.49785              -163.184    113.842    4096
       1344 11.20000000000   32.18831    51.32207              -163.071    118.077    4096
       1345 11.20833333333   32.03398    51.14790              -162.945    117.525    4096
       1346 11.21666666667   31.87891    50.97534              -162.866    110.054    4096
       1347 11.22500000000   31.72310    50.80439              -162.763    111.272    4096
       1348 11.23333333333   31.56657    50.63504              -162.686    106.665    4096
       1349 11.24166666667   31.40931    50.46728              -162.599  -2326.082    4096
       1350 11.25000000000   31.25136    50.30111              -162.535    112.766    4096
       1351 11.25833333333   31.09270    50.13653              -162.447    124.207    4096
       1352 11.26666666667   30.93336    49.97352              -162.336    108.826    4096
       1353 11.27500000000   30.77334    49.81210              -162.262    105.704    4096
       1354 11.28333333333   30.61265    49.65224              -162.194    109.121    4096
       1355 11.29166666667   30.45131    49.49395              -162.136    112.091    4096
       1356 11.30000000000   30.28931    49.33721              -162.024    124.064    4096
       1357 11.30833333333   30.12668    49.18203              -161.942    119.419    4096
       1358 11.31666666667   29.96342    49.02839              -161.821  -2315.194    4096
       1359 11.32500000000   29.79954    48.87630            -14998.808    122.313    4096
       1360 11.33333333333   29.63504    48.72574              -161.575    115.365    4096
       1361 11.34166666667   29.46994    48.57671              -161.446    112.243    4096
       1362 11.35000000000   29.30425    48.42921              -161.313    119.010    4096
       1363 11.35833333333   29.13798    48.28322              -161.092    117.259    4096
       1364 11.36666666667   28.97113    48.13874              -160.998    115.469    4096
       1365 11.37500000000   28.80371    47.99576              -160.865    110.606    4096
       1366 11.38333333333   28.63573    47.85429              -160.747    109.340    4096
       1367 11.39166666667   28.46721    47.71431              -160.624    111.434    4096
       1368 11.40000000000   28.29815    47.57581              -160.518    115.070    4096
       1369 11.40833333333   28.12855    47.43879              -160.403    111.938    4096
       1370 11.41666666667   27.95843    47.30324              -160.317    112.766    4096
       1371 11.42500000000   27.78779    47.16916              -160.185    100.907    4096
       1372 11.43333333333   27.61665    47.03654              -160.105    118.344    4096
       1373 11.44166666667   27.44501    46.90537              -159.993    116.592    4096
       1374 11.45000000000   27.27288    46.77565             18881.069  -2304.591    4096
       1375 11.45833333333   27.10027    46.64737              -159.726    138.226    4096
       1376 11.46666666667   26.92718    46.52052              -159.565    129.898    4096
       1377 11.47500000000   26.75363    46.39509              -159.402    125.187    4096
       1378 11.48333333333   26.57962    46.27108              -159.220    134.286    4096
       1379 11.49166666667   26.40516    46.14849              -159.027    132.392    4096
       1380 11.50000000000   26.23025    46.02730              -158.921    129.527    4096
       1381 11.50833333333   26.05491    45.90751              -158.755    129.794    4096
       1382 11.51666666667   25.87915    45.78911              -158.606    129.527    4096
       1383 11.52500000000   25.70296    45.67209              -158.466    131.278    4096
       1384 11.53333333333   25.52636    45.55645              -158.249    132.392    4096
       1385 11.54166666667   25.34936    45.44218              -158.151    128.966    4096
       1386 11.55000000000   25.17196    45.32928              -158.050    121.199    4096
       1387 11.55833333333   24.99417    45.21773              -157.916    125.549    4096
       1388 11.56666666667   24.81599    45.10753              -157.813    128.004    4096
       1389 11.57500000000   24.63744    44.99867              -157.685    100.793    4096
       1390 11.58333333333   24.45852    44.89115              -157.516     97.367    4096
       1391 11.59166666667   24.27924    44.78496              -157.476    105.438    4096
       1392 11.60000000000   24.09960    44.68009              -157.296    109.112    4096
       1393 11.60833333333   23.91962    44.57654              -157.175    108.712    4096
       1394 11.61666666667   23.73929    44.47429              -157.048    125.292    4096
       1395 11.62500000000   23.55863    44.37334              -156.876    126.776    4096
       1396 11.63333333333   23.37764    44.27369              -156.709    124.768    4096
       1397 11.64166666667   23.19633    44.17532              -156.590    122.722    4096
       1398 11.65000000000   23.01471    44.07824              -156.396    123.921    4096
       1399 11.65833333333   22.83277    43.98242              -156.172    123.912    4096
       1400 11.66666666667   22.65054    43.88788              -155.987    120.124    4096
       1401 11.67500000000   22.46800    43.79459              -155.797    124.473    4096
       1402 11.68333333333   22.28518    43.70256              -155.694    124.730    4096
       1403 11.69166666667   22.10208    43.61177              -155.568    132.506    4096
       1404 11.70000000000   21.91869    43.52222              -155.313    134.248    4096
       1405 11.70833333333   21.73504    43.43390              -155.115    117.259    4096
       1406 11.71666666667   21.55112    43.34681              -154.947  -2331.260    4096
       1407 11.72500000000   21.36694    43.26093              -154.838    115.926    4096
       1408 11.73333333333   21.18251    43.17627              -154.620    113.290    4096
       1409 11.74166666667   20.99783    43.09281              -154.423    117.116    4096
       1410 11.75000000000   20.81291    43.01055              -154.257    124.882    4096
       1411 11.75833333333   20.62775    42.92949              -154.059    129.794    4096
       1412 11.76666666667   20.44236    42.84960              -153.940    122.427    4096
       1413 11.77500000000   20.25674    42.77090              -153.729    114.841    4096
       1414 11.78333333333   20.07091    42.69337              -153.425    130.203    4096
       1415 11.79166666667   19.88486    42.61700              -153.205    125.958    4096
       1416 11.80000000000   19.69860    42.54179              -152.980    115.774    4096
       1417 11.80833333333   19.51214    42.46773              -152.802    126.415    4096
       1418 11.81666666667   19.32548    42.39482              -152.607    132.915    4096
       1419 11.82500000000   19.13863    42.32305              -152.389    139.606    4096
       1420 11.83333333333   18.95159    42.25241              -152.180    138.493    4096
       1421 11.84166666667   18.76437    42.18290              -152.013  -2309.321    4096
       1422 11.85000000000   18.57697    42.11451              -151.811    126.377    4096
       1423 11.85833333333   18.38939    42.04723              -151.710    122.579    4096
       1424 11.86666666667   18.20165    41.98106              -151.473    129.946    4096
       1425 11.87500000000   18.01374    41.91599              -151.327    112.766    4096
       1426 11.88333333333   17.82568    41.85202              -151.151    130.460    4096
       1427 11.89166666667   17.63746    41.78913              -150.953    139.721    4096
       1428 11.90000000000   17.44909    41.72733              -150.677    135.371    4096
       1429 11.90833333333   17.26058    41.66660              -150.584    133.839    4096
       1430 11.91666666667   17.07193    41.60694              -150.424    126.253    4096
       1431 11.92500000000   16.88314    41.54835              -150.305    135.523    4096
       1432 11.93333333333   16.69423    41.49082              -150.089    143.023    4096
       1433 11.94166666667   16.50518    41.43434              -149.896    137.560    4096
       1434 11.95000000000   16.31602    41.37890              -149.724    139.054    4096
       1435 11.95833333333   16.12673    41.32451              -149.552    116.849    4096
       1436 11.96666666667   15.93734    41.27115              -149.382     96.263    4096
       1437 11.97500000000   15.74783    41.21882              -149.283    110.311    4096
       1438 11.98333333333   15.55822    41.16751              -149.166    135.409    4096
       1439 11.99166666667   15.36851    41.11722              -149.008    118.191    4096
       1440 12.00000000000   15.17872    41.06794              -148.763    123.550    4096
       1441 12.00833333333   14.98880    41.01967              -148.595    113.290    4096
       1442 12.01666666667   14.79881    40.97240              -148.387    131.136    4096
       1443 12.02500000000   14.60873    40.92612              -148.199    120.837    4096
       1444 12.03333333333   14.41858    40.88083              -147.946    130.203    4096
       1445 12.04166666667   14.22834    40.83653              -147.741    111.539    4096
       1446 12.05000000000   14.03804    40.79320              -147.580    113.880    4096
       1447 12.05833333333   13.84766    40.75085              -147.456    120.790    4096
       1448 12.06666666667   13.65722    40.70946              -147.216    104.733    4096
       1449 12.07500000000   13.46672    40.66904              -146.956    121.466    4096
       1450 12.08333333333   13.27615    40.62957              -146.752    119.971    4096
       1451 12.09166666667   13.08553    40.59105              -146.532    120.676    4096
       1452 12.10000000000   12.89486    40.55348              -146.289    124.064    4096
       1453 12.10833333333   12.70415    40.51685              -146.112    131.535    4096
       1454 12.11666666667   12.51338    40.48116              -145.923    114.289    4096
       1455 12.12500000000   12.32258    40.44639              -145.646    137.113    4096
       1456 12.13333333333   12.13174    40.41255              -145.426  -2308.493    4096
       1457 12.14166666667   11.94086    40.37964              -145.120    137.560    4096
       1458 12.15000000000   11.74996    40.34763              -144.883    151.056    4096
       1459 12.15833333333   11.55902    40.31654              -144.670    135.409    4096
       1460 12.16666666667   11.36806    40.28635              -144.386    138.521    4096
       1461 12.17500000000   11.17708    40.25707              -144.143    134.143    4096
       1462 12.18333333333   10.98608    40.22867              -143.898    146.412    4096
       1463 12.19166666667   10.79506    40.20117              -143.741    125.853    4096
       1464 12.20000000000   10.60404    40.17456              -143.580    121.646    4096
       1465 12.20833333333   10.41300    40.14883              -143.336    128.975    4096
       1466 12.21666666667   10.22195    40.12397              -143.110    128.975    4096
       1467 12.22500000000   10.03091    40.09998              -142.829    118.087    4096
       1468 12.23333333333    9.83986    40.07687              -142.670    127.338    4096
       1469 12.24166666667    9.64881    40.05461              -142.519    120.942    4096
       1470 12.25000000000    9.45777    40.03321            -14979.511    115.070    4096
       1471 12.25833333333    9.26674    40.01267              -142.178    123.807    4096
       1472 12.26666666667    9.07571    39.99297              -142.040    118.896    4096
       1473 12.27500000000    8.88470    39.97412              -141.995    111.539    4096
       1474 12.28333333333    8.69371    39.95611              -141.848    116.554    4096
       1475 12.29166666667    8.50273    39.93894              -141.578    133.058    4096
       1476 12.30000000000    8.31178    39.92259              -141.442    126.815    4096
       1477 12.30833333333    8.12085    39.90707              -141.344    141.653    4096
       1478 12.31666666667    7.92995    39.89238              -141.234    148.039    4096
       1479 12.32500000000    7.73907    39.87850              -141.018    142.319    4096
       1480 12.33333333333    7.54823    39.86544              -140.861  -2301.288    4096
       1481 12.34166666667    7.35742    39.85319              -140.751    133.210    4096
       1482 12.35000000000    7.16664    39.84174              -140.622    147.335    4096
       1483 12.35833333333    6.97591    39.83110              -140.524    134.543    4096
       1484 12.36666666667    6.78522    39.82125              -140.476    134.848    4096
       1485 12.37500000000    6.59456    39.81220              -140.370    151.732    4096
       1486 12.38333333333    6.40396    39.80393              -140.214    147.078    4096
       1487 12.39166666667    6.21340    39.79645             18900.864    145.441    4096
       1488 12.40000000000    6.02289    39.78976              -139.957    150.866    4096
       1489 12.40833333333    5.83244    39.78384              -139.959  -2288.354    4096
       1490 12.41666666667    5.64204    39.77869              -139.946    139.721    4096
       1491 12.42500000000    5.45169    39.77432              -139.902    133.991    4096
       1492 12.43333333333    5.26141    39.77071              -139.888    140.530    4096
       1493 12.44166666667    5.07118    39.76786              -139.847    120.904    4096
       1494 12.45000000000    4.88102    39.76578              -139.872    117.002    4096
       1495 12.45833333333    4.69093    39.76445              -139.755    131.021    4096
       1496 12.46666666667    4.50090    39.76386              -139.625    136.075    4096
       1497 12.47500000000    4.31094    39.76403              -139.496    132.658    4096
       1498 12.48333333333    4.12105    39.76494              -139.493    130.308    4096
       1499 12.49166666667    3.93123    39.76660              -139.321    149.828    4096
       1500 12.50000000000    3.74149    39.76898              -139.385    154.035    4096
       1501 12.50833333333    3.55182    39.77211               -41.536    120.019    4098
       1502 12.51666666667    3.36223    39.77596                 0.000      0.000    5232
       2778 23.15000000000    8.84774   322.43545               -66.362    104.876    4096
       2779 23.15833333333    9.03342   322.38773               -66.386    116.040    4096
       2780 23.16666666667    9.21897   322.33910               -66.432     99.261    4096
       2781 23.17500000000    9.40440   322.28957               -66.376     97.519    4096
       2782 23.18333333333    9.58970   322.23911               -66.352     95.216    4096
       2783 23.19166666667    9.77486   322.18774               -66.352    104.476    4096
       2784 23.20000000000    9.95989   322.13544               -66.405    103.915    4096
       2785 23.20833333333   10.14477   322.08222               -66.471    108.112    4096
       2786 23.21666666667   10.32951   322.02806               -66.629    106.104    4096
       2787 23.22500000000   10.51410   321.97297               -66.731    109.902    4096
       2788 23.23333333333   10.69853   321.91694               -66.766    105.295    4096
       2789 23.24166666667   10.88280   321.85996               -66.932    113.842    4096
       2790 23.25000000000   11.06692   321.80203               -67.001    100.488    4096
       2791 23.25833333333   11.25087   321.74314               -67.172    101.050    4096
       2792 23.26666666667   11.43464   321.68330               -67.210    112.614    4096
       2793 23.27500000000   11.61825   321.62249               -67.443    106.627    4096
       2794 23.28333333333   11.80167   321.56072               -67.560    104.324    4096
       2795 23.29166666667   11.98491   321.49797               -67.668     97.367    4096
       2796 23.30000000000   12.16797   321.43425               -67.634     92.313    4096
       2797 23.30833333333   12.35083   321.36954               -67.770     97.224    4096
       2798 23.31666666667   12.53350   321.30385               -67.800     94.102    4096
       2799 23.32500000000   12.71596   321.23717               -67.972    113.575    4096
       2800 23.33333333333   12.89823   321.16949               -68.102    117.811    4096
       2801 23.34166666667   13.08028   321.10081               -68.195    108.112    4096
       2802 23.35000000000   13.26212   321.03113               -68.283    108.264    4096
       2803 23.35833333333   13.44374   320.96043               -68.299    108.264    4096
       2804 23.36666666667   13.62514   320.88872               -68.343    111.539    4096
       2805 23.37500000000   13.80632   320.81600               -68.346    110.711    4096
       2806 23.38333333333   13.98726   320.74225               -68.523    103.363    4096
       2807 23.39166666667   14.16796   320.66747               -68.572    123.655    4096
       2808 23.40000000000   14.34842   320.59165               -68.689    116.145    4096
       2809 23.40833333333   14.52863   320.51480               -68.785     99.270    4096
       2810 23.41666666667   14.70859   320.43691               -68.853    102.544    4096
       2811 23.42500000000   14.88830   320.35797               -68.831    122.284    4096
       2812 23.43333333333   15.06774   320.27798               -69.062    117.668    4096
       2813 23.44166666667   15.24692   320.19692               -69.060     95.063    4096
       2814 23.45000000000   15.42583   320.11481               -69.080     98.033    4096
       2815 23.45833333333   15.60445   320.03163               -69.186    104.619    4096
       2816 23.46666666667   15.78280   319.94738               -69.195    103.763    4096
       2817 23.47500000000   15.96086   319.86205               -69.364    102.801    4096
       2818 23.48333333333   16.13863   319.77564               -69.426     95.730    4096
       2819 23.49166666667   16.31609   319.68815               -69.416    114.403    4096
       2820 23.50000000000   16.49326   319.59956               -69.552    111.938    4096
       2821 23.50833333333   16.67011   319.50988               -69.554    112.205    4096
       2822 23.51666666667   16.84665   319.41910               -69.616    109.226    4096
       2823 23.52500000000   17.02288   319.32721               -69.675    100.793    4096
       2824 23.53333333333   17.19877   319.23421               -69.596     99.042    4096
       2825 23.54166666667   17.37433   319.14010               -69.640     99.822    4096
       2826 23.55000000000   17.54956   319.04486               -69.633    112.091    4096
       2827 23.55833333333   17.72445   318.94850               -69.715    104.467    4096
       2828 23.56666666667   17.89898   318.85101               -69.598     87.183    4096
       2829 23.57500000000   18.07316   318.75239               -69.673    104.324    4096
       2830 23.58333333333   18.24698   318.65263               -69.680     95.073    4096
       2831 23.59166666667   18.42044   318.55172               -69.685    108.264    4096
       2832 23.60000000000   18.59352   318.44967               -69.844     89.343    4096
       2833 23.60833333333   18.76622   318.34646               -69.783    102.430    4096
       2834 23.61666666667   18.93854   318.24209               -69.841     99.679    4096
       2835 23.62500000000   19.11047   318.13655               -69.910    116.288    4096
       2836 23.63333333333   19.28200   318.02985               -69.896     93.845    4096
       2837 23.64166666667   19.45313   317.92198               -70.000    102.954    4096
       2838 23.65000000000   19.62385   317.81293               -70.111    106.780    4096
       2839 23.65833333333   19.79415   317.70270               -70.145    114.289    4096
       2840 23.66666666667   19.96403   317.59128               -70.282    105.961    4096
       2841 23.67500000000   20.13348   317.47867               -70.300     84.737    4096
       2842 23.68333333333   20.30250   317.36486               -70.406    107.341    4096
       2843 23.69166666667   20.47107   317.24985               -70.536    109.902    4096
       2844 23.70000000000   20.63920   317.13364               -70.600    108.778    4096
       2845 23.70833333333   20.80687   317.01621               -70.640    105.657    4096
       2846 23.71666666667   20.97408   316.89758               -70.647     89.857    4096
       2847 23.72500000000   21.14082   316.77772               -70.708    114.917    4096
       2848 23.73333333333   21.30708   316.65664               -70.749    100.945    4096
       2849 23.74166666667   21.47286   316.53433               -70.739    107.189    4096
       2850 23.75000000000   21.63815   316.41079               -70.744    111.796    4096
       2851 23.75833333333   21.80295   316.28601               -70.681    101.202    4096
       2852 23.76666666667   21.96724   316.15999               -70.722     96.957    4096
       2853 23.77500000000   22.13102   316.03273               -70.810     81.167    4096
       2854 23.78333333333   22.29428   315.90422               -70.793     81.976    4096
       2855 23.79166666667   22.45702   315.77445               -70.738     88.106    4096
       2856 23.80000000000   22.61923   315.64342               -70.799     98.889    4096
       2857 23.80833333333   22.78089   315.51114               -70.812  -2336.837    4096
       2858 23.81666666667   22.94201   315.37759               -70.871    102.697    4096
       2859 23.82500000000   23.10257   315.24277               -70.851     97.928    4096
       2860 23.83333333333   23.26258   315.10667               -70.883     98.490    4096
       2861 23.84166666667   23.42201   314.96930               -70.879     96.700    4096
       2862 23.85000000000   23.58087   314.83064               -70.807    107.855    4096
       2863 23.85833333333   23.73914   314.69070               -70.814     93.693    4096
       2864 23.86666666667   23.89682   314.54948               -70.740     99.670    4096
       2865 23.87500000000   24.05389   314.40696               -70.736    114.546    4096
       2866 23.88333333333   24.21037   314.26314               -70.681    100.936    4096
       2867 23.89166666667   24.36622   314.11803               -70.621     93.693    4096
       2868 23.90000000000   24.52145   313.97161               -70.647    109.635    4096
       2869 23.90833333333   24.67606   313.82389               -70.557    106.922    4096
       2870 23.91666666667   24.83002   313.67485               -70.557    100.907    4096
       2871 23.92500000000   24.98333   313.52451               -70.516    101.459    4096
       2872 23.93333333333   25.13599   313.37285               -70.524    103.620    4096
       2873 23.94166666667   25.28799   313.21987               -70.483     96.957    4096
       2874 23.95000000000   25.43931   313.06557               -70.469     92.465    4096
       2875 23.95833333333   25.58996   312.90995               -70.437     97.928    4096
       2876 23.96666666667   25.73992   312.75300               -70.425    100.384    4096
       2877 23.97500000000   25.88918   312.59472               -70.410    104.172    4096
       2878 23.98333333333   26.03773   312.43511               -70.381  -2328.538    4096
       2879 23.99166666667   26.18558   312.27416               -70.369     95.587    4096
