# Created on 2022-09-13 07:27:31 
# Sources: obs\TPKL1681.22O, nav\TPKL1681.22N
# Satellite: G10
# Interval: 30.0
# Sampling interval: 0.0 (not used).
# Site: TPKL
# Position (L, B, H): 78.5290569025, 42.4638637031, 1886.01891334
# Position (X, Y, Z): 937429.6846, 4619604.6444, 4285027.6573
# datetime format: %Y-%m-%dT%H:%M:%S
# Columns: tsn, hour, el, az, tec.l1l2, tec.p1p2, validity
# (I11,1X,F14.11,1X,F10.5,1X,F11.5,1X,F21.3,1X,F10.3,1X,I7)
       1262 10.51666666667   14.93379   244.39573              -165.797    175.403    4096
       1263 10.52500000000   15.10691   244.53918              -166.217    178.382    4096
       1264 10.53333333333   15.28001   244.68302              -166.663    182.246    4096
       1265 10.54166666667   15.45309   244.82726              -167.074    170.130    4096
       1266 10.55000000000   15.62615   244.97190              -167.435  -2271.621    4096
       1267 10.55833333333   15.79919   245.11693              -167.894    172.281    4096
       1268 10.56666666667   15.97221   245.26237              -168.279    183.731    4096
       1269 10.57500000000   16.14521   245.40820              -168.672    178.011    4096
       1270 10.58333333333   16.31818   245.55442              -169.177    171.320    4096
       1271 10.59166666667   16.49114   245.70105              -169.479    174.889    4096
       1272 10.60000000000   16.66407   245.84807              -169.879    166.856    4096
       1273 10.60833333333   16.83698   245.99549              -170.378    173.252    4096
       1274 10.61666666667   17.00987   246.14330              -170.870    178.277    4096
       1275 10.62500000000   17.18274   246.29152              -171.222    163.287    4096
       1276 10.63333333333   17.35558   246.44013              -171.590  -2269.423    4096
       1277 10.64166666667   17.52840   246.58915              -172.036    167.084    4096
       1278 10.65000000000   17.70120   246.73856              -172.434    168.045    4096
       1279 10.65833333333   17.87398   246.88837              -172.803    161.907    4096
       1280 10.66666666667   18.04673   247.03858              -173.181    159.603    4096
       1281 10.67500000000   18.21946   247.18919              -173.604    162.325    4096
       1282 10.68333333333   18.39216   247.34021              -173.940  -2267.129    4096
       1283 10.69166666667   18.56484   247.49162              -174.305    167.788    4096
       1284 10.70000000000   18.73750   247.64343              -174.728    167.493    4096
       1285 10.70833333333   18.91013   247.79564              -175.174    164.771    4096
       1286 10.71666666667   19.08273   247.94826              -175.463    155.815    4096
       1287 10.72500000000   19.25531   248.10128              -175.893    162.211    4096
       1288 10.73333333333   19.42787   248.25469              -176.159    163.962    4096
       1289 10.74166666667   19.60040   248.40852              -176.434    158.642    4096
       1290 10.75000000000   19.77290   248.56274              -176.883    169.568    4096
       1291 10.75833333333   19.94538   248.71737              -177.318    165.999    4096
       1292 10.76666666667   20.11783   248.87240              -177.650    164.410    4096
       1293 10.77500000000   20.29026   249.02783              -177.911    162.773    4096
       1294 10.78333333333   20.46266   249.18367              -178.123    153.360    4096
       1295 10.79166666667   20.63503   249.33991              -178.467    159.755    4096
       1296 10.80000000000   20.80738   249.49656              -178.770  -2273.925    4096
       1297 10.80833333333   20.97970   249.65362              -179.166  -2280.873    4096
       1298 10.81666666667   21.15199   249.81108              -179.561    169.683    4096
       1299 10.82500000000   21.32425   249.96895              -179.957    170.653    4096
       1300 10.83333333333   21.49649   250.12722              -180.261    172.957    4096
       1301 10.84166666667   21.66869   250.28590              -180.508    166.446    4096
       1302 10.85000000000   21.84087   250.44499              -180.791    155.111    4096
       1303 10.85833333333   22.01303   250.60449              -181.059    155.663    4096
       1304 10.86666666667   22.18515   250.76440              -181.300    163.705    4096
       1305 10.87500000000   22.35724   250.92472              -181.584    161.650    4096
       1306 10.88333333333   22.52931   251.08544              -181.908    159.603    4096
       1307 10.89166666667   22.70135   251.24658              -182.174    165.076    4096
       1308 10.90000000000   22.87335   251.40813              -182.420    154.597    4096
       1309 10.90833333333   23.04533   251.57009              -182.662    158.090    4096
       1310 10.91666666667   23.21728   251.73247              -182.859    162.059    4096
       1311 10.92500000000   23.38920   251.89526              -183.123    159.051    4096
       1312 10.93333333333   23.56108   252.05846              -183.347    154.854    4096
       1313 10.94166666667   23.73294   252.22207              -183.592  -2281.958    4096
       1314 10.95000000000   23.90477   252.38611              -183.865    160.574    4096
       1315 10.95833333333   24.07656   252.55055              -184.077    152.808    4096
       1316 10.96666666667   24.24833   252.71542              -184.298    160.831    4096
       1317 10.97500000000   24.42006   252.88070              -184.509    160.831    4096
       1318 10.98333333333   24.59177   253.04640              -184.765    160.422    4096
       1319 10.99166666667   24.76344   253.21251              -184.983    147.744    4096
       1320 11.00000000000   24.93508   253.37905              -185.198    148.972    4096
       1321 11.00833333333   25.10668   253.54601              -185.413    152.960    4096
       1322 11.01666666667   25.27826   253.71339              -185.571    149.533    4096
       1323 11.02500000000   25.44980   253.88119              -185.829    149.267    4096
       1324 11.03333333333   25.62132   254.04941              -186.040    153.626    4096
       1325 11.04166666667   25.79279   254.21805              -186.246    159.603    4096
       1326 11.05000000000   25.96424   254.38713              -186.470    160.060    4096
       1327 11.05833333333   26.13565   254.55662              -186.752    146.117    4096
       1328 11.06666666667   26.30703   254.72654              -186.878    142.176    4096
       1329 11.07500000000   26.47838   254.89689              -187.068    152.256    4096
       1330 11.08333333333   26.64969   255.06767              -187.237    151.723    4096
       1331 11.09166666667   26.82097   255.23887              -187.470    146.412    4096
       1332 11.10000000000   26.99222   255.41051              -187.657    151.313    4096
       1333 11.10833333333   27.16343   255.58257              -187.852    153.617    4096
       1334 11.11666666667   27.33460   255.75507              -188.072    162.582    4096
       1335 11.12500000000   27.50575   255.92800              -188.253    157.043    4096
       1336 11.13333333333   27.67685   256.10137              -188.419    148.039    4096
       1337 11.14166666667   27.84793   256.27517              -188.678    148.715    4096
       1338 11.15000000000   28.01896   256.44940              -188.781    149.533    4096
       1339 11.15833333333   28.18997   256.62407              -188.984    153.474    4096
       1340 11.16666666667   28.36093   256.79918              -189.184    147.335    4096
       1341 11.17500000000   28.53187   256.97473              -189.388    157.043    4096
       1342 11.18333333333   28.70276   257.15072              -189.558    154.445    4096
       1343 11.19166666667   28.87362   257.32715              -189.697    159.870    4096
       1344 11.20000000000   29.04444   257.50403              -189.858    152.836    4096
       1345 11.20833333333   29.21523   257.68135              -190.057    149.010    4096
       1346 11.21666666667   29.38598   257.85911              -190.219    149.790    4096
       1347 11.22500000000   29.55670   258.03732              -190.411    150.761    4096
       1348 11.23333333333   29.72737   258.21598              -190.563    151.837    4096
       1349 11.24166666667   29.89801   258.39508              -190.745    143.252    4096
       1350 11.25000000000   30.06862   258.57464              -190.919    149.381    4096
       1351 11.25833333333   30.23918   258.75465              -191.084    152.246    4096
       1352 11.26666666667   30.40971   258.93511              -191.196    149.124    4096
       1353 11.27500000000   30.58020   259.11602              -191.348    146.669    4096
       1354 11.28333333333   30.75065   259.29740              -191.562  -2278.569    4096
       1355 11.29166666667   30.92106   259.47922              -191.710    152.246    4096
       1356 11.30000000000   31.09144   259.66151              -191.795    147.230    4096
       1357 11.30833333333   31.26177   259.84426              -191.948    146.145    4096
       1358 11.31666666667   31.43207   260.02747              -192.148    145.850    4096
       1359 11.32500000000   31.60233   260.21114              -192.284    149.533    4096
       1360 11.33333333333   31.77255   260.39528              -192.438    150.085    4096
       1361 11.34166666667   31.94273   260.57988              -192.573    135.923    4096
       1362 11.35000000000   32.11286   260.76496              -192.725    147.744    4096
       1363 11.35833333333   32.28296   260.95050              -192.842    142.328    4096
       1364 11.36666666667   32.45302   261.13651              -192.981    149.828    4096
       1365 11.37500000000   32.62304   261.32300              -193.126    145.327    4096
       1366 11.38333333333   32.79302   261.50996              -193.265    136.894    4096
       1367 11.39166666667   32.96296   261.69740              -193.393    144.775    4096
       1368 11.40000000000   33.13286   261.88532              -193.566    146.707    4096
       1369 11.40833333333   33.30271   262.07371              -193.678    142.062    4096
       1370 11.41666666667   33.47253   262.26259              -193.811    135.371    4096
       1371 11.42500000000   33.64230   262.45196              -193.926    144.508    4096
       1372 11.43333333333   33.81203   262.64181            -15031.238    152.132    4096
       1373 11.44166666667   33.98172   262.83214              -194.305    145.736    4096
       1374 11.45000000000   34.15137   263.02297              -194.459    150.352    4096
       1375 11.45833333333   34.32097   263.21429              -194.619    142.052    4096
       1376 11.46666666667   34.49053   263.40610              -194.807    143.138    4096
       1377 11.47500000000   34.66005   263.59841              -194.965    140.168    4096
       1378 11.48333333333   34.82953   263.79122              -195.103    145.327    4096
       1379 11.49166666667   34.99896   263.98453              -195.336    151.437    4096
       1380 11.50000000000   35.16835   264.17834              -195.415    142.205    4096
       1381 11.50833333333   35.33769   264.37265              -195.584  -2284.851    4096
       1382 11.51666666667   35.50699   264.56748              -195.763    143.138    4096
       1383 11.52500000000   35.67625   264.76281              -195.892    142.881    4096
       1384 11.53333333333   35.84546   264.95865              -195.959    144.622    4096
       1385 11.54166666667   36.01463   265.15501              -196.176    152.398    4096
       1386 11.55000000000   36.18375   265.35188              -196.335    143.404    4096
       1387 11.55833333333   36.35283   265.54927              -196.398    141.910    4096
       1388 11.56666666667   36.52186   265.74719              -196.504    140.530    4096
       1389 11.57500000000   36.69084   265.94563              -196.569  -2292.065    4096
       1390 11.58333333333   36.85978   266.14459              -196.705    152.389    4096
       1391 11.59166666667   37.02867   266.34409              -196.820    144.061    4096
       1392 11.60000000000   37.19752   266.54411              -196.932    148.867    4096
       1393 11.60833333333   37.36632   266.74467              -197.090    148.858    4096
       1394 11.61666666667   37.53507   266.94577              -197.213    153.217    4096
       1395 11.62500000000   37.70377   267.14741              -197.356    144.213    4096
       1396 11.63333333333   37.87243   267.34959              -197.408    139.568    4096
       1397 11.64166666667   38.04103   267.55232              -197.528    146.526    4096
       1398 11.65000000000   38.20959   267.75560              -197.670    139.606    4096
       1399 11.65833333333   38.37810   267.95942              -197.787    137.817    4096
       1400 11.66666666667   38.54656   268.16381              -197.909    149.572    4096
       1401 11.67500000000   38.71497   268.36875              -198.082    137.712    4096
       1402 11.68333333333   38.88334   268.57425              -198.182    143.956    4096
       1403 11.69166666667   39.05165   268.78032              -198.295    143.547    4096
       1404 11.70000000000   39.21991   268.98695              -198.455    137.408    4096
       1405 11.70833333333   39.38812   269.19416              -198.559    143.547    4096
       1406 11.71666666667   39.55628   269.40194              -198.680  -2287.944    4096
       1407 11.72500000000   39.72439   269.61030              -198.920    142.471    4096
       1408 11.73333333333   39.89245   269.81923              -198.967    128.452    4096
       1409 11.74166666667   40.06045   270.02876              -199.111    147.782    4096
       1410 11.75000000000   40.22840   270.23887              -199.244    139.873    4096
       1411 11.75833333333   40.39630   270.44957              -199.407    147.344    4096
       1412 11.76666666667   40.56415   270.66087              -199.479    124.216    4096
       1413 11.77500000000   40.73194   270.87277              -199.555    143.547    4096
       1414 11.78333333333   40.89968   271.08527              -199.713    138.388    4096
       1415 11.79166666667   41.06736   271.29838              -199.810    130.193    4096
       1416 11.80000000000   41.23499   271.51210              -199.859    129.384    4096
       1417 11.80833333333   41.40256   271.72643              -199.991    129.946    4096
       1418 11.81666666667   41.57008   271.94138              -200.076    135.371    4096
       1419 11.82500000000   41.73754   272.15696              -200.141    144.108    4096
       1420 11.83333333333   41.90494   272.37317              -200.185    136.599    4096
       1421 11.84166666667   42.07229   272.59000              -200.232    148.858    4096
       1422 11.85000000000   42.23958   272.80747              -200.330    139.197    4096
       1423 11.85833333333   42.40681   273.02559              -200.400    130.612    4096
       1424 11.86666666667   42.57399   273.24434              -200.485    137.151    4096
       1425 11.87500000000   42.74110   273.46375              -200.595    132.915    4096
       1426 11.88333333333   42.90816   273.68381              -200.633    146.669    4096
       1427 11.89166666667   43.07515   273.90453              -200.741    137.560    4096
       1428 11.90000000000   43.24209   274.12591              -200.730    131.126    4096
       1429 11.90833333333   43.40896   274.34797              -200.829    137.712    4096
       1430 11.91666666667   43.57578   274.57069              -200.923    140.168    4096
       1431 11.92500000000   43.74253   274.79409              -200.993    132.240    4096
       1432 11.93333333333   43.90921   275.01818              -201.089    137.151    4096
       1433 11.94166666667   44.07584   275.24296             18839.772    134.552    4096
       1434 11.95000000000   44.24240   275.46843              -201.268    142.052    4096
       1435 11.95833333333   44.40889   275.69460              -201.313    139.197    4096
       1436 11.96666666667   44.57533   275.92147              -201.471    148.039    4096
       1437 11.97500000000   44.74169   276.14906              -201.560    138.379    4096
       1438 11.98333333333   44.90799   276.37736              -201.682    146.554    4096
       1439 11.99166666667   45.07422   276.60639              -201.784    129.270    4096
       1440 12.00000000000   45.24039   276.83614              -201.863    135.666    4096
       1441 12.00833333333   45.40648   277.06662              -201.916    134.809    4096
       1442 12.01666666667   45.57251   277.29785              -202.040    137.969    4096
       1443 12.02500000000   45.73847   277.52982              -202.133  -2307.161    4096
       1444 12.03333333333   45.90436   277.76254              -202.175    135.628    4096
       1445 12.04166666667   46.07018   277.99602              -202.306    132.801    4096
       1446 12.05000000000   46.23592   278.23027               -16.436    137.560    4096
       1447 12.05833333333   46.40159   278.46528               -16.489    141.243    4096
       1448 12.06666666667   46.56719   278.70108               -18.931    135.885    4096
       1449 12.07500000000   46.73272   278.93766                 0.000      0.000    5200
       1450 12.08333333333   46.89817   279.17503               -14.436    141.510    4096
       1451 12.09166666667   47.06354   279.41320                -9.823    130.203    4098
       1452 12.10000000000   47.22884   279.65217                -9.865    129.489    4096
       1453 12.10833333333   47.39406   279.89196                 0.000      0.000    5200
       1454 12.11666666667   47.55920   280.13257                -9.982    139.045    4096
       1455 12.12500000000   47.72426   280.37401               -10.029  -2310.949    4096
       1456 12.13333333333   47.88924   280.61628               -10.129    138.493    4096
       1457 12.14166666667   48.05414   280.85939               -10.154    135.114    4096
       1458 12.15000000000   48.21896   281.10336               -10.195    137.455    4096
       1459 12.15833333333   48.38370   281.34818               -10.247    131.840    4096
       1460 12.16666666667   48.54835   281.59387               -10.338    137.827    4096
       1461 12.17500000000   48.71292   281.84044               -10.403    134.809    4096
       1462 12.18333333333   48.87740   282.08789               -10.469    145.584    4096
       1463 12.19166666667   49.04179   282.33623               -10.492    133.582    4096
       1464 12.20000000000   49.20609   282.58547               -10.584    137.674    4096
       1465 12.20833333333   49.37031   282.83563               -10.658    140.834    4096
       1466 12.21666666667   49.53443   283.08670               -10.744    131.830    4096
       1467 12.22500000000   49.69847   283.33869               -10.800    140.948    4096
       1468 12.23333333333   49.86241   283.59163               -10.868    133.886    4096
       1469 12.24166666667   50.02625   283.84551               -10.870    135.666    4096
       1470 12.25000000000   50.19000   284.10035               -10.985    131.431    4096
       1471 12.25833333333   50.35366   284.35615               -11.003    137.560    4096
       1472 12.26666666667   50.51721   284.61293                -4.138    127.443    4098
       1473 12.27500000000   50.68067   284.87069               -11.147    138.521    4098
       1474 12.28333333333   50.84402   285.12945                 0.000      0.000    5200
       1475 12.29166666667   51.00728   285.38921                -1.994    132.649    4096
       1476 12.30000000000   51.17043   285.64999                -2.011    125.330    4096
       1477 12.30833333333   51.33347   285.91180                 0.000      0.000    5200
       1478 12.31666666667   51.49641   286.17465                 0.000      0.000    5200
       1479 12.32500000000   51.65924   286.43855                -4.556    133.467    4096
       1480 12.33333333333   51.82197   286.70350                -2.238    132.954    4096
       1481 12.34166666667   51.98458   286.96954                -9.266    138.788    4096
       1482 12.35000000000   52.14707   287.23665            -14837.109    128.004    4098
       1483 12.35833333333   52.30946   287.50486                 0.000      0.000    5200
       1484 12.36666666667   52.47173   287.77418                -0.098    132.249    4096
       1485 12.37500000000   52.63388   288.04462                 0.000      0.000    5200
       1486 12.38333333333   52.79591   288.31619                -0.195    137.008    4096
       1487 12.39166666667   52.95782   288.58890                 0.000      0.000    5200
       1488 12.40000000000   53.11960   288.86278                 2.042    130.907    4096
       1489 12.40833333333   53.28127   289.13783                -4.998    132.763    4096
       1490 12.41666666667   53.44280   289.41406                 0.000      0.000    5232
       1491 12.42500000000   53.60421   289.69149                -0.441    135.523    4096
       1492 12.43333333333   53.76548   289.97013                -2.815    132.354    4098
       1493 12.44166666667   53.92662   290.25000                -5.187    136.475    4098
       1494 12.45000000000   54.08763   290.53111                 4.037    128.975    4096
       1495 12.45833333333   54.24850   290.81348                -2.959    129.527    4096
       1496 12.46666666667   54.40923   291.09712                 1.585    127.747    4098
       1497 12.47500000000   54.56982   291.38204                 1.508    129.679    4098
       1498 12.48333333333   54.73027   291.66826                 3.799    126.929    4096
       1499 12.49166666667   54.89057   291.95580                 3.694    131.278    4096
       1500 12.50000000000   55.05072   292.24468                -3.346    135.114    4098
       1501 12.50833333333   55.21072   292.53490                 8.222    126.929    4096
       1502 12.51666666667   55.37057   292.82648                 5.820    128.966    4098
       1503 12.52500000000   55.53026   293.11945                 5.753  -2306.647    4096
       1504 12.53333333333   55.68979   293.41381                 0.000      0.000    5200
       1505 12.54166666667   55.84916   293.70959                 0.000      0.000    5200
       1506 12.55000000000   56.00837   294.00681                 5.560    128.832    4096
       1507 12.55833333333   56.16741   294.30547                 3.214    128.861    4098
       1508 12.56666666667   56.32628   294.60561                 5.477    126.367    4098
       1509 12.57500000000   56.48498   294.90723                 3.098  -2302.259    4096
       1510 12.58333333333   56.64350   295.21036                 3.053    132.763    4098
       1511 12.59166666667   56.80185   295.51501                 0.674    131.945    4096
       1512 12.60000000000   56.96001   295.82121                 0.000      0.000    5200
       1513 12.60833333333   57.11799   296.12898                 2.948    130.603    4096
       1514 12.61666666667   57.27578   296.43832                 0.000      0.000    5232
       1515 12.62500000000   57.43338   296.74928                 0.000      0.000    5200
       1516 12.63333333333   57.59078   297.06186                 2.895    130.612    4096
       1517 12.64166666667   57.74799   297.37609                 5.207    130.346    4096
       1518 12.65000000000   57.90500   297.69198                 0.000      0.000    5200
       1519 12.65833333333   58.06180   298.00957                 0.511    132.249    4096
       1520 12.66666666667   58.21839   298.32887                 0.000      0.000    5200
       1521 12.67500000000   58.37477   298.64990                 0.000      0.000    5200
       1522 12.68333333333   58.53093   298.97270                 0.475    132.611    4096
       1523 12.69166666667   58.68687   299.29727                 0.000      0.000    5200
       1524 12.70000000000   58.84259   299.62365                 0.000      0.000    5200
       1525 12.70833333333   58.99808   299.95186                 0.000      0.000    5232
       1526 12.71666666667   59.15333   300.28193                 2.660    131.726    4096
       1527 12.72500000000   59.30835   300.61387                 9.595    129.794    4096
       1528 12.73333333333   59.46313   300.94772                 0.000      0.000    5232
       1529 12.74166666667   59.61766   301.28350                 0.000      0.000    5200
       1530 12.75000000000   59.77194   301.62123                 0.000      0.000    5200
       1531 12.75833333333   59.92596   301.96095                 2.489    131.126    4096
       1532 12.76666666667   60.07973   302.30268                 7.023    131.573    4096
       1533 12.77500000000   60.23323   302.64644                 0.000      0.000    5200
       1534 12.78333333333   60.38646   302.99227                 0.000      0.000    5200
       1535 12.79166666667   60.53941   303.34020                 6.886    133.068    4096
       1536 12.80000000000   60.69209   303.69025                 9.176    132.763    4098
       1537 12.80833333333   60.84447   304.04245                 4.472    131.278    4096
       1538 12.81666666667   60.99657   304.39683                 0.000      0.000    5200
       1539 12.82500000000   61.14837   304.75343                 0.000      0.000    5200
       1540 12.83333333333   61.29987   305.11227                 0.000      0.000    5232
       1541 12.84166666667   61.45106   305.47338                 6.573    134.000    4096
       1542 12.85000000000   61.60193   305.83680                 0.000      0.000    5200
       1543 12.85833333333   61.75249   306.20256                11.129    129.537    4096
       1544 12.86666666667   61.90271   306.57068                 0.000      0.000    5200
       1545 12.87500000000   62.05261   306.94122                 0.000      0.000    5232
       1546 12.88333333333   62.20216   307.31419                13.304    125.701    4096
       1547 12.89166666667   62.35137   307.68963                13.286    125.587    4098
       1548 12.90000000000   62.50022   308.06758                 8.609    130.346    4098
       1549 12.90833333333   62.64872   308.44808                 8.585    139.045    4096
       1550 12.91666666667   62.79685   308.83115                 0.000      0.000    5232
       1551 12.92500000000   62.94460   309.21684                 0.000      0.000    5200
       1552 12.93333333333   63.09197   309.60517                 3.802    135.514    4096
       1553 12.94166666667   63.23895   309.99620                 0.000      0.000    5200
       1554 12.95000000000   63.38553   310.38995                 0.000      0.000    5200
       1555 12.95833333333   63.53171   310.78647                 0.000      0.000    5200
       1556 12.96666666667   63.67747   311.18579                15.322    122.056    4096
       1557 12.97500000000   63.82281   311.58796                17.645    123.245    4096
       1558 12.98333333333   63.96773   311.99301                19.921    119.981    4096
       1559 12.99166666667   64.11220   312.40098                17.544    119.457    4096
       1560 13.00000000000   64.25622   312.81192                 0.000      0.000    5200
       1561 13.00833333333   64.39979   313.22587                 0.000      0.000    5232
       1562 13.01666666667   64.54289   313.64286                 0.000      0.000    5200
       1563 13.02500000000   64.68552   314.06295                10.481    130.603    4096
       1564 13.03333333333   64.82766   314.48617                 0.000      0.000    5232
       1565 13.04166666667   64.96930   314.91257                 0.000      0.000    5200
       1566 13.05000000000   65.11044   315.34219                 0.000      0.000    5200
       1567 13.05833333333   65.25106   315.77508                 0.000      0.000    5200
       1568 13.06666666667   65.39116   316.21128                14.984    128.566    4096
       1569 13.07500000000   65.53072   316.65083                 0.000      0.000    5200
       1570 13.08333333333   65.66973   317.09379                 0.000      0.000    5232
       1571 13.09166666667   65.80819   317.54020                 7.874    129.908    4096
       1572 13.10000000000   65.94607   317.99011                 0.000      0.000    5200
       1573 13.10833333333   66.08337   318.44356                 0.000      0.000    5200
       1574 13.11666666667   66.22008   318.90061                 0.000      0.000    5200
       1575 13.12500000000   66.35618   319.36129                 0.000      0.000    5200
       1576 13.13333333333   66.49166   319.82566                 0.000      0.000    5200
       1577 13.14166666667   66.62651   320.29377                 0.000      0.000    5200
       1578 13.15000000000   66.76071   320.76566                 9.907    130.051    4096
       1579 13.15833333333   66.89426   321.24139                 0.000      0.000    5200
       1580 13.16666666667   67.02714   321.72100                16.818    128.414    4096
       1581 13.17500000000   67.15933   322.20455                 0.000      0.000    5200
       1582 13.18333333333   67.29082   322.69208                 0.000      0.000    5200
       1583 13.19166666667   67.42160   323.18365                 0.000      0.000    5200
       1584 13.20000000000   67.55165   323.67930                 0.000      0.000    5200
       1585 13.20833333333   67.68096   324.17909                 0.000      0.000    5200
       1586 13.21666666667   67.80951   324.68307                 0.000      0.000    5200
       1587 13.22500000000   67.93728   325.19128                 0.000      0.000    5200
       1588 13.23333333333   68.06427   325.70377                 9.572    136.190    4096
       1589 13.24166666667   68.19045   326.22061                14.225    132.249    4096
       1590 13.25000000000   68.31581   326.74183                 0.000      0.000    5232
       1591 13.25833333333   68.44033   327.26749                 0.000      0.000    5200
       1592 13.26666666667   68.56399   327.79764                14.140    133.582    4096
       1593 13.27500000000   68.68679   328.33232                 0.000      0.000    5200
       1594 13.28333333333   68.80869   328.87158                 0.000      0.000    5232
       1595 13.29166666667   68.92968   329.41549                 0.000      0.000    5200
       1596 13.30000000000   69.04975   329.96407                 0.000      0.000    5200
       1597 13.30833333333   69.16887   330.51738                16.334    131.126    4096
       1598 13.31666666667   69.28702   331.07546                 0.000      0.000    5200
       1599 13.32500000000   69.40419   331.63837                 0.000      0.000    5200
       1600 13.33333333333   69.52036   332.20615                13.988    129.527    4096
       1601 13.34166666667   69.63551   332.77883                13.976    128.975    4096
       1602 13.35000000000   69.74961   333.35647                 0.000      0.000    5200
       1603 13.35833333333   69.86265   333.93910                11.643    130.089    4096
       1604 13.36666666667   69.97460   334.52677                 0.000      0.000    5200
       1605 13.37500000000   70.08545   335.11952                16.274    130.612    4096
       1606 13.38333333333   70.19517   335.71737                16.267    131.421    4096
       1607 13.39166666667   70.30374   336.32038                 0.000      0.000    5232
       1608 13.40000000000   70.41114   336.92857                 0.000      0.000    5200
       1609 13.40833333333   70.51735   337.54197                 0.000      0.000    5200
       1610 13.41666666667   70.62234   338.16063                 0.000      0.000    5200
       1611 13.42500000000   70.72610   338.78456                 0.000      0.000    5200
       1612 13.43333333333   70.82859   339.41378                 0.000      0.000    5200
       1613 13.44166666667   70.92979   340.04834                 0.000      0.000    5200
       1614 13.45000000000   71.02969   340.68824                 0.000      0.000    5200
       1615 13.45833333333   71.12825   341.33351                 0.000      0.000    5200
       1616 13.46666666667   71.22545   341.98416                 0.000      0.000    5200
       1617 13.47500000000   71.32128   342.64021                13.773    132.392    4096
       1618 13.48333333333   71.41569   343.30166                 0.000      0.000    5200
       1619 13.49166666667   71.50868   343.96852                 0.000      0.000    5200
       1620 13.50000000000   71.60021   344.64080                 0.000      0.000    5200
       1621 13.50833333333   71.69025   345.31850                 0.000      0.000    5232
       1622 13.51666666667   71.77879   346.00160                 0.000      0.000    5200
       1623 13.52500000000   71.86580   346.69012                 0.000      0.000    5200
       1624 13.53333333333   71.95124   347.38402                15.969    128.566    4096
       1625 13.54166666667   72.03511   348.08330                 0.000      0.000    5232
       1626 13.55000000000   72.11736   348.78794                 0.000      0.000    5200
       1627 13.55833333333   72.19798   349.49791                 0.000      0.000    5200
       1628 13.56666666667   72.27693   350.21318                 0.000      0.000    5232
       1629 13.57500000000   72.35420   350.93372                 0.000      0.000    5200
       1630 13.58333333333   72.42975   351.65949                 0.000      0.000    5200
       1631 13.59166666667   72.50357   352.39045                15.806    129.384    4096
       1632 13.60000000000   72.57561   353.12654                 0.000      0.000    5200
       1633 13.60833333333   72.64587   353.86772                15.726    130.203    4096
       1634 13.61666666667   72.71431   354.61393                 0.000      0.000    5200
       1635 13.62500000000   72.78091   355.36509                 0.000      0.000    5200
       1636 13.63333333333   72.84563   356.12114                 0.000      0.000    5200
       1637 13.64166666667   72.90847   356.88200                 0.000      0.000    5232
       1638 13.65000000000   72.96939   357.64760                 0.000      0.000    5200
       1639 13.65833333333   73.02836   358.41784                17.876    127.443    4096
       1640 13.66666666667   73.08537   359.19263                 0.000      0.000    5200
       1641 13.67500000000   73.14038   359.97186                15.550    132.392    4096
       1642 13.68333333333   73.19339     0.75545                 0.000      0.000    5200
       1643 13.69166666667   73.24435     1.54327                 0.000      0.000    5200
       1644 13.70000000000   73.29325     2.33521                 0.000      0.000    5200
       1645 13.70833333333   73.34007     3.13114                13.268    132.240    4096
       1646 13.71666666667   73.38479     3.93095                 0.000      0.000    5200
       1647 13.72500000000   73.42738     4.73448                 0.000      0.000    5200
       1648 13.73333333333   73.46783     5.54161                13.265    133.620    4096
       1649 13.74166666667   73.50610     6.35219                 0.000      0.000    5200
       1650 13.75000000000   73.54220     7.16607                 0.000      0.000    5200
       1651 13.75833333333   73.57608     7.98310                 0.000      0.000    5232
       1652 13.76666666667   73.60775     8.80311                13.290    131.021    4096
       1653 13.77500000000   73.63718     9.62593                15.598    132.506    4098
       1654 13.78333333333   73.66435    10.45141                 0.000      0.000    5200
       1655 13.79166666667   73.68924    11.27936                15.619    127.747    4096
       1656 13.80000000000   73.71186    12.10960                 0.000      0.000    5200
       1657 13.80833333333   73.73217    12.94195                 0.000      0.000    5200
       1658 13.81666666667   73.75017    13.77623                 0.000      0.000    5200
       1659 13.82500000000   73.76584    14.61225                 0.000      0.000    5200
       1660 13.83333333333   73.77918    15.44981                17.935    129.127    4096
       1661 13.84166666667   73.79017    16.28871                20.228  -2311.368    4096
       1662 13.85000000000   73.79880    17.12876                 0.000      0.000    5232
       1663 13.85833333333   73.80507    17.96976                 0.000      0.000    5200
       1664 13.86666666667   73.80897    18.81150                 0.000      0.000    5200
       1665 13.87500000000   73.81050    19.65378                15.532    125.406    4096
       1666 13.88333333333   73.80964    20.49640                15.522    128.823    4098
       1667 13.89166666667   73.80639    21.33915                13.225    130.193    4096
       1668 13.90000000000   73.80075    22.18181                 0.000      0.000    5200
       1669 13.90833333333   73.79273    23.02420                 0.000      0.000    5200
       1670 13.91666666667   73.78231    23.86609                 0.000      0.000    5200
       1671 13.92500000000   73.76949    24.70728                 0.000      0.000    5200
       1672 13.93333333333   73.75429    25.54757                17.791    128.452    4096
       1673 13.94166666667   73.73670    26.38676                 0.000      0.000    5200
       1674 13.95000000000   73.71672    27.22464                 0.000      0.000    5200
       1675 13.95833333333   73.69436    28.06102                17.726    132.773    4096
       1676 13.96666666667   73.66963    28.89569                 0.000      0.000    5200
       1677 13.97500000000   73.64252    29.72846                 0.000      0.000    5200
       1678 13.98333333333   73.61306    30.55915                 0.000      0.000    5200
       1679 13.99166666667   73.58123    31.38755                22.315    123.950    4096
       1680 14.00000000000   73.54705    32.21351                 0.000      0.000    5232
       1681 14.00833333333   73.51057    33.03680                 0.000      0.000    5200
       1682 14.01666666667   73.47175    33.85728                 0.000      0.000    5232
       1683 14.02500000000   73.43061    34.67477                22.265  -2309.055    4096
       1684 14.03333333333   73.38718    35.48910                15.296    130.869    4098
       1685 14.04166666667   73.34146    36.30011                 0.000      0.000    5200
       1686 14.05000000000   73.29347    37.10764                 0.000      0.000    5200
       1687 14.05833333333   73.24322    37.91153                 0.000      0.000    5200
       1688 14.06666666667   73.19074    38.71165                 0.000      0.000    5200
       1689 14.07500000000   73.13603    39.50785                 0.000      0.000    5200
       1690 14.08333333333   73.07912    40.29999                 0.000      0.000    5200
       1691 14.09166666667   73.02001    41.08793                 0.000      0.000    5200
       1692 14.10000000000   72.95874    41.87157                 0.000      0.000    5232
       1693 14.10833333333   72.89532    42.65077                15.385    127.643    4096
       1694 14.11666666667   72.82977    43.42543                 0.000      0.000    5200
       1695 14.12500000000   72.76210    44.19543                15.448    124.997    4096
       1696 14.13333333333   72.69235    44.96068                 0.000      0.000    5200
       1697 14.14166666667   72.62053    45.72107                 0.000      0.000    5200
       1698 14.15000000000   72.54666    46.47653                 0.000      0.000    5200
       1699 14.15833333333   72.47076    47.22696                 0.000      0.000    5200
       1700 14.16666666667   72.39286    47.97228                 0.000      0.000    5200
       1701 14.17500000000   72.31298    48.71242                20.114    126.520    4096
       1702 14.18333333333   72.23114    49.44733                 0.000      0.000    5200
       1703 14.19166666667   72.14737    50.17692                17.764    127.490    4096
       1704 14.20000000000   72.06168    50.90115                22.411    124.473    4096
       1705 14.20833333333   71.97411    51.61997                15.420    128.975    4096
       1706 14.21666666667   71.88466    52.33332                 0.000      0.000    5232
       1707 14.22500000000   71.79338    53.04118                 0.000      0.000    5200
       1708 14.23333333333   71.70028    53.74350                 0.000      0.000    5200
       1709 14.24166666667   71.60538    54.44025                 0.000      0.000    5200
       1710 14.25000000000   71.50871    55.13140                 0.000      0.000    5200
       1711 14.25833333333   71.41030    55.81694                 0.000      0.000    5200
       1712 14.26666666667   71.31016    56.49684                 0.000      0.000    5200
       1713 14.27500000000   71.20832    57.17110                 0.000      0.000    5200
       1714 14.28333333333   71.10481    57.83970                 0.000      0.000    5200
       1715 14.29166666667   70.99964    58.50264                 0.000      0.000    5200
       1716 14.30000000000   70.89285    59.15991                17.814    124.473    4096
       1717 14.30833333333   70.78445    59.81152                17.821    125.035    4098
       1718 14.31666666667   70.67448    60.45748                15.496    128.709    4098
       1719 14.32500000000   70.56294    61.09778                22.490    129.232    4098
       1720 14.33333333333   70.44987    61.73245                 0.000      0.000    5200
       1721 14.34166666667   70.33529    62.36151                 0.000      0.000    5232
       1722 14.35000000000   70.21922    62.98495                20.234    123.912    4096
       1723 14.35833333333   70.10168    63.60282                 0.000      0.000    5200
       1724 14.36666666667   69.98270    64.21513                 0.000      0.000    5200
       1725 14.37500000000   69.86230    64.82190                15.660    127.338    4096
       1726 14.38333333333   69.74050    65.42317                 0.000      0.000    5200
       1727 14.39166666667   69.61732    66.01896                20.328    124.359    4096
       1728 14.40000000000   69.49279    66.60931                 0.000      0.000    5200
       1729 14.40833333333   69.36692    67.19424                 0.000      0.000    5232
       1730 14.41666666667   69.23974    67.77381                18.060    126.415    4096
       1731 14.42500000000   69.11127    68.34804                15.753    127.329    4098
       1732 14.43333333333   68.98152    68.91696                 0.000      0.000    5200
       1733 14.44166666667   68.85053    69.48064                 0.000      0.000    5200
       1734 14.45000000000   68.71830    70.03909                 0.000      0.000    5200
       1735 14.45833333333   68.58486    70.59237                 0.000      0.000    5200
       1736 14.46666666667   68.45023    71.14053                 0.000      0.000    5232
       1737 14.47500000000   68.31443    71.68359                15.859    127.890    4096
       1738 14.48333333333   68.17747    72.22162                 0.000      0.000    5200
       1739 14.49166666667   68.03938    72.75466                18.222    127.186    4096
       1740 14.50000000000   67.90017    73.28275                18.263    125.996    4096
       1741 14.50833333333   67.75987    73.80595                20.625  -2313.452    4096
       1742 14.51666666667   67.61848    74.32429                 0.000      0.000    5200
       1743 14.52500000000   67.47603    74.83784                16.065    126.634    4096
       1744 14.53333333333   67.33254    75.34664                 0.000      0.000    5200
       1745 14.54166666667   67.18802    75.85074                16.180    123.693    4096
       1746 14.55000000000   67.04248    76.35019                 0.000      0.000    5200
       1747 14.55833333333   66.89596    76.84504                 0.000      0.000    5200
       1748 14.56666666667   66.74845    77.33534                 0.000      0.000    5232
       1749 14.57500000000   66.59998    77.82115                14.038    130.346    4096
       1750 14.58333333333   66.45057    78.30250                14.058    125.177    4098
       1751 14.59166666667   66.30022    78.77946                11.729    128.147    4098
       1752 14.60000000000   66.14896    79.25208                14.058    126.367    4098
       1753 14.60833333333   65.99680    79.72040                 0.000      0.000    5200
       1754 14.61666666667   65.84375    80.18448                 0.000      0.000    5200
       1755 14.62500000000   65.68983    80.64436                 0.000      0.000    5200
       1756 14.63333333333   65.53506    81.10010                 0.000      0.000    5200
       1757 14.64166666667   65.37944    81.55175                 0.000      0.000    5200
       1758 14.65000000000   65.22299    81.99935                 0.000      0.000    5200
       1759 14.65833333333   65.06572    82.44296                 0.000      0.000    5200
       1760 14.66666666667   64.90765    82.88262                 0.000      0.000    5232
       1761 14.67500000000   64.74879    83.31840                 0.000      0.000    5200
       1762 14.68333333333   64.58916    83.75032                 0.000      0.000    5232
       1763 14.69166666667   64.42875    84.17844                16.338    127.186    4096
       1764 14.70000000000   64.26760    84.60282                14.042    128.566    4096
       1765 14.70833333333   64.10571    85.02349                 0.000      0.000    5200
       1766 14.71666666667   63.94308    85.44051                 0.000      0.000    5200
       1767 14.72500000000   63.77975    85.85391                 9.476    134.438    4096
       1768 14.73333333333   63.61570    86.26376                 0.000      0.000    5200
       1769 14.74166666667   63.45096    86.67008                 0.000      0.000    5200
       1770 14.75000000000   63.28554    87.07294                 9.598    131.174    4096
       1771 14.75833333333   63.11945    87.47236                 0.000      0.000    5232
       1772 14.76666666667   62.95270    87.86841                 0.000      0.000    5200
       1773 14.77500000000   62.78529    88.26111                 0.000      0.000    5232
       1774 14.78333333333   62.61725    88.65052                 0.000      0.000    5200
       1775 14.79166666667   62.44857    89.03667                12.190    125.035    4096
       1776 14.80000000000   62.27928    89.41962                12.214    129.794    4096
       1777 14.80833333333   62.10937    89.79939             19050.862  -2306.751    4098
       1778 14.81666666667   61.93886    90.17604                 9.989    132.354    4096
       1779 14.82500000000   61.76776    90.54960                 5.355    135.219    4098
       1780 14.83333333333   61.59608    90.92012                 0.000      0.000    5200
       1781 14.84166666667   61.42382    91.28762                 0.000      0.000    5200
       1782 14.85000000000   61.25100    91.65216                 7.841    130.717    4096
       1783 14.85833333333   61.07763    92.01377                 0.000      0.000    5200
       1784 14.86666666667   60.90370    92.37249                 0.000      0.000    5200
       1785 14.87500000000   60.72924    92.72835                 0.000      0.000    5200
       1786 14.88333333333   60.55425    93.08140                 0.000      0.000    5200
       1787 14.89166666667   60.37873    93.43167                 0.000      0.000    5200
       1788 14.90000000000   60.20271    93.77919                 5.742    132.497    4096
       1789 14.90833333333   60.02617    94.12401                 5.800    134.296    4096
       1790 14.91666666667   59.84914    94.46615                 0.000      0.000    5200
       1791 14.92500000000   59.67161    94.80566                 0.000      0.000    5200
       1792 14.93333333333   59.49360    95.14255                10.601    127.633    4096
       1793 14.94166666667   59.31511    95.47688                 0.000      0.000    5200
       1794 14.95000000000   59.13616    95.80867                 0.000      0.000    5200
       1795 14.95833333333   58.95674    96.13795                 0.000      0.000    5200
       1796 14.96666666667   58.77687    96.46476                 0.000      0.000    5200
       1797 14.97500000000   58.59655    96.78912                 0.000      0.000    5200
       1798 14.98333333333   58.41579    97.11108                 0.000      0.000    5200
       1799 14.99166666667   58.23459    97.43065                 0.000      0.000    5200
       1800 15.00000000000   58.05297    97.74787                 0.000      0.000    5200
       1801 15.00833333333   57.87092    98.06278                 0.000      0.000    5200
       1802 15.01666666667   57.68846    98.37538                 1.813    137.160    4096
       1803 15.02500000000   57.50558    98.68573                 6.500    131.840    4098
       1804 15.03333333333   57.32231    98.99384                 0.000      0.000    5200
       1805 15.04166666667   57.13864    99.29975                 4.259    134.134    4096
       1806 15.05000000000   56.95457    99.60347                13.610    124.730    4096
       1807 15.05833333333   56.77012    99.90504                11.351    131.983    4098
       1808 15.06666666667   56.58529   100.20449                 2.153    135.257    4098
       1809 15.07500000000   56.40008   100.50183                -2.440    137.665    4098
       1810 15.08333333333   56.21451   100.79711                 0.000      0.000    5200
       1811 15.09166666667   56.02857   101.09033                 0.000      0.000    5200
       1812 15.10000000000   55.84228   101.38153                 0.000      0.000    5232
       1813 15.10833333333   55.65563   101.67072                 0.178    133.620    4096
       1814 15.11666666667   55.46863   101.95795                 0.000      0.000    5200
       1815 15.12500000000   55.28130   102.24322                 0.000      0.000    5232
       1816 15.13333333333   55.09362   102.52656                 0.000      0.000    5200
       1817 15.14166666667   54.90561   102.80800                 0.000      0.000    5200
       1818 15.15000000000   54.71728   103.08755                 0.000      0.000    5200
       1819 15.15833333333   54.52862   103.36524                 2.901    129.537    4096
       1820 15.16666666667   54.33964   103.64110                 0.000      0.000    5200
       1821 15.17500000000   54.15035   103.91513                 0.000      0.000    5200
       1822 15.18333333333   53.96075   104.18737                 0.682    132.506    4096
       1823 15.19166666667   53.77085   104.45784                -6.238    140.425    4096
       1824 15.20000000000   53.58064   104.72655                -3.849    138.750    4098
       1825 15.20833333333   53.39014   104.99353                 0.842  -2300.098    4096
       1826 15.21666666667   53.19935   105.25879                 0.871    128.823    4096
       1827 15.22500000000   53.00827   105.52235                 7.875    124.882    4096
       1828 15.23333333333   52.81691   105.78424                 0.000      0.000    5200
       1829 15.24166666667   52.62528   106.04447                 5.582    125.958    4096
       1830 15.25000000000   52.43336   106.30307                 0.000      0.000    5200
       1831 15.25833333333   52.24118   106.56004                 0.000      0.000    5232
       1832 15.26666666667   52.04873   106.81541                 3.203    131.535    4096
       1833 15.27500000000   51.85601   107.06920                 3.211    128.832    4096
       1834 15.28333333333   51.66304   107.32141                -1.442    132.354    4098
       1835 15.29166666667   51.46982   107.57208                -1.443    136.894    4096
       1836 15.30000000000   51.27634   107.82122                 0.000      0.000    5200
       1837 15.30833333333   51.08261   108.06883                -1.439    134.809    4096
       1838 15.31666666667   50.88864   108.31495                 0.000      0.000    5200
       1839 15.32500000000   50.69444   108.55958                 0.918    134.029    4096
       1840 15.33333333333   50.49999   108.80275                 0.000      0.000    5232
       1841 15.34166666667   50.30531   109.04446                 0.000      0.000    5200
       1842 15.35000000000   50.11040   109.28473                 0.000      0.000    5200
       1843 15.35833333333   49.91527   109.52358                -1.299    137.560    4096
       1844 15.36666666667   49.71991   109.76103                -1.298    138.236    4096
       1845 15.37500000000   49.52434   109.99708                 0.000      0.000    5200
       1846 15.38333333333   49.32854   110.23175                 0.000      0.000    5200
       1847 15.39166666667   49.13254   110.46505                 0.000      0.000    5200
       1848 15.40000000000   48.93632   110.69701                 0.000      0.000    5200
       1849 15.40833333333   48.73990   110.92762                -5.669    138.636    4096
       1850 15.41666666667   48.54328   111.15692                 0.000      0.000    5200
       1851 15.42500000000   48.34645   111.38490                 0.000      0.000    5200
       1852 15.43333333333   48.14943   111.61158                 0.000      0.000    5200
       1853 15.44166666667   47.95222   111.83698                -3.264    141.234    4096
       1854 15.45000000000   47.75481   112.06111                -0.836    133.210    4098
       1855 15.45833333333   47.55721   112.28397                -3.109    137.008    4096
       1856 15.46666666667   47.35943   112.50559                -9.989    141.910    4098
       1857 15.47500000000   47.16147   112.72598                -9.852    141.910    4096
       1858 15.48333333333   46.96333   112.94513                -9.733    135.114    4096
       1859 15.49166666667   46.76501   113.16308                -9.602    136.447    4096
       1860 15.50000000000   46.56652   113.37983                -9.536    142.062    4096
       1861 15.50833333333   46.36786   113.59538                -9.570    139.197    4096
       1862 15.51666666667   46.16902   113.80976                -9.551    139.759    4096
       1863 15.52500000000   45.97003   114.02297                -9.551    137.408    4096
       1864 15.53333333333   45.77087   114.23502                -9.496    142.167    4096
       1865 15.54166666667   45.57155   114.44593                -9.488    138.531    4096
       1866 15.55000000000   45.37207   114.65570                -9.491    142.176    4096
       1867 15.55833333333   45.17244   114.86434                -9.495    140.425    4096
       1868 15.56666666667   44.97265   115.07187                -9.461    136.894    4096
       1869 15.57500000000   44.77272   115.27829                -9.495    140.387    4096
       1870 15.58333333333   44.57263   115.48362                -9.450    138.084    4096
       1871 15.59166666667   44.37241   115.68786                -9.410    130.308    4096
       1872 15.60000000000   44.17204   115.89102                -9.443    132.097    4096
       1873 15.60833333333   43.97153   116.09312                -9.331    134.848    4096
       1874 15.61666666667   43.77088   116.29416                -9.329    132.401    4096
       1875 15.62500000000   43.57010   116.49415                -9.330    131.316    4096
       1876 15.63333333333   43.36918   116.69309                -9.297    129.898    4096
       1877 15.64166666667   43.16813   116.89101                -9.333    128.423    4096
       1878 15.65000000000   42.96696   117.08790                -9.327    131.421    4096
       1879 15.65833333333   42.76566   117.28378                -9.350    127.862    4096
       1880 15.66666666667   42.56424   117.47865                -9.337    127.595    4096
       1881 15.67500000000   42.36269   117.67253                -9.487    130.308    4096
       1882 15.68333333333   42.16103   117.86541                -9.494    128.566    4096
       1883 15.69166666667   41.95924   118.05732                -9.720    121.056    4096
       1884 15.70000000000   41.75735   118.24824                -9.678    124.473    4096
       1885 15.70833333333   41.55534   118.43821                -9.719    122.731    4096
       1886 15.71666666667   41.35322   118.62721                -9.710    128.823    4096
       1887 15.72500000000   41.15099   118.81526                -9.585    127.481    4096
       1888 15.73333333333   40.94866   119.00237                -9.564    130.603    4096
       1889 15.74166666667   40.74622   119.18854                -9.554    126.929    4096
       1890 15.75000000000   40.54368   119.37378                -9.579    130.612    4096
       1891 15.75833333333   40.34104   119.55810                -9.543    122.979    4096
       1892 15.76666666667   40.13830   119.74151                -9.507    129.641    4096
       1893 15.77500000000   39.93547   119.92400                -9.468    126.786    4096
       1894 15.78333333333   39.73254   120.10560                -9.376    129.232    4096
       1895 15.79166666667   39.52952   120.28630                -9.285    127.890    4096
       1896 15.80000000000   39.32641   120.46611                -9.190    125.035    4096
       1897 15.80833333333   39.12321   120.64504                -9.087    126.929    4096
       1898 15.81666666667   38.91992   120.82309                -8.946    129.641    4096
       1899 15.82500000000   38.71655   121.00027                -8.767    130.051    4096
       1900 15.83333333333   38.51310   121.17659                -8.612    134.257    4096
       1901 15.84166666667   38.30957   121.35205                -8.384    133.839    4096
       1902 15.85000000000   38.10596   121.52666                -8.150    134.552    4096
       1903 15.85833333333   37.90227   121.70043                -8.027    133.325    4096
       1904 15.86666666667   37.69851   121.87335                -7.735    139.863    4096
       1905 15.87500000000   37.49467   122.04544                -7.566    136.999    4096
       1906 15.88333333333   37.29076   122.21670                -7.375    139.721    4096
       1907 15.89166666667   37.08679   122.38714                -7.160    139.045    4096
       1908 15.90000000000   36.88274   122.55677                -7.007    136.075    4096
       1909 15.90833333333   36.67863   122.72558                -6.788    126.253    4096
       1910 15.91666666667   36.47445   122.89358                -6.612    133.734    4096
       1911 15.92500000000   36.27022   123.06078                -6.450    145.441    4096
       1912 15.93333333333   36.06592   123.22719                -6.178  -2287.126    4096
       1913 15.94166666667   35.86156   123.39280                -5.984    147.639    4096
       1914 15.95000000000   35.65715   123.55763                -5.733    145.488    4096
       1915 15.95833333333   35.45267   123.72167                -5.500  -2286.298    4096
       1916 15.96666666667   35.24815   123.88494                -5.352    146.964    4096
       1917 15.97500000000   35.04357   124.04744                -5.152    145.041    4096
       1918 15.98333333333   34.83894   124.20917                -5.001    133.991    4096
       1919 15.99166666667   34.63426   124.37014                -4.810    144.099    4096
       1920 16.00000000000   34.42954   124.53035                -4.600    148.753    4096
       1921 16.00833333333   34.22477   124.68981                -4.385    145.593    4096
       1922 16.01666666667   34.01995   124.84851                -4.276    147.639    4096
       1923 16.02500000000   33.81509   125.00647                -4.052    131.983    4096
       1924 16.03333333333   33.61019   125.16370                -3.950    133.724    4096
       1925 16.04166666667   33.40525   125.32018                -3.827    146.002    4096
       1926 16.05000000000   33.20027   125.47594                -3.668    135.257    4096
       1927 16.05833333333   32.99526   125.63096                -3.586    135.219    4096
       1928 16.06666666667   32.79021   125.78526                -3.552    132.392    4096
       1929 16.07500000000   32.58513   125.93884                -3.362    143.956    4096
       1930 16.08333333333   32.38001   126.09171                -3.236    134.695    4096
       1931 16.09166666667   32.17487   126.24386                -3.128    142.881    4096
       1932 16.10000000000   31.96969   126.39531                -3.007    145.289    4096
       1933 16.10833333333   31.76449   126.54605                -2.885    153.217    4096
       1934 16.11666666667   31.55926   126.69609                -2.781    142.728    4096
       1935 16.12500000000   31.35400   126.84543                -2.711    139.311    4096
       1936 16.13333333333   31.14873   126.99408                -2.679    138.788    4096
       1937 16.14166666667   30.94343   127.14204                -2.565    152.798    4096
       1938 16.15000000000   30.73811   127.28931                -2.472    146.155    4096
       1939 16.15833333333   30.53277   127.43590                -2.448    147.782    4096
       1940 16.16666666667   30.32741   127.58181                -2.472    148.448    4096
       1941 16.17500000000   30.12204   127.72704                -2.504    142.319    4096
       1942 16.18333333333   29.91665   127.87160                -2.471    157.005    4096
       1943 16.19166666667   29.71125   128.01549                -2.568    160.012    4096
       1944 16.20000000000   29.50584   128.15871                -2.631    156.072    4096
       1945 16.20833333333   29.30041   128.30127                -2.785    154.740    4096
       1946 16.21666666667   29.09498   128.44316                -2.897  -2288.649    4096
       1947 16.22500000000   28.88954   128.58440                -3.081    136.751    4096
       1948 16.23333333333   28.68409   128.72499                -3.226    141.615    4096
       1949 16.24166666667   28.47863   128.86492                -3.425    138.379    4096
       1950 16.25000000000   28.27318   129.00421                -3.643    138.493    4096
       1951 16.25833333333   28.06771   129.14285                -3.862    140.273    4096
       1952 16.26666666667   27.86225   129.28084                -4.068    144.108    4096
       1953 16.27500000000   27.65679   129.41820                -4.234    140.682    4096
       1954 16.28333333333   27.45133   129.55491                -4.362    138.750    4096
       1955 16.29166666667   27.24587   129.69100                -4.500    139.749    4096
       1956 16.30000000000   27.04041   129.82645                -4.687    138.379    4096
       1957 16.30833333333   26.83496   129.96127                -4.932    142.728    4096
       1958 16.31666666667   26.62951   130.09546                -5.069    141.757    4096
       1959 16.32500000000   26.42407   130.22903                -5.195    137.941    4096
       1960 16.33333333333   26.21864   130.36198                -5.394    140.986    4096
       1961 16.34166666667   26.01322   130.49431                -5.458    152.512    4096
       1962 16.35000000000   25.80781   130.62602                -5.517    137.712    4096
       1963 16.35833333333   25.60241   130.75711                -5.674    142.471    4096
       1964 16.36666666667   25.39703   130.88760                -5.898    139.978    4096
       1965 16.37500000000   25.19166   131.01747                -6.034    136.485    4096
       1966 16.38333333333   24.98630   131.14673                -6.196    132.354    4096
       1967 16.39166666667   24.78096   131.27539                -6.131    142.462    4096
       1968 16.40000000000   24.57564   131.40345                -6.094    139.978    4096
       1969 16.40833333333   24.37034   131.53090                -5.987    143.956    4096
       1970 16.41666666667   24.16506   131.65776                -5.936    153.883    4096
       1971 16.42500000000   23.95980   131.78402                -5.970    149.790    4096
       1972 16.43333333333   23.75456   131.90968                -5.817    155.006    4096
       1973 16.44166666667   23.54935   132.03475                -5.665    153.065    4096
       1974 16.45000000000   23.34416   132.15923                -5.590    137.560    4096
       1975 16.45833333333   23.13900   132.28312                -5.692    132.240    4096
       1976 16.46666666667   22.93386   132.40642                -5.646    137.151    4096
       1977 16.47500000000   22.72876   132.52914                -5.675    126.776    4096
       1978 16.48333333333   22.52368   132.65127                -5.524    132.506    4096
       1979 16.49166666667   22.31863   132.77282                -5.435    128.014    4096
       1980 16.50000000000   22.11362   132.89379                -5.413    133.886    4096
       1981 16.50833333333   21.90863   133.01419                -5.344    124.578    4096
       1982 16.51666666667   21.70368   133.13401                -5.332    132.763    4096
       1983 16.52500000000   21.49877   133.25325                -5.196    132.497    4096
       1984 16.53333333333   21.29389   133.37192                -5.057    127.452    4096
       1985 16.54166666667   21.08904   133.49002                -5.045    134.552    4096
       1986 16.55000000000   20.88424   133.60755                -4.727    129.794    4096
       1987 16.55833333333   20.67947   133.72451                -4.455    141.243    4096
       1988 16.56666666667   20.47474   133.84090                -4.211    148.563    4096
       1989 16.57500000000   20.27006   133.95673                -3.968    137.417    4096
       1990 16.58333333333   20.06542   134.07200                -3.569    135.771    4096
       1991 16.59166666667   19.86082   134.18671                -3.572    132.801    4096
       1992 16.60000000000   19.65626   134.30085                -3.515    143.138    4096
       1993 16.60833333333   19.45175   134.41443                -3.202    131.830    4096
       1994 16.61666666667   19.24728   134.52746                -3.124    130.203    4096
       1995 16.62500000000   19.04286   134.63993                -3.004    124.321    4096
       1996 16.63333333333   18.83849   134.75185                -2.744    127.595    4096
       1997 16.64166666667   18.63417   134.86321                -2.548    138.226    4096
       1998 16.65000000000   18.42990   134.97402                -2.318    134.695    4096
       1999 16.65833333333   18.22568   135.08428                -2.086    135.514    4096
       2000 16.66666666667   18.02151   135.19399                -1.814    144.070    4096
       2001 16.67500000000   17.81739   135.30315                -1.513    138.084    4096
       2002 16.68333333333   17.61333   135.41176                -1.095    150.352    4096
       2003 16.69166666667   17.40933   135.51983                -0.748    143.956    4096
       2004 16.70000000000   17.20538   135.62735                -0.334    147.078    4096
       2005 16.70833333333   17.00148   135.73433                 0.042    147.896    4096
       2006 16.71666666667   16.79764   135.84077                 0.253    149.010    4096
       2007 16.72500000000   16.59387   135.94666                 0.558    141.757    4096
       2008 16.73333333333   16.39015   136.05202                 0.767    144.213    4096
       2009 16.74166666667   16.18649   136.15683                 0.840    142.471    4096
       2010 16.75000000000   15.98289   136.26111                 1.077    139.749    4096
       2011 16.75833333333   15.77936   136.36484                 1.273    133.886    4096
       2012 16.76666666667   15.57589   136.46804                 1.575    135.771    4096
       2013 16.77500000000   15.37248   136.57071                 1.786    131.278    4096
       2014 16.78333333333   15.16914   136.67284                 1.996    133.363    4096
       2015 16.79166666667   14.96587   136.77444                 2.250    128.157    4096
       2016 16.80000000000   14.76266   136.87550            -14834.552    138.788    4096
       2017 16.80833333333   14.55952   136.97603                 3.038    139.597    4096
       2018 16.81666666667   14.35644   137.07603                 3.311    137.151    4096
       2019 16.82500000000   14.15344   137.17550                 3.399    142.871    4096
       2020 16.83333333333   13.95051   137.27444                 3.567    131.393    4096
       2021 16.84166666667   13.74765   137.37286                 3.704    138.493    4096
       2022 16.85000000000   13.54486   137.47074                 4.075    140.158    4096
       2023 16.85833333333   13.34215   137.56810                 4.193    127.033    4096
       2024 16.86666666667   13.13950   137.66492                 4.386    131.830    4096
       2025 16.87500000000   12.93694   137.76123                 4.705    137.008    4096
       2026 16.88333333333   12.73445   137.85701                 4.912    129.080    4096
       2027 16.89166666667   12.53203   137.95226                 5.219    135.514    4096
       2028 16.90000000000   12.32970   138.04699                 5.310    141.243    4096
       2029 16.90833333333   12.12744   138.14120                 5.638    134.962    4096
