# Created on 2022-09-13 07:27:25 
# Sources: obs\TPKL1681.22O, nav\TPKL1681.22N
# Satellite: G20
# Interval: 30.0
# Sampling interval: 0.0 (not used).
# Site: TPKL
# Position (L, B, H): 78.5290569025, 42.4638637031, 1886.01891334
# Position (X, Y, Z): 937429.6846, 4619604.6444, 4285027.6573
# datetime format: %Y-%m-%dT%H:%M:%S
# Columns: tsn, hour, el, az, tec.l1l2, tec.p1p2, validity
# (I11,1X,F14.11,1X,F10.5,1X,F11.5,1X,F21.3,1X,F10.3,1X,I7)
        605  5.04166666667   17.12485   172.45914              -140.346    159.603    4096
        606  5.05000000000   17.33245   172.39889              -140.789    168.607    4096
        607  5.05833333333   17.54036   172.33868              -140.941    156.738    4096
        608  5.06666666667   17.74858   172.27849              -141.405  -2271.621    4096
        609  5.07500000000   17.95711   172.21833              -141.782    167.788    4096
        610  5.08333333333   18.16594   172.15819              -142.191    154.587    4096
        611  5.09166666667   18.37508   172.09807              -142.671    157.157    4096
        612  5.10000000000   18.58453   172.03795              -143.110    149.276    4096
        613  5.10833333333   18.79428   171.97784              -143.659    141.653    4096
        614  5.11666666667   19.00433   171.91774              -144.141    144.108    4096
        615  5.12500000000   19.21468   171.85763              -144.640    144.622    4096
        616  5.13333333333   19.42533   171.79751              -145.117    143.138    4096
        617  5.14166666667   19.63628   171.73738              -145.681    134.952    4096
        618  5.15000000000   19.84753   171.67723              -146.164    132.801    4096
        619  5.15833333333   20.05907   171.61706              -146.643    134.029    4096
        620  5.16666666667   20.27090   171.55686              -147.151    146.002    4096
        621  5.17500000000   20.48303   171.49664              -147.654    136.999    4096
        622  5.18333333333   20.69545   171.43637              -148.085    138.750    4096
        623  5.19166666667   20.90815   171.37606              -148.521    143.651    4096
        624  5.20000000000   21.12115   171.31571              -149.032    153.617    4096
        625  5.20833333333   21.33443   171.25530              -149.430    151.580    4096
        626  5.21666666667   21.54800   171.19483              -149.898    152.693    4096
        627  5.22500000000   21.76185   171.13430              -150.304    150.238    4096
        628  5.23333333333   21.97598   171.07371              -150.677    144.223    4096
        629  5.24166666667   22.19039   171.01304              -151.026    148.191    4096
        630  5.25000000000   22.40508   170.95229              -151.413    147.078    4096
        631  5.25833333333   22.62005   170.89145              -151.764    145.184    4096
        632  5.26666666667   22.83530   170.83053              -152.147    141.243    4096
        633  5.27500000000   23.05082   170.76951              -152.527    141.396    4096
        634  5.28333333333   23.26661   170.70838              -152.877    135.361    4096
        635  5.29166666667   23.48267   170.64715              -153.223  -2290.961    4096
        636  5.30000000000   23.69901   170.58581              -153.514    125.958    4096
        637  5.30833333333   23.91561   170.52435              -153.777    147.782    4096
        638  5.31666666667   24.13247   170.46276              -154.104    135.514    4096
        639  5.32500000000   24.34961   170.40105              -154.376    137.560    4096
        640  5.33333333333   24.56700   170.33919              -154.651    146.412    4096
        641  5.34166666667   24.78465   170.27719              -154.914    153.626    4096
        642  5.35000000000   25.00257   170.21505              -155.276  -2283.737    4096
        643  5.35833333333   25.22074   170.15274              -155.673  -2282.100    4096
        644  5.36666666667   25.43917   170.09028              -155.968    147.896    4096
        645  5.37500000000   25.65785   170.02764              -156.291    135.666    4096
        646  5.38333333333   25.87678   169.96483              -156.628    142.024    4096
        647  5.39166666667   26.09597   169.90184              -156.841    132.801    4096
        648  5.40000000000   26.31540   169.83866              -157.096    132.506    4096
        649  5.40833333333   26.53508   169.77529              -157.381    143.956    4096
        650  5.41666666667   26.75501   169.71171              -157.756    136.599    4096
        651  5.42500000000   26.97517   169.64793              -158.098    138.341    4096
        652  5.43333333333   27.19558   169.58392              -158.417    138.084    4096
        653  5.44166666667   27.41623   169.51970              -158.726    131.431    4096
        654  5.45000000000   27.63711   169.45524              -159.089    137.122    4096
        655  5.45833333333   27.85823   169.39055              -159.386    136.190    4096
        656  5.46666666667   28.07958   169.32561              -159.687    125.844    4096
        657  5.47500000000   28.30116   169.26042              -159.964    131.164    4096
        658  5.48333333333   28.52297   169.19496              -160.291    127.224    4096
        659  5.49166666667   28.74501   169.12924              -160.609    124.882    4096
        660  5.50000000000   28.96727   169.06325              -160.936    136.999    4096
        661  5.50833333333   29.18976   168.99697              -161.173    118.220    4096
        662  5.51666666667   29.41246   168.93040              -161.444    124.882    4096
        663  5.52500000000   29.63539   168.86353              -161.677    124.216    4096
        664  5.53333333333   29.85852   168.79635              -161.894    137.303    4096
        665  5.54166666667   30.08188   168.72885              -162.179    125.853    4096
        666  5.55000000000   30.30544   168.66103              -162.401    135.514    4096
        667  5.55833333333   30.52921   168.59288              -162.595    125.330    4096
        668  5.56666666667   30.75319   168.52438              -162.811    127.186    4096
        669  5.57500000000   30.97737   168.45553              -163.047    135.666    4096
        670  5.58333333333   31.20176   168.38633              -163.244    138.084    4096
        671  5.59166666667   31.42634   168.31675              -163.410    131.021    4096
        672  5.60000000000   31.65112   168.24680              -163.609    139.721    4096
        673  5.60833333333   31.87609   168.17645              -163.771  -2292.855    4096
        674  5.61666666667   32.10126   168.10572              -163.933    140.939    4096
        675  5.62500000000   32.32662   168.03457              -164.052    132.915    4096
        676  5.63333333333   32.55216   167.96301              -164.214    137.265    4096
        677  5.64166666667   32.77788   167.89102              -164.390    136.190    4096
        678  5.65000000000   33.00379   167.81860              -164.505    139.568    4096
        679  5.65833333333   33.22988   167.74573              -164.712    140.682    4096
        680  5.66666666667   33.45614   167.67241              -164.802    122.836    4096
        681  5.67500000000   33.68257   167.59862              -164.940    131.840    4096
        682  5.68333333333   33.90918   167.52435              -165.089    140.273    4096
        683  5.69166666667   34.13595   167.44959              -165.307    138.226    4096
        684  5.70000000000   34.36288   167.37434              -165.543    135.666    4096
        685  5.70833333333   34.58998   167.29857              -165.722    127.186    4096
        686  5.71666666667   34.81724   167.22228              -165.866    128.452    4096
        687  5.72500000000   35.04465   167.14546              -166.072    124.216    4096
        688  5.73333333333   35.27221   167.06810              -166.271    116.849    4096
        689  5.74166666667   35.49992   166.99018              -166.476    124.483    4096
        690  5.75000000000   35.72778   166.91169              -166.699    123.245    4096
        691  5.75833333333   35.95578   166.83262              -166.888    126.672    4096
        692  5.76666666667   36.18392   166.75296             18873.843  -2311.815    4096
        693  5.77500000000   36.41220   166.67269              -167.253    118.601    4096
        694  5.78333333333   36.64061   166.59181              -167.432    130.612    4096
        695  5.79166666667   36.86914   166.51029              -167.624    134.657    4096
        696  5.80000000000   37.09781   166.42813              -167.832    129.489    4096
        697  5.80833333333   37.32659   166.34532              -168.004  -2305.533    4096
        698  5.81666666667   37.55550   166.26183              -168.204    131.174    4096
        699  5.82500000000   37.78452   166.17766              -168.358    131.830    4096
        700  5.83333333333   38.01365   166.09279              -168.500    128.566    4096
        701  5.84166666667   38.24289   166.00721              -168.689    126.253    4096
        702  5.85000000000   38.47224   165.92090              -168.840    130.051    4096
        703  5.85833333333   38.70168   165.83385              -169.006    130.203    4096
        704  5.86666666667   38.93122   165.74605              -169.180    133.467    4096
        705  5.87500000000   39.16086   165.65747              -169.271    120.942    4096
        706  5.88333333333   39.39058   165.56810              -169.382    128.157    4096
        707  5.89166666667   39.62038   165.47794              -169.499    134.962    4096
        708  5.90000000000   39.85027   165.38695              -169.663    129.127    4096
        709  5.90833333333   40.08023   165.29513              -169.742    125.844    4096
        710  5.91666666667   40.31026   165.20246              -169.903    131.983    4096
        711  5.92500000000   40.54036   165.10892              -170.032    126.110    4096
        712  5.93333333333   40.77053   165.01450              -170.187    121.504    4096
        713  5.94166666667   41.00075   164.91917              -170.264  -2309.207    4096
        714  5.95000000000   41.23102   164.82293              -170.394    125.292    4096
        715  5.95833333333   41.46135   164.72574              -170.491    126.929    4096
        716  5.96666666667   41.69172   164.62760              -170.584  -2306.761    4096
        717  5.97500000000   41.92213   164.52849              -170.809    126.110    4096
        718  5.98333333333   42.15257   164.42838              -170.940    128.261    4096
        719  5.99166666667   42.38305   164.32727              -171.131    127.072    4096
        720  6.00000000000   42.61355   164.22512              -171.308    128.709    4096
        721  6.00833333333   42.84406   164.12192              -171.488    130.308    4096
        722  6.01666666667   43.07460   164.01764              -171.682    121.618    4096
        723  6.02500000000   43.30514   163.91228              -171.805    127.224    4096
        724  6.03333333333   43.53569   163.80580              -171.991    130.193    4096
        725  6.04166666667   43.76623   163.69819              -172.182  -2310.397    4096
        726  6.05000000000   43.99677   163.58942              -172.424    125.558    4096
        727  6.05833333333   44.22730   163.47948              -172.638    126.110    4096
        728  6.06666666667   44.45780   163.36833              -172.850    122.018    4096
        729  6.07500000000   44.68829   163.25597              -173.028    115.879    4096
        730  6.08333333333   44.91874   163.14235              -173.232    121.199    4096
        731  6.09166666667   45.14916   163.02747              -173.425    122.170    4096
        732  6.10000000000   45.37953   162.91129              -173.644    125.587    4096
        733  6.10833333333   45.60986   162.79380              -173.850    129.641    4096
        734  6.11666666667   45.84013   162.67496              -174.072    124.921    4096
        735  6.12500000000   46.07034   162.55476              -174.240  -2321.628    4096
        736  6.13333333333   46.30049   162.43316              -174.402    117.934    4096
        737  6.14166666667   46.53055   162.31014              -174.601    123.912    4096
        738  6.15000000000   46.76054   162.18568              -174.744    114.917    4096
        739  6.15833333333   46.99044   162.05974              -174.892    129.384    4096
        740  6.16666666667   47.22024   161.93230              -175.087    133.467    4096
        741  6.17500000000   47.44994   161.80333              -175.245    131.840    4096
        742  6.18333333333   47.67954   161.67280              -175.411    121.723    4096
        743  6.19166666667   47.90901   161.54068              -175.536    119.981    4096
        744  6.20000000000   48.13836   161.40694              -175.689    120.124    4096
        745  6.20833333333   48.36757   161.27156              -175.815    124.730    4096
        746  6.21666666667   48.59665   161.13450              -175.958    128.975    4096
        747  6.22500000000   48.82558   160.99573              -176.104    124.625    4096
        748  6.23333333333   49.05435   160.85521              -176.214    120.495    4096
        749  6.24166666667   49.28295   160.71292              -176.347    123.512    4096
        750  6.25000000000   49.51139   160.56883              -176.482    125.139    4096
        751  6.25833333333   49.73964   160.42289              -176.647    130.612    4096
        752  6.26666666667   49.96770   160.27507              -176.773    125.292    4096
        753  6.27500000000   50.19556   160.12535              -176.923    116.707    4096
        754  6.28333333333   50.42321   159.97367              -177.058    111.272    4096
        755  6.29166666667   50.65064   159.82002              -177.164    114.955    4096
        756  6.30000000000   50.87784   159.66434              -177.296    118.334    4096
        757  6.30833333333   51.10481   159.50660              -177.445    115.774    4096
        758  6.31666666667   51.33153   159.34677              -177.593    119.829    4096
        759  6.32500000000   51.55800   159.18480              -177.727    116.326    4096
        760  6.33333333333   51.78419   159.02066              -177.855    112.357    4096
        761  6.34166666667   52.01011   158.85430              -177.960    115.108    4096
        762  6.35000000000   52.23574   158.68568              -178.072    111.424    4096
        763  6.35833333333   52.46107   158.51476              -178.181    117.668    4096
        764  6.36666666667   52.68609   158.34150              -178.325    109.492    4096
        765  6.37500000000   52.91079   158.16586              -178.440    107.446    4096
        766  6.38333333333   53.13515   157.98778              -178.544    112.500    4096
        767  6.39166666667   53.35917   157.80723              -178.642    116.440    4096
        768  6.40000000000   53.58283   157.62415              -178.762    111.691    4096
        769  6.40833333333   53.80612   157.43851              -178.857    111.120    4096
        770  6.41666666667   54.02903   157.25025              -178.923    115.774    4096
        771  6.42500000000   54.25155   157.05933              -179.051    119.305    4096
        772  6.43333333333   54.47365   156.86569              -179.167    122.836    4096
        773  6.44166666667   54.69534   156.66929              -179.288    109.902    4096
        774  6.45000000000   54.91659   156.47007              -179.362    116.040    4096
        775  6.45833333333   55.13740   156.26798              -179.472    114.813    4096
        776  6.46666666667   55.35774   156.06298              -179.552    110.977    4096
        777  6.47500000000   55.57761   155.85500              -179.663    110.872    4096
        778  6.48333333333   55.79698   155.64399              -179.759    119.191    4096
        779  6.49166666667   56.01584   155.42989              -179.905    120.533    4096
        780  6.50000000000   56.23419   155.21265              -180.046    119.971    4096
        781  6.50833333333   56.45200   154.99222              -180.153    114.813    4096
        782  6.51666666667   56.66925   154.76852              -180.259    114.099    4096
        783  6.52500000000   56.88593   154.54151              -180.367    119.305    4096
        784  6.53333333333   57.10203   154.31112              -180.467    114.403    4096
        785  6.54166666667   57.31752   154.07729              -180.593    119.010    4096
        786  6.55000000000   57.53240   153.83996              -180.719  -2321.437    4096
        787  6.55833333333   57.74663   153.59906             18860.111  -2317.126    4096
        788  6.56666666667   57.96021   153.35454              -180.960    117.411    4096
        789  6.57500000000   58.17311   153.10632              -181.036    115.365    4096
        790  6.58333333333   58.38531   152.85433              -181.146    118.077    4096
        791  6.59166666667   58.59681   152.59853              -181.265    124.882    4096
        792  6.60000000000   58.80757   152.33882              -181.357    118.230    4096
        793  6.60833333333   59.01757   152.07515              -181.459    116.183    4096
        794  6.61666666667   59.22680   151.80744              -181.528    116.745    4096
        795  6.62500000000   59.43524   151.53563              -181.592    118.896    4096
        796  6.63333333333   59.64286   151.25964              -181.694    123.093    4096
        797  6.64166666667   59.84964   150.97940              -181.800    120.238    4096
        798  6.65000000000   60.05556   150.69483              -181.875    119.039    4096
        799  6.65833333333   60.26059   150.40587              -181.963    116.592    4096
        800  6.66666666667   60.46472   150.11243              -182.025    118.753    4096
        801  6.67500000000   60.66792   149.81444              -182.115    117.563    4096
        802  6.68333333333   60.87016   149.51182              -182.182    113.318    4096
        803  6.69166666667   61.07142   149.20450              -182.282    117.668    4096
        804  6.70000000000   61.27168   148.89239              -182.359    119.200    4096
        805  6.70833333333   61.47090   148.57543              -182.418    118.344    4096
        806  6.71666666667   61.66906   148.25352              -182.513  -2317.383    4096
        807  6.72500000000   61.86614   147.92660              -182.579    117.525    4096
        808  6.73333333333   62.06211   147.59457              -182.632    113.575    4096
        809  6.74166666667   62.25693   147.25736              -182.687    117.782    4096
        810  6.75000000000   62.45058   146.91488              -182.764    122.950    4096
        811  6.75833333333   62.64304   146.56707              -182.854    122.284    4096
        812  6.76666666667   62.83427   146.21382              -182.932    121.618    4096
        813  6.77500000000   63.02423   145.85507              -183.026    125.292    4096
        814  6.78333333333   63.21291   145.49074              -183.095    116.183    4096
        815  6.79166666667   63.40026   145.12073              -183.133    115.212    4096
        816  6.80000000000   63.58625   144.74497              -183.203    120.238    4096
        817  6.80833333333   63.77086   144.36337              -183.283    121.504    4096
        818  6.81666666667   63.95405   143.97587              -183.350    119.562    4096
        819  6.82500000000   64.13578   143.58237              -183.395    116.183    4096
        820  6.83333333333   64.31602   143.18280              -183.464    117.525    4096
        821  6.84166666667   64.49474   142.77707              -183.514    111.539    4096
        822  6.85000000000   64.67189   142.36513              -183.583    119.600    4096
        823  6.85833333333   64.84744   141.94688              -183.662    116.707    4096
        824  6.86666666667   65.02135   141.52225              -183.730    113.842    4096
        825  6.87500000000   65.19360   141.09117              -183.783    116.326    4096
        826  6.88333333333   65.36412   140.65357              -183.830    110.568    4096
        827  6.89166666667   65.53290   140.20937              -183.877    113.280    4096
        828  6.90000000000   65.69988   139.75853              -183.956    112.243    4096
        829  6.90833333333   65.86503   139.30095              -184.006    118.487    4096
        830  6.91666666667   66.02830   138.83660              -184.059    114.394    4096
        831  6.92500000000   66.18966   138.36540              -184.093    108.531    4096
        832  6.93333333333   66.34906   137.88730              -184.151    111.938    4096
        833  6.94166666667   66.50646   137.40225              -184.205    116.288    4096
        834  6.95000000000   66.66181   136.91020              -184.253    112.357    4096
        835  6.95833333333   66.81508   136.41110              -184.302    109.340    4096
        836  6.96666666667   66.96621   135.90492              -184.336    113.575    4096
        837  6.97500000000   67.11516   135.39161              -184.364    116.440    4096
        838  6.98333333333   67.26189   134.87116              -184.414    117.516    4096
        839  6.99166666667   67.40636   134.34352              -184.490    122.284    4096
        840  7.00000000000   67.54850   133.80869              -184.538    111.015    4096
        841  7.00833333333   67.68829   133.26665              -184.579    113.985    4096
        842  7.01666666667   67.82566   132.71738              -184.615    112.205    4096
        843  7.02500000000   67.96059   132.16089              -184.679    109.378    4096
        844  7.03333333333   68.09300   131.59718              -184.720    114.403    4096
        845  7.04166666667   68.22287   131.02626              -184.760    111.653    4096
        846  7.05000000000   68.35014   130.44816              -184.829    113.318    4096
        847  7.05833333333   68.47477   129.86290              -184.863    114.242    4096
        848  7.06666666667   68.59670   129.27051              -184.904    115.108    4096
        849  7.07500000000   68.71589   128.67104              -184.957    114.546    4096
        850  7.08333333333   68.83229   128.06455              -185.027    116.440    4096
        851  7.09166666667   68.94585   127.45109              -185.046    115.365    4096
        852  7.10000000000   69.05653   126.83074              -185.107    116.183    4096
        853  7.10833333333   69.16428   126.20357              -185.132    120.009    4096
        854  7.11666666667   69.26906   125.56967              -185.179    117.963    4096
        855  7.12500000000   69.37081   124.92915              -185.237  -2318.725    4096
        856  7.13333333333   69.46949   124.28212              -185.268    115.365    4096
        857  7.14166666667   69.56506   123.62870              -185.302    113.585    4096
        858  7.15000000000   69.65747   122.96901              -185.343    107.446    4096
        859  7.15833333333   69.74668   122.30320              -185.356    110.206    4096
        860  7.16666666667   69.83265   121.63143              -185.396    110.158    4096
        861  7.17500000000   69.91534   120.95385              -185.417    112.509    4096
        862  7.18333333333   69.99469   120.27065              -185.441    119.714    4096
        863  7.19166666667   70.07069   119.58199              -185.474    114.546    4096
        864  7.20000000000   70.14328   118.88809              -185.440    111.272    4096
        865  7.20833333333   70.21243   118.18915              -185.463    111.796    4096
        866  7.21666666667   70.27810   117.48537              -185.471    112.871    4096
        867  7.22500000000   70.34027   116.77700              -185.499    110.872    4096
        868  7.23333333333   70.39889   116.06426              -185.489    113.423    4096
        869  7.24166666667   70.45394   115.34740              -185.493    107.037    4096
        870  7.25000000000   70.50539   114.62668              -185.513    108.826    4096
        871  7.25833333333   70.55321   113.90236              -185.530    111.643    4096
        872  7.26666666667   70.59738   113.17470              -185.565    114.955    4096
        873  7.27500000000   70.63787   112.44400              -185.575    112.357    4096
        874  7.28333333333   70.67466   111.71054              -185.610    110.463    4096
        875  7.29166666667   70.70773   110.97462              -185.628    110.606    4096
        876  7.30000000000   70.73707   110.23653              -185.659    109.235    4096
        877  7.30833333333   70.76266   109.49657              -185.671    112.091    4096
        878  7.31666666667   70.78449   108.75507              -185.707    112.909    4096
        879  7.32500000000   70.80254   108.01234              -185.727    110.977    4096
        880  7.33333333333   70.81681   107.26868              -185.778    116.859    4096
        881  7.34166666667   70.82730   106.52444              -185.809    113.728    4096
        882  7.35000000000   70.83399   105.77992              -185.842    113.176    4096
        883  7.35833333333   70.83690   105.03546              -185.880    112.757    4096
        884  7.36666666667   70.83601   104.29137              -185.905    109.749    4096
        885  7.37500000000   70.83134   103.54799              -185.939    110.606    4096
        886  7.38333333333   70.82289   102.80564              -185.959    112.357    4096
        887  7.39166666667   70.81067   102.06463              -186.008    113.880    4096
        888  7.40000000000   70.79469   101.32528              -186.049    112.100    4096
        889  7.40833333333   70.77496   100.58792              -186.053    109.083    4096
        890  7.41666666667   70.75150    99.85285              -186.067    112.091    4096
        891  7.42500000000   70.72432    99.12038              -186.089    115.108    4096
        892  7.43333333333   70.69345    98.39081              -186.133    116.592    4096
        893  7.44166666667   70.65891    97.66444              -186.149    117.925    4096
        894  7.45000000000   70.62072    96.94154              -186.161    115.745    4096
        895  7.45833333333   70.57891    96.22241              -186.178    114.803    4096
        896  7.46666666667   70.53350    95.50732              -186.169    113.575    4096
        897  7.47500000000   70.48453    94.79652              -186.188    114.251    4096
        898  7.48333333333   70.43202    94.09028              -186.195    110.054    4096
        899  7.49166666667   70.37602    93.38884              -186.195  -2323.484    4096
        900  7.50000000000   70.31655    92.69244              -186.192    112.091    4096
        901  7.50833333333   70.25365    92.00131              -186.189  -2322.256    4096
        902  7.51666666667   70.18736    91.31565              -186.200    113.433    4096
        903  7.52500000000   70.11772    90.63569              -186.214    110.006    4096
        904  7.53333333333   70.04476    89.96161              -186.216    108.122    4096
        905  7.54166666667   69.96854    89.29360              -186.221    106.513    4096
        906  7.55000000000   69.88909    88.63183              -186.236    108.674    4096
        907  7.55833333333   69.80646    87.97648              -186.250    114.546    4096
        908  7.56666666667   69.72069    87.32768              -186.260    111.948    4096
        909  7.57500000000   69.63182    86.68559              -186.274  -2323.522    4096
        910  7.58333333333   69.53991    86.05034              -186.305    107.332    4096
        911  7.59166666667   69.44500    85.42205              -186.316    107.560    4096
        912  7.60000000000   69.34714    84.80082              -186.304    112.757    4096
        913  7.60833333333   69.24637    84.18677              -186.324    108.816    4096
        914  7.61666666667   69.14275    83.57997              -186.342    112.766    4096
        915  7.62500000000   69.03631    82.98052              -186.406    110.606    4096
        916  7.63333333333   68.92712    82.38848              -186.384    107.703    4096
        917  7.64166666667   68.81522    81.80392              -186.395    107.969    4096
        918  7.65000000000   68.70066    81.22688             18854.528    111.834    4096
        919  7.65833333333   68.58349    80.65742              -186.418    113.433    4096
        920  7.66666666667   68.46375    80.09557              -186.440    117.963    4096
        921  7.67500000000   68.34150    79.54135              -186.440    109.378    4096
        922  7.68333333333   68.21679    78.99479              -186.439    108.816    4096
        923  7.69166666667   68.08966    78.45591              -186.468    113.328    4096
        924  7.70000000000   67.96016    77.92469              -186.481    107.855    4096
        925  7.70833333333   67.82835    77.40115              -186.466    109.635    4096
        926  7.71666666667   67.69427    76.88528              -186.495    110.454    4096
        927  7.72500000000   67.55796    76.37706              -186.498    112.205    4096
        928  7.73333333333   67.41947    75.87647              -186.510    110.711    4096
        929  7.74166666667   67.27886    75.38349              -186.509    110.311    4096
        930  7.75000000000   67.13616    74.89808              -186.480    107.589    4096
        931  7.75833333333   66.99143    74.42021              -186.484    103.763    4096
        932  7.76666666667   66.84470    73.94985              -186.486    107.884    4096
        933  7.77500000000   66.69603    73.48693              -186.496    108.417    4096
        934  7.78333333333   66.54546    73.03143              -186.512    105.247    4096
        935  7.79166666667   66.39302    72.58328              -186.508    108.007    4096
        936  7.80000000000   66.23877    72.14243              -186.529    105.400    4096
        937  7.80833333333   66.08275    71.70883              -186.500    105.552    4096
        938  7.81666666667   65.92499    71.28240              -186.473    101.726    4096
        939  7.82500000000   65.76554    70.86309              -186.477    103.353    4096
        940  7.83333333333   65.60444    70.45082              -186.447    106.256    4096
        941  7.84166666667   65.44173    70.04554              -186.458  -2325.968    4096
        942  7.85000000000   65.27745    69.64716              -186.455    110.197    4096
        943  7.85833333333   65.11163    69.25562              -186.459    109.235    4096
        944  7.86666666667   64.94432    68.87084              -186.457    110.568    4096
        945  7.87500000000   64.77555    68.49275              -186.449    106.228    4096
        946  7.88333333333   64.60536    68.12127              -186.461    110.463    4096
        947  7.89166666667   64.43378    67.75631              -186.457    111.272    4096
        948  7.90000000000   64.26085    67.39781              -186.465    112.766    4096
        949  7.90833333333   64.08660    67.04568              -186.454    111.539    4096
        950  7.91666666667   63.91107    66.69985              -186.469    117.668    4096
        951  7.92500000000   63.73428    66.36022              -186.460    113.994    4096
        952  7.93333333333   63.55629    66.02672              -186.462    116.040    4096
        953  7.94166666667   63.37710    65.69928              -186.424    112.766    4096
        954  7.95000000000   63.19676    65.37780              -186.419    112.053    4096
        955  7.95833333333   63.01529    65.06221              -186.400    112.500    4096
        956  7.96666666667   62.83274    64.75242              -186.365    110.606    4096
        957  7.97500000000   62.64911    64.44836              -186.346    112.500    4096
        958  7.98333333333   62.46445    64.14994              -186.318    113.737    4096
        959  7.99166666667   62.27878    63.85708              -186.305    110.311    4096
        960  8.00000000000   62.09215    63.56970              -186.301    109.902    4096
        961  8.00833333333   61.90453    63.28773              -186.273    113.880    4096
        962  8.01666666667   61.71599    63.01108              -186.264    113.328    4096
        963  8.02500000000   61.52656    62.73967              -186.240    111.938    4096
        964  8.03333333333   61.33625    62.47343              -186.250  -2322.817    4096
        965  8.04166666667   61.14509    62.21228              -186.230    107.189    4096
        966  8.05000000000   60.95309    61.95614              -186.225    100.488    4096
        967  8.05833333333   60.76030    61.70494              -186.205    106.780    4096
        968  8.06666666667   60.56672    61.45860              -186.215  -2327.729    4096
        969  8.07500000000   60.37238    61.21704              -186.173    109.083    4096
        970  8.08333333333   60.17731    60.98020              -186.193    114.965    4096
        971  8.09166666667   59.98152    60.74800              -186.168    115.212    4096
        972  8.10000000000   59.78504    60.52037              -186.152    110.044    4096
        973  8.10833333333   59.58788    60.29724              -186.144    111.938    4096
        974  8.11666666667   59.39007    60.07854              -186.122    112.909    4096
        975  8.12500000000   59.19163    59.86420              -186.085    109.749    4096
        976  8.13333333333   58.99257    59.65415              -186.049  -2327.576    4096
        977  8.14166666667   58.79292    59.44832              -186.053    106.770    4096
        978  8.15000000000   58.59269    59.24666              -186.017    109.226    4096
        979  8.15833333333   58.39190    59.04908              -186.003    118.487    4096
        980  8.16666666667   58.19056    58.85554              -185.988    116.450    4096
        981  8.17500000000   57.98871    58.66596              -185.959    114.251    4096
        982  8.18333333333   57.78634    58.48029              -185.957    108.264    4096
        983  8.19166666667   57.58349    58.29845              -185.930    113.728    4096
        984  8.20000000000   57.38016    58.12041              -185.905    114.546    4096
        985  8.20833333333   57.17637    57.94608              -185.895    113.023    4096
        986  8.21666666667   56.97214    57.77542              -185.866    112.614    4096
        987  8.22500000000   56.76748    57.60837              -185.860    114.955    4096
        988  8.23333333333   56.56240    57.44486              -185.848  -2318.611    4096
        989  8.24166666667   56.35693    57.28486              -185.800    117.973    4096
        990  8.25000000000   56.15107    57.12829              -185.730    110.825    4096
        991  8.25833333333   55.94484    56.97511              -185.687    109.388    4096
        992  8.26666666667   55.73825    56.82527              -185.652  -2323.227    4096
        993  8.27500000000   55.53131    56.67870              -185.603    109.606    4096
        994  8.28333333333   55.32405    56.53537              -185.605    107.703    4096
        995  8.29166666667   55.11646    56.39522              -185.530    112.243    4096
        996  8.30000000000   54.90857    56.25821              -185.480    104.581    4096
        997  8.30833333333   54.70038    56.12427              -185.435    113.061    4096
        998  8.31666666667   54.49190    55.99338              -185.370    114.813    4096
        999  8.32500000000   54.28316    55.86547              -185.324    116.031    4096
       1000  8.33333333333   54.07415    55.74051              -185.285    118.087    4096
       1001  8.34166666667   53.86490    55.61844              -185.212    113.280    4096
       1002  8.35000000000   53.65540    55.49923              -185.185    114.108    4096
       1003  8.35833333333   53.44568    55.38284              -185.130    111.129    4096
       1004  8.36666666667   53.23574    55.26921              -185.103    115.622    4096
       1005  8.37500000000   53.02559    55.15831              -185.078    114.660    4096
       1006  8.38333333333   52.81524    55.05009              -185.056    111.015    4096
       1007  8.39166666667   52.60470    54.94452              -185.045    113.471    4096
       1008  8.40000000000   52.39399    54.84156              -185.016    112.909    4096
       1009  8.40833333333   52.18310    54.74116              -184.990    113.166    4096
       1010  8.41666666667   51.97206    54.64329              -184.936    114.546    4096
       1011  8.42500000000   51.76086    54.54791              -184.892    114.546    4096
       1012  8.43333333333   51.54952    54.45499              -184.871    114.955    4096
       1013  8.44166666667   51.33805    54.36449              -184.837    106.780    4096
       1014  8.45000000000   51.12644    54.27637              -184.817    113.176    4096
       1015  8.45833333333   50.91472    54.19060              -184.782    114.108    4096
       1016  8.46666666667   50.70289    54.10714              -184.754    113.880    4096
       1017  8.47500000000   50.49096    54.02596              -184.695    116.554    4096
       1018  8.48333333333   50.27893    53.94703              -184.649    118.896    4096
       1019  8.49166666667   50.06682    53.87032              -184.630    118.896    4096
       1020  8.50000000000   49.85462    53.79579              -184.565    111.015    4096
       1021  8.50833333333   49.64235    53.72341              -184.553    113.061    4096
       1022  8.51666666667   49.43002    53.65316              -184.493    112.243    4096
       1023  8.52500000000   49.21762    53.58499              -184.459    107.855    4096
       1024  8.53333333333   49.00518    53.51889              -184.381    112.243    4096
       1025  8.54166666667   48.79268    53.45483              -184.309    111.539    4096
       1026  8.55000000000   48.58015    53.39276              -184.249    111.681    4096
       1027  8.55833333333   48.36758    53.33268              -184.226  -2315.869    4096
       1028  8.56666666667   48.15499    53.27454              -184.130    118.639    4096
       1029  8.57500000000   47.94238    53.21833              -184.060    117.934    4096
       1030  8.58333333333   47.72975    53.16402              -183.981    114.251    4096
       1031  8.59166666667   47.51711    53.11157              -183.968    111.938    4096
       1032  8.60000000000   47.30447    53.06097              -183.918    112.766    4096
       1033  8.60833333333   47.09183    53.01219              -183.840    112.100    4096
       1034  8.61666666667   46.87920    52.96521              -183.770    110.834    4096
       1035  8.62500000000   46.66658    52.91999              -183.743    114.137    4096
       1036  8.63333333333   46.45397    52.87653             18857.238  -2317.640    4096
       1037  8.64166666667   46.24139    52.83479              -183.606    119.572    4096
       1038  8.65000000000   46.02884    52.79475              -183.537    118.230    4096
       1039  8.65833333333   45.81632    52.75640              -183.467    115.336    4096
       1040  8.66666666667   45.60384    52.71969              -183.405  -2325.263    4096
       1041  8.67500000000   45.39140    52.68463              -183.304    125.444    4096
       1042  8.68333333333   45.17901    52.65118              -183.226    117.154    4096
       1043  8.69166666667   44.96667    52.61932              -183.178    122.322    4096
       1044  8.70000000000   44.75438    52.58904              -183.107    124.882    4096
       1045  8.70833333333   44.54216    52.56031              -183.058    128.147    4096
       1046  8.71666666667   44.33000    52.53311              -182.921    117.925    4096
       1047  8.72500000000   44.11791    52.50743              -182.873    114.955    4096
       1048  8.73333333333   43.90589    52.48324              -182.843  -2317.545    4096
       1049  8.74166666667   43.69394    52.46053              -182.731    118.191    4096
       1050  8.75000000000   43.48208    52.43928              -182.673    119.305    4096
       1051  8.75833333333   43.27030    52.41946              -182.570    115.374    4096
       1052  8.76666666667   43.05861    52.40107              -182.486    113.842    4096
       1053  8.77500000000   42.84701    52.38408              -182.424  -2320.809    4096
       1054  8.78333333333   42.63551    52.36848              -182.348    117.525    4096
       1055  8.79166666667   42.42411    52.35425              -182.234    113.471    4096
       1056  8.80000000000   42.21280    52.34137              -182.172    112.795    4096
       1057  8.80833333333   42.00161    52.32983              -182.120  -2320.505    4096
       1058  8.81666666667   41.79052    52.31962              -182.040    117.782    4096
       1059  8.82500000000   41.57954    52.31070              -181.905    117.554    4096
       1060  8.83333333333   41.36868    52.30308              -181.822    106.627    4096
       1061  8.84166666667   41.15794    52.29673              -181.741     99.527    4096
       1062  8.85000000000   40.94732    52.29165              -181.656    107.189    4096
       1063  8.85833333333   40.73682    52.28780              -181.548    114.137    4096
       1064  8.86666666667   40.52645    52.28519              -181.446    103.096    4096
       1065  8.87500000000   40.31621    52.28380              -181.319    108.674    4096
       1066  8.88333333333   40.10611    52.28360              -181.214    105.400    4096
       1067  8.89166666667   39.89614    52.28460              -181.151    113.328    4096
       1068  8.90000000000   39.68630    52.28677              -181.070    116.849    4096
       1069  8.90833333333   39.47661    52.29010              -180.952    117.678    4096
       1070  8.91666666667   39.26707    52.29458              -180.867    116.183    4096
       1071  8.92500000000   39.05766    52.30020              -180.717    129.641    4096
       1072  8.93333333333   38.84841    52.30694             18860.346    115.479    4096
       1073  8.94166666667   38.63931    52.31479              -180.464    113.023    4096
       1074  8.95000000000   38.43036    52.32374              -180.346    111.158    4096
       1075  8.95833333333   38.22157    52.33378              -180.228    110.454    4096
       1076  8.96666666667   38.01293    52.34489              -180.121    111.015    4096
       1077  8.97500000000   37.80446    52.35707              -179.996    115.479    4096
       1078  8.98333333333   37.59614    52.37029             18861.065    120.428    4096
       1079  8.99166666667   37.38799    52.38456              -179.759    117.820    4096
       1080  9.00000000000   37.18001    52.39985              -179.663    111.386    4096
       1081  9.00833333333   36.97220    52.41617              -179.594    111.158    4096
       1082  9.01666666667   36.76455    52.43349              -179.495    123.693    4096
       1083  9.02500000000   36.55708    52.45180              -179.418    122.979    4096
       1084  9.03333333333   36.34979    52.47111              -179.338    119.410    4096
       1085  9.04166666667   36.14267    52.49139              -179.234    120.533    4096
       1086  9.05000000000   35.93572    52.51263              -179.157    118.753    4096
       1087  9.05833333333   35.72896    52.53484              -179.048    119.714    4096
       1088  9.06666666667   35.52238    52.55798              -178.940  -2308.493    4096
       1089  9.07500000000   35.31598    52.58207              -178.804    123.398    4096
       1090  9.08333333333   35.10977    52.60708              -178.716    119.048    4096
       1091  9.09166666667   34.90374    52.63301              -178.643    120.124    4096
       1092  9.10000000000   34.69790    52.65985              -178.551    123.141    4096
       1093  9.10833333333   34.49225    52.68758              -178.410    126.929    4096
       1094  9.11666666667   34.28679    52.71621              -178.290    115.365    4096
       1095  9.12500000000   34.08153    52.74572              -178.197    121.761    4096
       1096  9.13333333333   33.87646    52.77610              -178.069    118.496    4096
       1097  9.14166666667   33.67158    52.80735              -177.949    119.305    4096
       1098  9.15000000000   33.46690    52.83945              -177.869    119.457    4096
       1099  9.15833333333   33.26242    52.87240              -177.747    129.384    4096
       1100  9.16666666667   33.05814    52.90619              -177.631    116.859    4096
       1101  9.17500000000   32.85406    52.94081              -177.542  -2323.369    4096
       1102  9.18333333333   32.65018    52.97626              -177.417    126.263    4096
       1103  9.19166666667   32.44651    53.01252              -177.334    120.228    4096
       1104  9.20000000000   32.24304    53.04959              -177.207    121.247    4096
       1105  9.20833333333   32.03977    53.08746              -177.126    116.040    4096
       1106  9.21666666667   31.83671    53.12613              -177.002    119.305    4096
       1107  9.22500000000   31.63386    53.16558              -176.943    124.064    4096
       1108  9.23333333333   31.43122    53.20580              -176.768    129.127    4096
       1109  9.24166666667   31.22879    53.24680              -176.625    119.867    4096
       1110  9.25000000000   31.02657    53.28857              -176.522    116.849    4096
       1111  9.25833333333   30.82456    53.33109              -176.401    119.267    4096
       1112  9.26666666667   30.62277    53.37436              -176.247  -2313.452    4096
       1113  9.27500000000   30.42119    53.41838              -176.147    128.718    4096
       1114  9.28333333333   30.21982    53.46313              -175.999    125.967    4096
       1115  9.29166666667   30.01867    53.50861              -175.867    110.454    4096
       1116  9.30000000000   29.81774    53.55482              -175.748    112.091    4096
       1117  9.30833333333   29.61702    53.60174              -175.635    120.390    4096
       1118  9.31666666667   29.41652    53.64938              -175.477    121.056    4096
       1119  9.32500000000   29.21624    53.69772              -175.347    114.251    4096
       1120  9.33333333333   29.01619    53.74676              -175.213    122.693    4096
       1121  9.34166666667   28.81635    53.79650              -175.045    126.110    4096
       1122  9.35000000000   28.61673    53.84692              -174.896    111.529    4096
       1123  9.35833333333   28.41734    53.89802              -174.762    117.782    4096
       1124  9.36666666667   28.21817    53.94980              -174.583    120.390    4096
       1125  9.37500000000   28.01922    54.00225              -174.432    113.585    4096
       1126  9.38333333333   27.82050    54.05536              -174.280    114.108    4096
       1127  9.39166666667   27.62200    54.10913              -174.176    117.525    4096
       1128  9.40000000000   27.42373    54.16355              -174.046    117.820    4096
       1129  9.40833333333   27.22568    54.21862              -173.900    123.245    4096
       1130  9.41666666667   27.02786    54.27434              -173.721    126.662    4096
       1131  9.42500000000   26.83027    54.33069              -173.574  -2318.315    4096
       1132  9.43333333333   26.63290    54.38767              -173.427    114.546    4096
       1133  9.44166666667   26.43576    54.44528              -173.260    106.513    4096
       1134  9.45000000000   26.23885    54.50351              -173.135    113.832    4096
       1135  9.45833333333   26.04218    54.56235              -173.012    118.601    4096
       1136  9.46666666667   25.84573    54.62181              -172.910    125.853    4096
       1137  9.47500000000   25.64951    54.68187              -172.777    124.882    4096
       1138  9.48333333333   25.45352    54.74254              -172.621    120.533    4096
       1139  9.49166666667   25.25776    54.80380              -172.447    126.520    4096
       1140  9.50000000000   25.06223    54.86566              -172.341    129.489    4096
       1141  9.50833333333   24.86694    54.92810              -172.204    119.610    4096
       1142  9.51666666667   24.67187    54.99113              -172.064    124.368    4096
       1143  9.52500000000   24.47704    55.05474              -171.886    123.131    4096
       1144  9.53333333333   24.28245    55.11892              -171.754    128.975    4096
       1145  9.54166666667   24.08808    55.18367              -171.567    128.299    4096
       1146  9.55000000000   23.89395    55.24898              -171.386    124.740    4096
       1147  9.55833333333   23.70005    55.31486              -171.229    126.929    4096
       1148  9.56666666667   23.50639    55.38129              -171.015    135.780    4096
       1149  9.57500000000   23.31296    55.44827              -170.856    134.848    4096
       1150  9.58333333333   23.11976    55.51581              -170.703    128.870    4096
       1151  9.59166666667   22.92680    55.58389              -170.461    137.113    4096
       1152  9.60000000000   22.73408    55.65250              -170.302    139.606    4096
       1153  9.60833333333   22.54159    55.72166              -170.119    131.316    4096
       1154  9.61666666667   22.34933    55.79134              -169.955    142.062    4096
       1155  9.62500000000   22.15731    55.86156              -169.745    144.223    4096
       1156  9.63333333333   21.96553    55.93230              -169.547    137.827    4096
       1157  9.64166666667   21.77398    56.00356              -169.378    131.535    4096
       1158  9.65000000000   21.58267    56.07534              -169.165    154.026    4096
       1159  9.65833333333   21.39159    56.14763              -169.004    142.881    4096
       1160  9.66666666667   21.20075    56.22043              -168.767    125.139    4096
       1161  9.67500000000   21.01014    56.29373              -168.622    126.367    4096
       1162  9.68333333333   20.81977    56.36754              -168.427    124.330    4096
       1163  9.69166666667   20.62964    56.44185              -168.244    130.203    4096
       1164  9.70000000000   20.43975    56.51665              -168.043  -2305.790    4096
       1165  9.70833333333   20.25009    56.59194              -167.871    120.790    4096
       1166  9.71666666667   20.06066    56.66772             18873.254    120.837    4096
       1167  9.72500000000   19.87148    56.74399              -167.504    125.292    4096
       1168  9.73333333333   19.68253    56.82073              -167.341    121.056    4096
       1169  9.74166666667   19.49381    56.89796              -167.181    119.971    4096
       1170  9.75000000000   19.30534    56.97566              -166.968    130.612    4096
       1171  9.75833333333   19.11710    57.05383              -166.812    123.360    4096
       1172  9.76666666667   18.92909    57.13247             18874.303  -2298.204    4096
       1173  9.77500000000   18.74132    57.21157              -166.411    130.317    4096
       1174  9.78333333333   18.55379    57.29114              -166.244    135.371    4096
       1175  9.79166666667   18.36650    57.37116              -166.041    126.110    4096
       1176  9.80000000000   18.17944    57.45164              -165.765    130.193    4096
       1177  9.80833333333   17.99262    57.53257              -165.619    120.828    4096
       1178  9.81666666667   17.80603    57.61395              -165.450    125.549    4096
       1179  9.82500000000   17.61968    57.69578              -165.233    125.967    4096
       1180  9.83333333333   17.43356    57.77805              -165.060    118.087    4096
       1181  9.84166666667   17.24769    57.86077              -164.932    128.680    4096
       1182  9.85000000000   17.06204    57.94392              -164.675    141.348    4096
       1183  9.85833333333   16.87664    58.02750              -164.522    131.021    4096
       1184  9.86666666667   16.69146    58.11151              -164.338    126.263    4096
       1185  9.87500000000   16.50653    58.19596              -164.231    133.210    4096
       1186  9.88333333333   16.32182    58.28083              -164.040    144.927    4096
       1187  9.89166666667   16.13736    58.36612              -163.860    130.612    4096
       1188  9.90000000000   15.95312    58.45184              -163.621    138.236    4096
       1189  9.90833333333   15.76913    58.53797              -163.453    145.450    4096
       1190  9.91666666667   15.58536    58.62452              -163.196    144.213    4096
       1191  9.92500000000   15.40183    58.71148              -163.098    139.759    4096
       1192  9.93333333333   15.21854    58.79885              -162.929    115.631    4096
       1193  9.94166666667   15.03548    58.88663              -162.696  -2297.491    4096
       1194  9.95000000000   14.85265    58.97481              -162.560    131.688    4096
       1195  9.95833333333   14.67006    59.06339              -162.280    135.771    4096
       1196  9.96666666667   14.48769    59.15238              -162.133    145.584    4096
       1197  9.97500000000   14.30556    59.24176              -161.847    140.282    4096
       1198  9.98333333333   14.12367    59.33153              -161.619    138.645    4096
       1199  9.99166666667   13.94200    59.42170              -161.325    147.078    4096
       1200 10.00000000000   13.76056    59.51227              -161.105    138.226    4096
       1201 10.00833333333   13.57937    59.60320              -160.938    124.473    4096
       1202 10.01666666667   13.39840    59.69453              -160.655  -2302.145    4096
       1203 10.02500000000   13.21767    59.78624              -160.346    141.243    4096
       1204 10.03333333333   13.03716    59.87833              -160.131    108.978    4096
       1205 10.04166666667   12.85688    59.97080              -159.992    144.108    4096
       1206 10.05000000000   12.67684    60.06364              -159.665    156.481    4096
       1207 10.05833333333   12.49702    60.15686              -159.454    140.425    4096
       1208 10.06666666667   12.31744    60.25044              -159.255    131.583    4096
       1209 10.07500000000   12.13808    60.34440              -158.941    161.507    4096
       1210 10.08333333333   11.95896    60.43872              -158.778    145.032    4096
       1211 10.09166666667   11.78006    60.53341              -158.477    149.381    4096
       1212 10.10000000000   11.60139    60.62845              -158.382    132.658    4096
       1213 10.10833333333   11.42294    60.72386              -158.078    144.632    4096
       1214 10.11666666667   11.24473    60.81962              -157.753    129.489    4096
       1215 10.12500000000   11.06674    60.91574              -157.669    146.374    4097
       1216 10.13333333333   10.88898    61.01221              -157.420    148.458    4096
       1217 10.14166666667   10.71145    61.10904               -40.169     58.258    4099
       1218 10.15000000000   10.53414    61.20621               -39.877    173.261    4096
       1219 10.15833333333   10.35706    61.30372               -39.616    129.898    4096
       1220 10.16666666667   10.18021    61.40159               -39.343    134.552    4096
       1221 10.17500000000   10.00357    61.49979               -39.147    116.697    4096
       1222 10.18333333333    9.82717    61.59834               -38.866    126.786    4096
       1223 10.19166666667    9.65099    61.69722               -38.803    138.521    4096
       2547 21.22500000000    8.47123   320.43466               -93.879    382.975    4096
       2548 21.23333333333    8.53550   320.25240               -93.909    102.687    4096
       2549 21.24166666667    8.59889   320.06963               -93.834    111.015    4096
       2550 21.25000000000    8.66140   319.88636               -93.893    107.855    4096
       2551 21.25833333333    8.72302   319.70260               -93.927    105.961    4096
       2552 21.26666666667    8.78376   319.51834               -93.917    105.552    4096
       2553 21.27500000000    8.84360   319.33360               -94.015    120.133    4096
       2554 21.28333333333    8.90255   319.14838               -94.051    114.289    4096
       2555 21.29166666667    8.96061   318.96268               -94.101    117.973    4096
       2556 21.30000000000    9.01777   318.77651               -94.144    114.803    4096
       2557 21.30833333333    9.07403   318.58987               -94.199    114.251    4096
       2558 21.31666666667    9.12939   318.40277               -94.153    112.766    4096
       2559 21.32500000000    9.18384   318.21520               -94.211    115.060    4096
       2560 21.33333333333    9.23739   318.02719               -94.271    117.002    4096
       2561 21.34166666667    9.29002   317.83873               -94.404    113.728    4096
       2562 21.35000000000    9.34174   317.64982               -94.519    106.780    4096
       2563 21.35833333333    9.39255   317.46047               -94.610    102.982    4096
       2564 21.36666666667    9.44244   317.27069               -94.660    108.264    4096
       2565 21.37500000000    9.49141   317.08048               -94.913    103.801    4096
       2566 21.38333333333    9.53946   316.88985               -95.092    106.475    4096
       2567 21.39166666667    9.58659   316.69880               -95.113    116.297    4096
       2568 21.40000000000    9.63279   316.50734               -95.213    112.205    4096
       2569 21.40833333333    9.67806   316.31547               -95.348    105.552    4096
       2570 21.41666666667    9.72241   316.12319               -95.447    106.256    4096
       2571 21.42500000000    9.76582   315.93052               -95.462    113.985    4096
       2572 21.43333333333    9.80830   315.73746               -95.557    110.054    4096
       2573 21.44166666667    9.84984   315.54400               -95.642    118.601    4096
       2574 21.45000000000    9.89045   315.35017               -95.706    126.520    4096
       2575 21.45833333333    9.93012   315.15596               -95.800    116.031    4096
       2576 21.46666666667    9.96885   314.96139               -95.853    113.461    4096
       2577 21.47500000000   10.00664   314.76644               -95.908    106.218    4096
       2578 21.48333333333   10.04349   314.57114               -96.016    108.674    4096
       2579 21.49166666667   10.07939   314.37548               -95.975  -2327.871    4096
       2580 21.50000000000   10.11434   314.17948               -95.993    118.743    4096
       2581 21.50833333333   10.14835   313.98313               -95.958    128.861    4096
       2582 21.51666666667   10.18141   313.78645               -96.046    115.070    4096
       2583 21.52500000000   10.21352   313.58943               -96.086    116.849    4096
       2584 21.53333333333   10.24468   313.39209               -96.136    115.479    4096
       2585 21.54166666667   10.27489   313.19443               -96.155    122.170    4096
       2586 21.55000000000   10.30415   312.99645               -96.307    108.264    4096
       2587 21.55833333333   10.33245   312.79817               -96.329     99.565    4096
       2588 21.56666666667   10.35980   312.59958               -96.411    119.200    4096
       2589 21.57500000000   10.38619   312.40070               -96.386    129.679    4096
       2590 21.58333333333   10.41163   312.20153               -96.296    130.460    4096
       2591 21.59166666667   10.43610   312.00207               -96.318    135.514    4096
       2592 21.60000000000   10.45963   311.80233               -96.342    103.096    4096
       2593 21.60833333333   10.48219   311.60232               -96.344  -2333.296    4096
       2594 21.61666666667   10.50379   311.40204               -96.360    111.386    4096
       2595 21.62500000000   10.52444   311.20150               -96.395    111.272    4096
       2596 21.63333333333   10.54412   311.00071               -96.333    119.010    4096
       2597 21.64166666667   10.56285   310.79966               -96.307    121.056    4096
       2598 21.65000000000   10.58061   310.59837               -96.278    109.797    4096
       2599 21.65833333333   10.59742   310.39685               -96.109  -2329.356    4096
       2600 21.66666666667   10.61326   310.19509               -95.988    110.720    4096
       2601 21.67500000000   10.62814   309.99310               -95.809    104.210    4096
       2602 21.68333333333   10.64207   309.79090               -95.673     96.558    4096
       2603 21.69166666667   10.65503   309.58849               -95.545    103.249    4096
       2604 21.70000000000   10.66703   309.38586               -95.390    111.938    4096
       2605 21.70833333333   10.67807   309.18303               -95.152    113.318    4096
       2606 21.71666666667   10.68814   308.98001               -94.869    113.994    4096
       2607 21.72500000000   10.69726   308.77680               -94.647    120.942    4096
       2608 21.73333333333   10.70542   308.57341               -94.525    118.230    4096
       2609 21.74166666667   10.71262   308.36983               -94.411    104.886    4096
       2610 21.75000000000   10.71886   308.16609               -94.322    113.842    4096
       2611 21.75833333333   10.72414   307.96218               -94.211     90.009    4096
       2612 21.76666666667   10.72847   307.75811               -94.100    113.985    4096
       2613 21.77500000000   10.73183   307.55389               -94.034    104.324    4096
       2614 21.78333333333   10.73424   307.34951               -93.974    121.351    4096
       2615 21.79166666667   10.73570   307.14500               -93.904    125.139    4096
       2616 21.80000000000   10.73620   306.94035               -93.905    110.054    4096
       2617 21.80833333333   10.73574   306.73557               -93.997    113.023    4096
       2618 21.81666666667   10.73433   306.53067               -94.037    111.129    4096
       2619 21.82500000000   10.73197   306.32565               -94.000    107.589    4096
       2620 21.83333333333   10.72866   306.12052               -94.002    111.976    4096
       2621 21.84166666667   10.72440   305.91528               -94.038    116.336    4096
       2622 21.85000000000   10.71919   305.70994               -93.990    106.780    4096
       2623 21.85833333333   10.71303   305.50451               -93.989    124.882    4096
       2624 21.86666666667   10.70593   305.29898               -94.063    119.714    4096
       2625 21.87500000000   10.69788   305.09338               -94.042    111.015    4096
       2626 21.88333333333   10.68889   304.88770               -94.207    107.484    4096
       2627 21.89166666667   10.67896   304.68194               -94.305    119.305    4096
       2628 21.90000000000   10.66809   304.47612               -94.343    114.099    4096
       2629 21.90833333333   10.65628   304.27024               -94.573    105.809    4096
       2630 21.91666666667   10.64353   304.06431               -94.617     95.073    4096
       2631 21.92500000000   10.62985   303.85833               -94.769    106.780    4096
       2632 21.93333333333   10.61523   303.65230               -94.909    100.384    4096
       2633 21.94166666667   10.59968   303.44624               -94.985    105.961    4096
       2634 21.95000000000   10.58321   303.24015               -95.186    106.627    4096
       2635 21.95833333333   10.56581   303.03403               -95.176    120.124    4096
       2636 21.96666666667   10.54748   302.82789               -95.229    128.042    4096
       2637 21.97500000000   10.52822   302.62173               -95.270    100.498    4096
       2638 21.98333333333   10.50805   302.41557               -95.327     88.220    4096
       2639 21.99166666667   10.48696   302.20940               -95.351    104.181    4096
       2640 22.00000000000   10.46415   302.00283               -95.310     93.388    4096
       2641 22.00833333333   10.44203   301.79707               -95.318    111.948    4096
       2642 22.01666666667   10.41820   301.59092               -95.310    105.143    4096
       2643 22.02500000000   10.39345   301.38479               -95.237    112.091    4096
       2644 22.03333333333   10.36780   301.17868               -95.169     95.473    4096
       2645 22.04166666667   10.34125   300.97260               -95.153    116.297    4096
       2646 22.05000000000   10.31379   300.76655               -95.145     94.397    4096
       2647 22.05833333333   10.28544   300.56054               -95.276     93.540    4096
       2648 22.06666666667   10.25619   300.35457               -95.241     83.356    4096
       2649 22.07500000000   10.22604   300.14865               -95.261     88.001    4096
       2650 22.08333333333   10.19501   299.94278               -95.297     93.836    4096
       2651 22.09166666667   10.16309   299.73697               -95.310    132.658    4096
       2652 22.10000000000   10.13028   299.53123               -95.312  -2337.246    4096
       2653 22.10833333333   10.09659   299.32555               -95.313    135.371    4096
       2654 22.11666666667   10.06202   299.11994               -95.315    102.801    4096
       2655 22.12500000000   10.02658   298.91441               -95.359     84.955    4096
       2656 22.13333333333    9.99027   298.70896               -95.309     92.608    4096
       2657 22.14166666667    9.95308   298.50360              -118.559      0.000    4130
