# Created on 2022-09-13 07:27:30 
# Sources: obs\TPKL1681.22O, nav\TPKL1681.22G
# Satellite: R07 (k = 5.0)
# Interval: 30.0
# Sampling interval: 0.0 (not used).
# Site: TPKL
# Position (L, B, H): 78.5290569025, 42.4638637031, 1886.01891334
# Position (X, Y, Z): 937429.6846, 4619604.6444, 4285027.6573
# datetime format: %Y-%m-%dT%H:%M:%S
# Columns: tsn, hour, el, az, tec.l1l2, tec.p1p2, validity
# (I11,1X,F14.11,1X,F10.5,1X,F11.5,1X,F21.3,1X,F10.3,1X,I7)
       1080  9.00000000000   14.96614   186.16727               -83.721      0.000      32
       1081  9.00833333333   15.22060   186.19109               -84.417      0.000      32
       1082  9.01666666667   15.47540   186.21526               -85.116      0.000      32
       1083  9.02500000000   15.73053   186.23978               -85.641      0.000      32
       1084  9.03333333333   15.98601   186.26467               -86.040      0.000      32
       1085  9.04166666667   16.24182   186.28992               -86.696      0.000      32
       1086  9.05000000000   16.49798   186.31553               -87.338      0.000      32
       1087  9.05833333333   16.75447   186.34151               -87.961      0.000      32
       1088  9.06666666667   17.01131   186.36786               -88.541      0.000      32
       1089  9.07500000000   17.26848   186.39459               -89.242      0.000      32
       1090  9.08333333333   17.52600   186.42170               -89.663      0.000      32
       1091  9.09166666667   17.78385   186.44919               -90.350      0.000      32
       1092  9.10000000000   18.04205   186.47707               -90.906      0.000      32
       1093  9.10833333333   18.30059   186.50534               -91.381      0.000      32
       1094  9.11666666667   18.55947   186.53401               -91.830      0.000      32
       1095  9.12500000000   18.81868   186.56307               -92.416      0.000      32
       1096  9.13333333333   19.07824   186.59254               -93.028      0.000      32
       1097  9.14166666667   19.33814   186.62241               -93.669      0.000      32
       1098  9.15000000000   19.59837   186.65270               -94.195      0.000      32
       1099  9.15833333333   19.85895   186.68340               -94.855      0.000      32
       1100  9.16666666667   20.11986   186.71453               -95.271      0.000      32
       1101  9.17500000000   20.38112   186.74607               -95.695      0.000      32
       1102  9.18333333333   20.64271   186.77805               -96.195      0.000      32
       1103  9.19166666667   20.90464   186.81046               -96.743      0.000      32
       1104  9.20000000000   21.16690   186.84332               -97.245      0.000      32
       1105  9.20833333333   21.42950   186.87661               -97.830      0.000      32
       1106  9.21666666667   21.69244   186.91035               -98.367      0.000      32
       1107  9.22500000000   21.95572   186.94455               -98.936      0.000      32
       1108  9.23333333333   22.21932   186.97921               -99.511      0.000      32
       1109  9.24166666667   22.48327   187.01433              -100.065      0.000      32
       1110  9.25000000000   22.74754   187.04992              -100.622      0.000      32
       1111  9.25833333333   23.01215   187.08598              -101.099      0.000      32
       1112  9.26666666667   23.27709   187.12253              -101.519      0.000      32
       1113  9.27500000000   23.54236   187.15956              -102.039      0.000      32
       1114  9.28333333333   23.80796   187.19709              -102.529      0.000      32
       1115  9.29166666667   24.07389   187.23511              -102.936      0.000      32
       1116  9.30000000000   24.34015   187.27363              -103.384      0.000      32
       1117  9.30833333333   24.60674   187.31267              -103.904      0.000      32
       1118  9.31666666667   24.87365   187.35222              -104.335      0.000      32
       1119  9.32500000000   25.14089   187.39229              -104.790      0.000      32
       1120  9.33333333333   25.40845   187.43289              -105.230      0.000      32
       1121  9.34166666667   25.67633   187.47402              -105.625      0.000      32
       1122  9.35000000000   25.94453   187.51570              -106.057      0.000      32
       1123  9.35833333333   26.21305   187.55793              -106.438      0.000      32
       1124  9.36666666667   26.48190   187.60071              -106.839      0.000      32
       1125  9.37500000000   26.75106   187.64405              -107.247      0.000      32
       1126  9.38333333333   27.02053   187.68796              -107.747      0.000      32
       1127  9.39166666667   27.29032   187.73245              -108.130      0.000      32
       1128  9.40000000000   27.56042   187.77752              -108.505      0.000      32
       1129  9.40833333333   27.83083   187.82319              -108.924      0.000      32
       1130  9.41666666667   28.10156   187.86945              -109.365      0.000      32
       1131  9.42500000000   28.37258   187.91633              -109.735      0.000      32
       1132  9.43333333333   28.64392   187.96381              -110.149      0.000      32
       1133  9.44166666667   28.91556   188.01192              -110.478      0.000      32
       1134  9.45000000000   29.18750   188.06067              -110.804      0.000      32
       1135  9.45833333333   29.45974   188.11005             19138.918      0.000      32
       1136  9.46666666667   29.73228   188.16009              -111.525      0.000      32
       1137  9.47500000000   30.00512   188.21078              -111.952      0.000      32
       1138  9.48333333333   30.27825   188.26213              -112.333      0.000      32
       1139  9.49166666667   30.55168   188.31417              -112.642      0.000      32
       1140  9.50000000000   30.82539   188.36689              -112.954      0.000      32
       1141  9.50833333333   31.10324   188.36640              -113.320      0.000      32
       1142  9.51666666667   31.37749   188.41983              -113.578      0.000      32
       1143  9.52500000000   31.65206   188.47361              -113.857      0.000      32
       1144  9.53333333333   31.92694   188.52775              -114.160      0.000      32
       1145  9.54166666667   32.20214   188.58224              -114.501      0.000      32
       1146  9.55000000000   32.47764   188.63710              -114.770      0.000      32
       1147  9.55833333333   32.75346   188.69233              -114.898      0.000      32
       1148  9.56666666667   33.02958   188.74794              -115.151      0.000      32
       1149  9.57500000000   33.30601   188.80394              -115.421      0.000      32
       1150  9.58333333333   33.58274   188.86032              -115.697      0.000      32
       1151  9.59166666667   33.85978   188.91711              -116.027      0.000      32
       1152  9.60000000000   34.13712   188.97430              -116.259      0.000      32
       1153  9.60833333333   34.41476   189.03190              -116.439      0.000      32
       1154  9.61666666667   34.69269   189.08992              -116.725      0.000      32
       1155  9.62500000000   34.97093   189.14836              -116.983      0.000      32
       1156  9.63333333333   35.24945   189.20724              -117.186      0.000      32
       1157  9.64166666667   35.52827   189.26656              -117.378      0.000      32
       1158  9.65000000000   35.80738   189.32633              -117.595      0.000      32
       1159  9.65833333333   36.08678   189.38656              -117.847      0.000      32
       1160  9.66666666667   36.36647   189.44726              -118.083      0.000      32
       1161  9.67500000000   36.64644   189.50842              -118.307      0.000      32
       1162  9.68333333333   36.92669   189.57007              -118.581      0.000      32
       1163  9.69166666667   37.20723   189.63222              -118.755      0.000      32
       1164  9.70000000000   37.48804   189.69486              -118.975      0.000      32
       1165  9.70833333333   37.76913   189.75801              -119.203      0.000      32
       1166  9.71666666667   38.05050   189.82167              -119.499      0.000      32
       1167  9.72500000000   38.33213   189.88587              -119.718      0.000      32
       1168  9.73333333333   38.61404   189.95060              -119.966      0.000      32
       1169  9.74166666667   38.89621   190.01588              -120.145      0.000      32
       1170  9.75000000000   39.17865   190.08172              -120.377      0.000      32
       1171  9.75833333333   39.46135   190.14812              -120.612      0.000      32
       1172  9.76666666667   39.74432   190.21510              -120.832      0.000      32
       1173  9.77500000000   40.02754   190.28267              -121.150      0.000      32
       1174  9.78333333333   40.31101   190.35084              -121.431      0.000      32
       1175  9.79166666667   40.59474   190.41962              -121.647      0.000      32
       1176  9.80000000000   40.87872   190.48903              -121.872      0.000      32
       1177  9.80833333333   41.16295   190.55907              -122.101      0.000      32
       1178  9.81666666667   41.44742   190.62975              -122.261      0.000      32
       1179  9.82500000000   41.73214   190.70110              -122.477      0.000      32
       1180  9.83333333333   42.01710   190.77311              -122.645      0.000      32
       1181  9.84166666667   42.30229   190.84582              -122.829      0.000      32
       1182  9.85000000000   42.58772   190.91922              -123.033      0.000      32
       1183  9.85833333333   42.87338   190.99333              -123.201      0.000      32
       1184  9.86666666667   43.15927   191.06817              -123.389      0.000      32
       1185  9.87500000000   43.44538   191.14374              -123.580      0.000      32
       1186  9.88333333333   43.73172   191.22008              -123.700      0.000      32
       1187  9.89166666667   44.01828   191.29718              -123.885      0.000      32
       1188  9.90000000000   44.30505   191.37507              -124.082      0.000      32
       1189  9.90833333333   44.59204   191.45376              -124.233      0.000      32
       1190  9.91666666667   44.87924   191.53327              -124.434      0.000      32
       1191  9.92500000000   45.16664   191.61361              -124.633      0.000      32
       1192  9.93333333333   45.45426   191.69480              4153.051      0.000      32
       1193  9.94166666667   45.74207   191.77686              -124.986      0.000      32
       1194  9.95000000000   46.03008   191.85981              -125.139      0.000      32
       1195  9.95833333333   46.31828   191.94367              -125.340      0.000      32
       1196  9.96666666667   46.60668   192.02845              -125.503      0.000      32
       1197  9.97500000000   46.89526   192.11417              -125.615      0.000      32
       1198  9.98333333333   47.18403   192.20086              -125.819      0.000      32
       1199  9.99166666667   47.47298   192.28853              -125.911      0.000      32
       1200 10.00000000000   47.76211   192.37721              -126.190      0.000      32
       1201 10.00833333333   48.05891   192.39575              -126.297      0.000      32
       1202 10.01666666667   48.34851   192.48512              -126.471      0.000      32
       1203 10.02500000000   48.63834   192.57507              -126.607      0.000      32
       1204 10.03333333333   48.92838   192.66561              -126.744      0.000      32
       1205 10.04166666667   49.21864   192.75676              -126.880      0.000      32
       1206 10.05000000000   49.50911   192.84852              -127.009      0.000      32
       1207 10.05833333333   49.79979   192.94092              -127.157      0.000      32
       1208 10.06666666667   50.09067   193.03396              -127.278      0.000      32
       1209 10.07500000000   50.38176   193.12767              -127.461      0.000      32
       1210 10.08333333333   50.67305   193.22207              -127.618      0.000      32
       1211 10.09166666667   50.96453   193.31716              -127.742      0.000      32
       1212 10.10000000000   51.25620   193.41297              -127.935      0.000      32
       1213 10.10833333333   51.54807   193.50951              -128.055      0.000      32
       1214 10.11666666667   51.84011   193.60680              -128.219      0.000      32
       1215 10.12500000000   52.13234   193.70486             19121.752      0.000      32
       1216 10.13333333333   52.42475   193.80371             19121.651      0.000      32
       1217 10.14166666667   52.71733   193.90337              -128.672      0.000      32
       1218 10.15000000000   53.01008   194.00387              -128.816      0.000      32
       1219 10.15833333333   53.30300   194.10521              -128.979      0.000      32
       1220 10.16666666667   53.59608   194.20743              -129.064      0.000      32
       1221 10.17500000000   53.88933   194.31055              -129.199      0.000      32
       1222 10.18333333333   54.18272   194.41458              -129.330      0.000      32
       1223 10.19166666667   54.47627   194.51956              -129.419      0.000      32
       1224 10.20000000000   54.76997   194.62551             19120.604      0.000      32
       1225 10.20833333333   55.06382   194.73246              -129.712      0.000      32
       1226 10.21666666667   55.35780   194.84042              -129.804      0.000      32
       1227 10.22500000000   55.65193   194.94944              -129.937      0.000      32
       1228 10.23333333333   55.94618   195.05954              -130.029      0.000      32
       1229 10.24166666667   56.24057   195.17074              -130.157      0.000      32
       1230 10.25000000000   56.53508   195.28308              -130.353      0.000      32
       1231 10.25833333333   56.82971   195.39659              -130.464      0.000      32
       1232 10.26666666667   57.12446   195.51130              -130.604      0.000      32
       1233 10.27500000000   57.41933   195.62725              -130.648      0.000      32
       1234 10.28333333333   57.71430   195.74447              -130.781      0.000      32
       1235 10.29166666667   58.00938   195.86300              -130.912      0.000      32
       1236 10.30000000000   58.30456   195.98287              -131.028      0.000      32
       1237 10.30833333333   58.59984   196.10413              -131.163      0.000      32
       1238 10.31666666667   58.89520   196.22681              -131.220      0.000      32
       1239 10.32500000000   59.19066   196.35096              -131.339      0.000      32
       1240 10.33333333333   59.48620   196.47663              -131.417      0.000      32
       1241 10.34166666667   59.78182   196.60385              -131.541      0.000      32
       1242 10.35000000000   60.07752   196.73267              -131.640      0.000      32
       1243 10.35833333333   60.37329   196.86315              -131.780      0.000      32
       1244 10.36666666667   60.66912   196.99533              -131.857      0.000      32
       1245 10.37500000000   60.96501   197.12927              -131.962      0.000      32
       1246 10.38333333333   61.26096   197.26502              -132.068      0.000      32
       1247 10.39166666667   61.55697   197.40264              -132.203      0.000      32
       1248 10.40000000000   61.85301   197.54219              -132.293      0.000      32
       1249 10.40833333333   62.14911   197.68373              -132.428      0.000      32
       1250 10.41666666667   62.44523   197.82733              -132.522      0.000      32
       1251 10.42500000000   62.74139   197.97306              -132.630      0.000      32
       1252 10.43333333333   63.03758   198.12098              -132.739      0.000      32
       1253 10.44166666667   63.33379   198.27117              -132.857      0.000      32
       1254 10.45000000000   63.63001   198.42371              -132.953      0.000      32
       1255 10.45833333333   63.92625   198.57867              -133.016      0.000      32
       1256 10.46666666667   64.22249   198.73615             19117.021      0.000      32
       1257 10.47500000000   64.51873   198.89623              -133.245      0.000      32
       1258 10.48333333333   64.81496   199.05900              -133.357      0.000      32
       1259 10.49166666667   65.11118   199.22455              -133.421      0.000      32
       1260 10.50000000000   65.40737   199.39300              -133.501      0.000      32
       1261 10.50833333333   65.70835   199.45953              -133.585      0.000      32
       1262 10.51666666667   66.00477   199.63098              -133.670      0.000      32
       1263 10.52500000000   66.30119   199.80487              -133.724      0.000      32
       1264 10.53333333333   66.59760   199.98128              -133.827      0.000      32
       1265 10.54166666667   66.89399   200.16033              -133.961      0.000      32
       1266 10.55000000000   67.19037   200.34210              -134.051      0.000      32
       1267 10.55833333333   67.48672   200.52672              -134.123      0.000      32
       1268 10.56666666667   67.78304   200.71428              -134.188      0.000      32
       1269 10.57500000000   68.07932   200.90492              -134.262      0.000      32
       1270 10.58333333333   68.37556   201.09875              -134.394      0.000      32
       1271 10.59166666667   68.67173   201.29590              -134.461      0.000      32
       1272 10.60000000000   68.96785   201.49652              -134.541      0.000      32
       1273 10.60833333333   69.26390   201.70076              -134.618      0.000      32
       1274 10.61666666667   69.55987   201.90877              -134.711      0.000      32
       1275 10.62500000000   69.85576   202.12070              -134.832      0.000      32
       1276 10.63333333333   70.15156   202.33675              -134.887      0.000      32
       1277 10.64166666667   70.44725   202.55709              -134.950      0.000      32
       1278 10.65000000000   70.74283   202.78191              -135.040      0.000      32
       1279 10.65833333333   71.03830   203.01143              -135.137      0.000      32
       1280 10.66666666667   71.33363   203.24585              -135.212      0.000      32
       1281 10.67500000000   71.62883   203.48543              -135.301      0.000      32
       1282 10.68333333333   71.92387   203.73040              -135.372      0.000      32
       1283 10.69166666667   72.21876   203.98103              -135.449      0.000      32
       1284 10.70000000000   72.51347   204.23760              -135.532      0.000      32
       1285 10.70833333333   72.80801   204.50041              -135.599      0.000      32
       1286 10.71666666667   73.10234   204.76978              -135.642      0.000      32
       1287 10.72500000000   73.39647   205.04605              -135.747      0.000      32
       1288 10.73333333333   73.69038   205.32960              -135.816      0.000      32
       1289 10.74166666667   73.98405   205.62080              -135.847      0.000      32
       1290 10.75000000000   74.27748   205.92009              -135.927      0.000      32
       1291 10.75833333333   74.57063   206.22792              -135.995      0.000      32
       1292 10.76666666667   74.86350   206.54476              -136.053      0.000      32
       1293 10.77500000000   75.15607   206.87114              -136.113      0.000      32
       1294 10.78333333333   75.44832   207.20762              -136.182      0.000      32
       1295 10.79166666667   75.74022   207.55482              -136.260      0.000      32
       1296 10.80000000000   76.03176   207.91337              -136.308      0.000      32
       1297 10.80833333333   76.32291   208.28400              -136.384      0.000      32
       1298 10.81666666667   76.61366   208.66746              -136.442      0.000      32
       1299 10.82500000000   76.90396   209.06460              -136.470      0.000      32
       1300 10.83333333333   77.19379   209.47630              -136.573      0.000      32
       1301 10.84166666667   77.48311   209.90356              -136.659      0.000      32
       1302 10.85000000000   77.77191   210.34744              -136.671      0.000      32
       1303 10.85833333333   78.06012   210.80910              -136.744      0.000      32
       1304 10.86666666667   78.34773   211.28984              -136.776      0.000      32
       1305 10.87500000000   78.63467   211.79103              -136.864      0.000      32
       1306 10.88333333333   78.92090   212.31422            -15109.267      0.000      32
       1307 10.89166666667   79.20637   212.86108              -137.009      0.000      32
       1308 10.90000000000   79.49102   213.43347              -137.065      0.000      32
       1309 10.90833333333   79.77478   214.03342              -137.116      0.000      32
       1310 10.91666666667   80.05757   214.66320              -137.173      0.000      32
       1311 10.92500000000   80.33933   215.32529              -137.232      0.000      32
       1312 10.93333333333   80.61995   216.02247              -137.271      0.000      32
       1313 10.94166666667   80.89934   216.75780              -137.355      0.000      32
       1314 10.95000000000   81.17739   217.53471              -137.390      0.000      32
       1315 10.95833333333   81.45397   218.35702              -137.474      0.000      32
       1316 10.96666666667   81.72893   219.22898              -137.542      0.000      32
       1317 10.97500000000   82.00213   220.15537              -137.581      0.000      32
       1318 10.98333333333   82.27337   221.14154              -137.629      0.000      32
       1319 10.99166666667   82.54245   222.19347              -137.676      0.000      32
       1320 11.00000000000   82.80914   223.31793              -137.711      0.000      32
       1321 11.00833333333   83.07840   224.23574              -137.772      0.000      32
       1322 11.01666666667   83.34059   225.51262              -137.801      0.000      32
       1323 11.02500000000   83.59960   226.88498              -137.832      0.000      32
       1324 11.03333333333   83.85502   228.36342              -137.853      0.000      32
       1325 11.04166666667   84.10643   229.95989              -137.898      0.000      32
       1326 11.05000000000   84.35331   231.68780              -137.964      0.000      32
       1327 11.05833333333   84.59505   233.56219              -137.997      0.000      32
       1328 11.06666666667   84.83098   235.59974              -138.008      0.000      32
       1329 11.07500000000   85.06027   237.81884              -138.068      0.000      32
       1330 11.08333333333   85.28200   240.23946              -138.056      0.000      32
       1331 11.09166666667   85.49509   242.88287              -138.077      0.000      32
       1332 11.10000000000   85.69827   245.77105              -138.105      0.000      32
       1333 11.10833333333   85.89013   248.92573              -138.129      0.000      32
       1334 11.11666666667   86.06904   252.36686              -138.170      0.000      32
       1335 11.12500000000   86.23319   256.11047              -138.183      0.000      32
       1336 11.13333333333   86.38063   260.16581              -138.211      0.000      32
       1337 11.14166666667   86.50928   264.53189              -138.235      0.000      32
       1338 11.15000000000   86.61704   269.19389             19111.940      0.000      32
       1339 11.15833333333   86.70192   274.12002              -138.234      0.000      32
       1340 11.16666666667   86.76218   279.26000              -138.222      0.000      32
       1341 11.17500000000   86.79646   284.54608              -138.255      0.000      32
       1342 11.18333333333   86.80400   289.89722              -138.312      0.000      32
       1343 11.19166666667   86.78466   295.22612              -138.348      0.000      32
       1344 11.20000000000   86.73896   300.44765              -138.375      0.000      32
       1345 11.20833333333   86.66805   305.48680              -138.382      0.000      32
       1346 11.21666666667   86.57355   310.28439              -138.411      0.000      32
       1347 11.22500000000   86.45739   314.79958              -138.415      0.000      32
       1348 11.23333333333   86.32167   319.00954              -138.442      0.000      32
       1349 11.24166666667   86.16852   322.90691              -138.480      0.000      32
       1350 11.25000000000   85.99998   326.49635              -138.557      0.000      32
       1351 11.25833333333   85.81796   329.79097              -138.587      0.000      32
       1352 11.26666666667   85.62419   332.80910              -138.615      0.000      32
       1353 11.27500000000   85.42019   335.57182              -138.651      0.000      32
       1354 11.28333333333   85.20732   338.10114              -138.656      0.000      32
       1355 11.29166666667   84.98673   340.41877              -138.701      0.000      32
       1356 11.30000000000   84.75944   342.54538              -138.726      0.000      32
       1357 11.30833333333   84.52631   344.50015              -138.738      0.000      32
       1358 11.31666666667   84.28810   346.30061              -138.785      0.000      32
       1359 11.32500000000   84.04545   347.96260              -138.800      0.000      32
       1360 11.33333333333   83.79890   349.50032              -138.791      0.000      32
       1361 11.34166666667   83.54894   350.92641              -138.836      0.000      32
       1362 11.35000000000   83.29597   352.25213              -138.855      0.000      32
       1363 11.35833333333   83.04035   353.48746              -138.909      0.000      32
       1364 11.36666666667   82.78238   354.64126              -138.905      0.000      32
       1365 11.37500000000   82.52234   355.72137              -138.927      0.000      32
       1366 11.38333333333   82.26046   356.73475              -138.933      0.000      32
       1367 11.39166666667   81.99693   357.68759              -138.953      0.000      32
       1368 11.40000000000   81.73195   358.58537              -138.973      0.000      32
       1369 11.40833333333   81.46567   359.43301              -139.002      0.000      32
       1370 11.41666666667   81.19823     0.23485              -138.988      0.000      32
       1371 11.42500000000   80.92974     0.99481              -138.993      0.000      32
       1372 11.43333333333   80.66033     1.71638              -138.994      0.000      32
       1373 11.44166666667   80.39008     2.40270              -138.988      0.000      32
       1374 11.45000000000   80.11909     3.05658              -138.946      0.000      32
       1375 11.45833333333   79.84743     3.68056              -138.926      0.000      32
       1376 11.46666666667   79.57518     4.27694              -138.947      0.000      32
       1377 11.47500000000   79.30238     4.84779              -138.914      0.000      32
       1378 11.48333333333   79.02911     5.39498              -138.916      0.000      32
       1379 11.49166666667   78.75541     5.92021              -138.929      0.000      32
       1380 11.50000000000   78.48132     6.42505              -138.924      0.000      32
       1381 11.50833333333   78.23316     6.97184              -138.933      0.000      32
       1382 11.51666666667   77.95868     7.44274              -138.935      0.000      32
       1383 11.52500000000   77.68410     7.89736              -138.935      0.000      32
       1384 11.53333333333   77.40946     8.33678              -138.940      0.000      32
       1385 11.54166666667   77.13477     8.76198              -138.907      0.000      32
       1386 11.55000000000   76.86007     9.17387              -138.935      0.000      32
       1387 11.55833333333   76.58538     9.57330              -138.907      0.000      32
       1388 11.56666666667   76.31072     9.96101              -138.936      0.000      32
       1389 11.57500000000   76.03611    10.33773              -138.915      0.000      32
       1390 11.58333333333   75.76158    10.70410              -138.888      0.000      32
       1391 11.59166666667   75.48713    11.06074              -138.895      0.000      32
       1392 11.60000000000   75.21279    11.40820             19111.247      0.000      32
       1393 11.60833333333   74.93856    11.74700              -138.874      0.000      32
       1394 11.61666666667   74.66447    12.07762              -138.884      0.000      32
       1395 11.62500000000   74.39052    12.40051              -138.867      0.000      32
       1396 11.63333333333   74.11673    12.71609              -138.877      0.000      32
       1397 11.64166666667   73.84310    13.02474              -138.891      0.000      32
       1398 11.65000000000   73.56965    13.32684              -138.895      0.000      32
       1399 11.65833333333   73.29638    13.62271              -138.861      0.000      32
       1400 11.66666666667   73.02331    13.91267              -138.866      0.000      32
       1401 11.67500000000   72.75044    14.19703              -138.841      0.000      32
       1402 11.68333333333   72.47777    14.47605              -138.834      0.000      32
       1403 11.69166666667   72.20532    14.75000              -138.813      0.000      32
       1404 11.70000000000   71.93309    15.01912              -138.784      0.000      32
       1405 11.70833333333   71.66109    15.28365              -138.772      0.000      32
       1406 11.71666666667   71.38932    15.54379              -138.761      0.000      32
       1407 11.72500000000   71.11778    15.79975              -138.723      0.000      32
       1408 11.73333333333   70.84649    16.05172              -138.723      0.000      32
       1409 11.74166666667   70.57544    16.29988              -138.695      0.000      32
       1410 11.75000000000   70.30463    16.54441              -138.670      0.000      32
       1411 11.75833333333   70.03408    16.78546              -138.639      0.000      32
       1412 11.76666666667   69.76378    17.02318              -138.610      0.000      32
       1413 11.77500000000   69.49374    17.25773              -138.535      0.000      32
       1414 11.78333333333   69.22396    17.48922              -138.562      0.000      32
       1415 11.79166666667   68.95444    17.71781              -138.552      0.000      32
       1416 11.80000000000   68.68519    17.94360              -138.505      0.000      32
       1417 11.80833333333   68.41620    18.16671              -138.465      0.000      32
       1418 11.81666666667   68.14748    18.38725              -138.438      0.000      32
       1419 11.82500000000   67.87902    18.60533              -138.422      0.000      32
       1420 11.83333333333   67.61084    18.82105            -15110.748      0.000      32
       1421 11.84166666667   67.34293    19.03450              -138.385      0.000      32
       1422 11.85000000000   67.07529    19.24577              -138.398      0.000      32
       1423 11.85833333333   66.80792    19.45494              -138.351      0.000      32
       1424 11.86666666667   66.54083    19.66210              -138.340      0.000      32
       1425 11.87500000000   66.27401    19.86733              -138.293      0.000      32
       1426 11.88333333333   66.00746    20.07070              -138.289      0.000      32
       1427 11.89166666667   65.74119    20.27228              -138.246      0.000      32
       1428 11.90000000000   65.47520    20.47213              -138.196      0.000      32
       1429 11.90833333333   65.20948    20.67033              -138.168      0.000      32
       1430 11.91666666667   64.94403    20.86694              -138.133      0.000      32
       1431 11.92500000000   64.67886    21.06200              -138.133      0.000      32
       1432 11.93333333333   64.41396    21.25559              -138.069      0.000      32
       1433 11.94166666667   64.14934    21.44775              -138.072      0.000      32
       1434 11.95000000000   63.88498    21.63854              -138.046      0.000      32
       1435 11.95833333333   63.62091    21.82800              -137.991      0.000      32
       1436 11.96666666667   63.35710    22.01619              -137.921      0.000      32
       1437 11.97500000000   63.09357    22.20314            -15110.213      0.000      32
       1438 11.98333333333   62.83030    22.38891              -137.857      0.000      32
       1439 11.99166666667   62.56731    22.57353              -137.810      0.000      32
       1440 12.00000000000   62.30458    22.75704              -137.763      0.000      32
       1441 12.00833333333   62.06910    22.94223              -137.707      0.000      32
       1442 12.01666666667   61.80729    23.12492              -137.689      0.000      32
       1443 12.02500000000   61.54592    23.30660              -137.630      0.000      32
       1444 12.03333333333   61.28499    23.48732              -137.622      0.000      32
       1445 12.04166666667   61.02451    23.66710              -137.562      0.000      32
       1446 12.05000000000   60.76447    23.84599              -137.522      0.000      32
       1447 12.05833333333   60.50487    24.02402              -137.509      0.000      32
       1448 12.06666666667   60.24571    24.20122              -137.459      0.000      32
       1449 12.07500000000   59.98700    24.37762              -137.459      0.000      32
       1450 12.08333333333   59.72871    24.55325              -137.438      0.000      32
       1451 12.09166666667   59.47087    24.72814              -137.375      0.000      32
       1452 12.10000000000   59.21346    24.90232              -137.316      0.000      32
       1453 12.10833333333   58.95649    25.07580              -137.286      0.000      32
       1454 12.11666666667   58.69994    25.24863              -137.257      0.000      32
       1455 12.12500000000   58.44383    25.42082              -137.243      0.000      32
       1456 12.13333333333   58.18815    25.59240              -137.120      0.000      32
       1457 12.14166666667   57.93290    25.76339              -137.133      0.000      32
       1458 12.15000000000   57.67808    25.93381              -137.064      0.000      32
       1459 12.15833333333   57.42368    26.10368              -137.014      0.000      32
       1460 12.16666666667   57.16970    26.27303              -136.940      0.000      32
       1461 12.17500000000   56.91615    26.44188              -136.868      0.000      32
       1462 12.18333333333   56.66301    26.61024             19113.306      0.000      32
       1463 12.19166666667   56.41029    26.77813              -136.810      0.000      32
       1464 12.20000000000   56.15799    26.94557              -136.742      0.000      32
       1465 12.20833333333   55.90611    27.11258              -136.638      0.000      32
       1466 12.21666666667   55.65464    27.27918              -136.588      0.000      32
       1467 12.22500000000   55.40357    27.44539              -136.491      0.000      32
       1468 12.23333333333   55.15292    27.61121              -136.444      0.000      32
       1469 12.24166666667   54.90267    27.77666              -136.353      0.000      32
       1470 12.25000000000   54.65283    27.94177              -136.248      0.000      32
       1471 12.25833333333   54.40339    28.10654              -136.197      0.000      32
       1472 12.26666666667   54.15436    28.27098              -136.094      0.000      32
       1473 12.27500000000   53.90572    28.43512              -135.987      0.000      32
       1474 12.28333333333   53.65747    28.59897              -135.880      0.000      32
       1475 12.29166666667   53.40962    28.76253              -135.798      0.000      32
       1476 12.30000000000   53.16217    28.92582              -135.688      0.000      32
       1477 12.30833333333   52.91510    29.08886              -135.601      0.000      32
       1478 12.31666666667   52.66842    29.25165              -135.516      0.000      32
       1479 12.32500000000   52.42213    29.41420              -135.442      0.000      32
       1480 12.33333333333   52.17622    29.57653              -135.360      0.000      32
       1481 12.34166666667   51.93069    29.73866              -135.279      0.000      32
       1482 12.35000000000   51.68554    29.90058              -135.224      0.000      32
       1483 12.35833333333   51.44077    30.06230              -135.147      0.000      32
       1484 12.36666666667   51.19637    30.22385              -135.067      0.000      32
       1485 12.37500000000   50.95235    30.38523              -134.974      0.000      32
       1486 12.38333333333   50.70870    30.54644              -134.914      0.000      32
       1487 12.39166666667   50.46541    30.70750              -134.829      0.000      32
       1488 12.40000000000   50.22249    30.86842              -134.779      0.000      32
       1489 12.40833333333   49.97993    31.02920              -134.690      0.000      32
       1490 12.41666666667   49.73774    31.18985              -134.595      0.000      32
       1491 12.42500000000   49.49590    31.35039              -134.558      0.000      32
       1492 12.43333333333   49.25442    31.51081              -134.488      0.000      32
       1493 12.44166666667   49.01330    31.67114              -134.433      0.000      32
       1494 12.45000000000   48.77253    31.83136              -134.354      0.000      32
       1495 12.45833333333   48.53210    31.99150              -134.304      0.000      32
       1496 12.46666666667   48.29203    32.15156              -134.183      0.000      32
       1497 12.47500000000   48.05230    32.31154              -134.105      0.000      32
       1498 12.48333333333   47.81292    32.47146              -134.026      0.000      32
       1499 12.49166666667   47.57388    32.63131              -133.964      0.000      32
       1500 12.50000000000   47.33518    32.79111              -133.935      0.000      32
       1501 12.50833333333   47.11906    32.93580              -133.825      0.000      32
       1502 12.51666666667   46.88149    33.09619              -133.726      0.000      32
       1503 12.52500000000   46.64440    33.25644              -133.694      0.000      32
       1504 12.53333333333   46.40778    33.41656              -133.655      0.000      32
       1505 12.54166666667   46.17164    33.57654              -133.560      0.000      32
       1506 12.55000000000   45.93597    33.73642              -133.406      0.000      32
       1507 12.55833333333   45.70077    33.89618              -133.307      0.000      32
       1508 12.56666666667   45.46604    34.05584              -133.224      0.000      32
       1509 12.57500000000   45.23177    34.21541              -133.122      0.000      32
       1510 12.58333333333   44.99796    34.37489              -133.027      0.000      32
       1511 12.59166666667   44.76461    34.53430              -132.971      0.000      32
       1512 12.60000000000   44.53172    34.69364              -132.883      0.000      32
       1513 12.60833333333   44.29928    34.85292              -132.749      0.000      32
       1514 12.61666666667   44.06729    35.01214              -132.644      0.000      32
       1515 12.62500000000   43.83575    35.17131              -132.606      0.000      32
       1516 12.63333333333   43.60466    35.33045              -132.497      0.000      32
       1517 12.64166666667   43.37401    35.48955              -132.409      0.000      32
       1518 12.65000000000   43.14380    35.64862              -132.313      0.000      32
       1519 12.65833333333   42.91404    35.80767              -132.192      0.000      32
       1520 12.66666666667   42.68471    35.96671              -132.071      0.000      32
       1521 12.67500000000   42.45581    36.12573              -132.003      0.000      32
       1522 12.68333333333   42.22735    36.28476              -131.898      0.000      32
       1523 12.69166666667   41.99931    36.44379              -131.745      0.000      32
       1524 12.70000000000   41.77170    36.60283              -131.644      0.000      32
       1525 12.70833333333   41.54452    36.76188              -131.559      0.000      32
       1526 12.71666666667   41.31776    36.92095              -131.457      0.000      32
       1527 12.72500000000   41.09142    37.08005              -131.316      0.000      32
       1528 12.73333333333   40.86549    37.23918              -131.245      0.000      32
       1529 12.74166666667   40.63999    37.39834              -131.087      0.000      32
       1530 12.75000000000   40.41489    37.55755              -130.994      0.000      32
       1531 12.75833333333   40.19021    37.71680            -15103.151      0.000      32
       1532 12.76666666667   39.96593    37.87610              -130.763      0.000      32
       1533 12.77500000000   39.74206    38.03546              -130.648      0.000      32
       1534 12.78333333333   39.51859    38.19488              -130.503      0.000      32
       1535 12.79166666667   39.29553    38.35436              -130.413      0.000      32
       1536 12.80000000000   39.07286    38.51391              -130.278      0.000      32
       1537 12.80833333333   38.85059    38.67354              -130.148      0.000      32
       1538 12.81666666667   38.62871    38.83324              -130.029      0.000      32
       1539 12.82500000000   38.40723    38.99303              -129.951      0.000      32
       1540 12.83333333333   38.18614    39.15290              -129.786      0.000      32
       1541 12.84166666667   37.96544    39.31287              -129.710      0.000      32
       1542 12.85000000000   37.74512    39.47292              -129.576      0.000      32
       1543 12.85833333333   37.52519    39.63308              -129.433      0.000      32
       1544 12.86666666667   37.30564    39.79334              -129.389      0.000      32
       1545 12.87500000000   37.08647    39.95370              -129.206      0.000      32
       1546 12.88333333333   36.86768    40.11417              -129.059      0.000      32
       1547 12.89166666667   36.64926    40.27476             19121.209      0.000      32
       1548 12.90000000000   36.43122    40.43546              -128.858      0.000      32
       1549 12.90833333333   36.21355    40.59628              -128.744      0.000      32
       1550 12.91666666667   35.99625    40.75723             19121.640      0.000      32
       1551 12.92500000000   35.77932    40.91830              -128.375      0.000      32
       1552 12.93333333333   35.56276    41.07950              -128.211      0.000      32
       1553 12.94166666667   35.34657    41.24083              -128.040      0.000      32
       1554 12.95000000000   35.13073    41.40230              -127.948      0.000      32
       1555 12.95833333333   34.91526    41.56390              -127.774      0.000      32
       1556 12.96666666667   34.70015    41.72565              -127.637      0.000      32
       1557 12.97500000000   34.48539    41.88755              -127.488      0.000      32
       1558 12.98333333333   34.27100    42.04959              -127.332      0.000      32
       1559 12.99166666667   34.05696    42.21178              -127.222      0.000      32
       1560 13.00000000000   33.84327    42.37412              -127.159      0.000      32
       1561 13.00833333333   33.64104    42.51399              -127.022      0.000      32
       1562 13.01666666667   33.42851    42.67699              -126.893      0.000      32
       1563 13.02500000000   33.21639    42.84000              -126.789      0.000      32
       1564 13.03333333333   33.00470    43.00302              -126.650      0.000      32
       1565 13.04166666667   32.79341    43.16606              -126.553      0.000      32
       1566 13.05000000000   32.58254    43.32912              -126.427      0.000      32
       1567 13.05833333333   32.37208    43.49221              -126.344      0.000      32
       1568 13.06666666667   32.16203    43.65534              -126.212      0.000      32
       1569 13.07500000000   31.95238    43.81851              -126.139      0.000      32
       1570 13.08333333333   31.74314    43.98171              -125.995      0.000      32
       1571 13.09166666667   31.53430    44.14497              -125.945      0.000      32
       1572 13.10000000000   31.32586    44.30828              -125.816      0.000      32
       1573 13.10833333333   31.11782    44.47164              -125.778      0.000      32
       1574 13.11666666667   30.91018    44.63507              -125.626      0.000      32
       1575 13.12500000000   30.70293    44.79856              -125.493      0.000      32
       1576 13.13333333333   30.49607    44.96212              -125.393      0.000      32
       1577 13.14166666667   30.28960    45.12576              -125.204      0.000      32
       1578 13.15000000000   30.08353    45.28947              -125.091      0.000      32
       1579 13.15833333333   29.87784    45.45327              -124.968      0.000      32
       1580 13.16666666667   29.67253    45.61715              -124.795      0.000      32
       1581 13.17500000000   29.46761    45.78112              -124.688      0.000      32
       1582 13.18333333333   29.26307    45.94519              -124.494      0.000      32
       1583 13.19166666667   29.05892    46.10936              -124.383      0.000      32
       1584 13.20000000000   28.85514    46.27362            -15096.591      0.000      32
       1585 13.20833333333   28.65174    46.43800              -124.114      0.000      32
       1586 13.21666666667   28.44871    46.60248              -123.960      0.000      32
       1587 13.22500000000   28.24606    46.76707              -123.783      0.000      32
       1588 13.23333333333   28.04378    46.93178              -123.627      0.000      32
       1589 13.24166666667   27.84187    47.09661              -123.456      0.000      32
       1590 13.25000000000   27.64034    47.26156              -123.291      0.000      32
       1591 13.25833333333   27.43917    47.42664              -123.116      0.000      32
       1592 13.26666666667   27.23837    47.59184              -122.948      0.000      32
       1593 13.27500000000   27.03793    47.75718              -122.841      0.000      32
       1594 13.28333333333   26.83786    47.92266              -122.777      0.000      32
       1595 13.29166666667   26.63815    48.08827              -122.587      0.000      32
       1596 13.30000000000   26.43881    48.25403              -122.365      0.000      32
       1597 13.30833333333   26.23983    48.41993              -122.266      0.000      32
       1598 13.31666666667   26.04120    48.58598              -122.035      0.000      32
       1599 13.32500000000   25.84293    48.75218              -121.894      0.000      32
       1600 13.33333333333   25.64503    48.91853              -121.740      0.000      32
       1601 13.34166666667   25.44747    49.08504              -121.565      0.000      32
       1602 13.35000000000   25.25028    49.25171              -121.417      0.000      32
       1603 13.35833333333   25.05344    49.41854              -121.269      0.000      32
       1604 13.36666666667   24.85695    49.58553              -121.039      0.000      32
       1605 13.37500000000   24.66081    49.75269              -120.864      0.000      32
       1606 13.38333333333   24.46503    49.92002              -120.704      0.000      32
       1607 13.39166666667   24.26959    50.08753              -120.502      0.000      32
       1608 13.40000000000   24.07451    50.25520              -120.303      0.000      32
       1609 13.40833333333   23.87978    50.42306              -120.028      0.000      32
       1610 13.41666666667   23.68539    50.59109              -119.872      0.000      32
       1611 13.42500000000   23.49136    50.75931              -119.719      0.000      32
       1612 13.43333333333   23.29767    50.92771              -119.542      0.000      32
       1613 13.44166666667   23.10433    51.09630              -119.345      0.000      32
       1614 13.45000000000   22.91133    51.26507              -119.215      0.000      32
       1615 13.45833333333   22.71868    51.43404              -119.025      0.000      32
       1616 13.46666666667   22.52637    51.60320              -118.888      0.000      32
       1617 13.47500000000   22.33441    51.77255              -118.736      0.000      32
       1618 13.48333333333   22.14280    51.94210              -118.563      0.000      32
       1619 13.49166666667   21.95152    52.11185              -118.340      0.000      32
       1620 13.50000000000   21.76059    52.28180              -118.162      0.000      32
       1621 13.50833333333   21.56689    52.42610              -118.004      0.000      32
       1622 13.51666666667   21.37699    52.59658              -117.784      0.000      32
       1623 13.52500000000   21.18741    52.76710              -117.566      0.000      32
       1624 13.53333333333   20.99814    52.93766              -117.312      0.000      32
       1625 13.54166666667   20.80919    53.10825              -117.160      0.000      32
       1626 13.55000000000   20.62055    53.27890              -116.985      0.000      32
       1627 13.55833333333   20.43222    53.44960              -116.758      0.000      32
       1628 13.56666666667   20.24421    53.62035              -116.503      0.000      32
       1629 13.57500000000   20.05650    53.79116              -116.244      0.000      32
       1630 13.58333333333   19.86911    53.96204              -116.071      0.000      32
       1631 13.59166666667   19.68203    54.13298              -115.917      0.000      32
       1632 13.60000000000   19.49526    54.30399              -115.620      0.000      32
       1633 13.60833333333   19.30880    54.47507              -115.383      0.000      32
       1634 13.61666666667   19.12265    54.64623              -115.154      0.000      32
       1635 13.62500000000   18.93680    54.81747              -114.952      0.000      32
       1636 13.63333333333   18.75126    54.98879              -114.709      0.000      32
       1637 13.64166666667   18.56603    55.16020              -114.446      0.000      32
       1638 13.65000000000   18.38111    55.33170              -114.157      0.000      32
       1639 13.65833333333   18.19649    55.50330              -114.077      0.000      32
       1640 13.66666666667   18.01218    55.67498              -113.855      0.000      32
       1641 13.67500000000   17.82817    55.84677              -113.597      0.000      32
       1642 13.68333333333   17.64447    56.01866              -113.373      0.000      32
       1643 13.69166666667   17.46107    56.19066              -113.247      0.000      32
       1644 13.70000000000   17.27798    56.36277              -113.120      0.000      32
       1645 13.70833333333   17.09519    56.53498              -112.919      0.000      32
       1646 13.71666666667   16.91271    56.70731              -112.782      0.000      32
       1647 13.72500000000   16.73052    56.87976              -112.630      0.000      32
       1648 13.73333333333   16.54865    57.05233              -112.424      0.000      32
       1649 13.74166666667   16.36707    57.22502             19137.905      0.000      32
       1650 13.75000000000   16.18580    57.39784              -112.087      0.000      32
       1651 13.75833333333   16.00484    57.57079              -111.856      0.000      32
       1652 13.76666666667   15.82417    57.74387              -111.789      0.000      32
       1653 13.77500000000   15.64381    57.91708              -111.555      0.000      32
       1654 13.78333333333   15.46376    58.09043              -111.470      0.000      32
       1655 13.79166666667   15.28400    58.26391              -111.262      0.000      32
       1656 13.80000000000   15.10456    58.43754              -111.089      0.000      32
       1657 13.80833333333   14.92541    58.61132              -110.807      0.000      32
       1658 13.81666666667   14.74657    58.78524              -110.712      0.000      32
       1659 13.82500000000   14.56803    58.95931              -110.440      0.000      32
       1660 13.83333333333   14.38980    59.13353              -110.178      0.000      32
       1661 13.84166666667   14.21187    59.30790              -110.028      0.000      32
       1662 13.85000000000   14.03425    59.48244              -109.742      0.000      32
       1663 13.85833333333   13.85693    59.65713              -109.556      0.000      32
       1664 13.86666666667   13.67992    59.83198              -109.225      0.000      32
       1665 13.87500000000   13.50322    60.00699              -108.984      0.000      32
       1666 13.88333333333   13.32682    60.18217              -108.732      0.000      32
       1667 13.89166666667   13.15073    60.35752              -108.575      0.000      32
       1668 13.90000000000   12.97495    60.53303              -108.390      0.000      32
       1669 13.90833333333   12.79947    60.70872              -107.952      0.000      32
       1670 13.91666666667   12.62431    60.88458              -107.825      0.000      32
       1671 13.92500000000   12.44945    61.06062              -107.658      0.000      32
       1672 13.93333333333   12.27490    61.23684              -107.515      0.000      32
       1673 13.94166666667   12.10067    61.41323              -107.175      0.000      32
       1674 13.95000000000   11.92674    61.58981              -106.973      0.000      32
       1675 13.95833333333   11.75313    61.76657              -106.760      0.000      32
       1676 13.96666666667   11.57983    61.94351              -106.574      0.000      32
       1677 13.97500000000   11.40685    62.12065              -106.466      0.000      32
       1678 13.98333333333   11.23417    62.29797              -106.233      0.000      32
       1679 13.99166666667   11.06182    62.47548              -106.069      0.000      32
       1680 14.00000000000   10.88978    62.65319            -15078.212      0.000      32
       1681 14.00833333333   10.70042    62.80551              -105.636      0.000      32
       1682 14.01666666667   10.52918    62.98357              -105.447      0.000      32
       1683 14.02500000000   10.35814    63.16164              -105.277      0.000      32
       1684 14.03333333333   10.18730    63.33974              -105.041      0.000      32
       1685 14.04166666667   10.01668    63.51787              -105.288      0.000      32
       1686 14.05000000000    9.84626    63.69603              -105.170      0.000      32
       1687 14.05833333333    9.67604    63.87422              -166.998      0.000      32
       1688 14.06666666667    9.50603    64.05245              -166.736      0.000      32
       1689 14.07500000000    9.33624    64.23071              -166.736      0.000      32
       1690 14.08333333333    9.16665    64.40902              -166.736      0.000      32
       1691 14.09166666667    8.99727    64.58738              -166.736      0.000      32
       1692 14.10000000000    8.82810    64.76579              -166.736      0.000      32
       1693 14.10833333333    8.65914    64.94424              -166.736      0.000      32
       1694 14.11666666667    8.49040    65.12275              -166.736      0.000      32
       1695 14.12500000000    8.32186    65.30132              -166.736      0.000      32
       1696 14.13333333333    8.15355    65.47994              -166.736      0.000      32
       1697 14.14166666667    7.98544    65.65863              -166.736      0.000      32
       1698 14.15000000000    7.81755    65.83739              -166.736      0.000      32
       1699 14.15833333333    7.64988    66.01621              -166.736      0.000      32
       1700 14.16666666667    7.48243    66.19510              -166.736      0.000      32
       1701 14.17500000000    7.31519    66.37406              -166.736      0.000      32
       1702 14.18333333333    7.14817    66.55311              -166.736      0.000      32
       1703 14.19166666667    6.98138    66.73223              -166.736      0.000      32
       1704 14.20000000000    6.81480    66.91143              -166.736      0.000      32
       1705 14.20833333333    6.64845    67.09071              -166.736      0.000      32
       1706 14.21666666667    6.48232    67.27008              -166.736      0.000      32
       1707 14.22500000000    6.31641    67.44954              -166.736      0.000      32
       1708 14.23333333333    6.15073    67.62909              -166.736      0.000      32
       1709 14.24166666667    5.98528    67.80873              -166.736      0.000      32
       1710 14.25000000000    5.82006    67.98847              -166.736      0.000      32
       1711 14.25833333333    5.65506    68.16830              -166.736      0.000      32
       1712 14.26666666667    5.49029    68.34824              -166.736      0.000      32
       1713 14.27500000000    5.32576    68.52828              -166.736      0.000      32
       1714 14.28333333333    5.16146    68.70842              -166.736      0.000      32
       1715 14.29166666667    4.99739    68.88867              -166.736      0.000      32
       1716 14.30000000000    4.83356    69.06903              -166.736      0.000      32
       1717 14.30833333333    4.66996    69.24950              -166.736      0.000      32
       1718 14.31666666667    4.50660    69.43009              -166.736      0.000      32
       1719 14.32500000000    4.34348    69.61079              -166.736      0.000      32
       1720 14.33333333333    4.18061    69.79161              -166.736      0.000      32
       1721 14.34166666667    4.01797    69.97255              -166.736      0.000      32
       1722 14.35000000000    3.85558    70.15361              -166.736      0.000      32
       1723 14.35833333333    3.69343    70.33479              -166.736      0.000      32
       1724 14.36666666667    3.53152    70.51611              -166.736      0.000      32
       1725 14.37500000000    3.36987    70.69755              -166.736      0.000      32
       1726 14.38333333333    3.20846    70.87912              -166.736      0.000      32
       1727 14.39166666667    3.04731    71.06082              -166.736      0.000      32
       2802 23.35000000000   33.18963   300.12241              -884.290      0.000      32
       2803 23.35833333333   33.20657   299.80759              -884.290      0.000      32
       2804 23.36666666667   33.22160   299.49233              -884.290      0.000      32
       2805 23.37500000000   33.23473   299.17666              -884.290      0.000      32
       2806 23.38333333333   33.24594   298.86060               -14.834      0.000      32
       2807 23.39166666667   33.25523   298.54418               -14.909      0.000      32
       2808 23.40000000000   33.26261   298.22741               -14.925      0.000      32
       2809 23.40833333333   33.26806   297.91033               -14.999      0.000      32
       2810 23.41666666667   33.27160   297.59296               -15.029      0.000      32
       2811 23.42500000000   33.27320   297.27532               -14.918      0.000      32
       2812 23.43333333333   33.27289   296.95744               -14.973      0.000      32
       2813 23.44166666667   33.27064   296.63935               -15.002      0.000      32
       2814 23.45000000000   33.26647   296.32106               -15.028      0.000      32
       2815 23.45833333333   33.26036   296.00260               -15.020      0.000      32
       2816 23.46666666667   33.25233   295.68401               -15.046      0.000      32
       2817 23.47500000000   33.24236   295.36530               -15.195      0.000      32
       2818 23.48333333333   33.23046   295.04650               -15.292      0.000      32
       2819 23.49166666667   33.21663   294.72763               -15.295      0.000      32
       2820 23.50000000000   33.20087   294.40872               -15.340      0.000      32
       2821 23.50833333333   33.20236   294.10512               -15.394      0.000      32
       2822 23.51666666667   33.18251   293.78639               -15.477      0.000      32
       2823 23.52500000000   33.16087   293.46780               -15.590      0.000      32
       2824 23.53333333333   33.13743   293.14936               -15.595      0.000      32
       2825 23.54166666667   33.11220   292.83109               -15.809      0.000      32
       2826 23.55000000000   33.08518   292.51303               -15.715      0.000      32
       2827 23.55833333333   33.05637   292.19517               -15.743      0.000      32
       2828 23.56666666667   33.02577   291.87756               -15.809      0.000      32
       2829 23.57500000000   32.99339   291.56020               -15.868      0.000      32
       2830 23.58333333333   32.95923   291.24311               -16.122      0.000      32
       2831 23.59166666667   32.92329   290.92633               -16.351      0.000      32
       2832 23.60000000000   32.88558   290.60987               -16.632      0.000      32
       2833 23.60833333333   32.84609   290.29374               -17.003      0.000      32
       2834 23.61666666667   32.80484   289.97797               -17.271      0.000      32
       2835 23.62500000000   32.76183   289.66258               -17.551      0.000      32
       2836 23.63333333333   32.71705   289.34759               -17.592      0.000      32
       2837 23.64166666667   32.67052   289.03301               -17.754      0.000      32
       2838 23.65000000000   32.62224   288.71888               -17.797      0.000      32
       2839 23.65833333333   32.57222   288.40519               -17.756      0.000      32
       2840 23.66666666667   32.52045   288.09199               -17.885      0.000      32
       2841 23.67500000000   32.46695   287.77928               -18.037      0.000      32
       2842 23.68333333333   32.41172   287.46708               -18.320      0.000      32
       2843 23.69166666667   32.35476   287.15542               -18.526      0.000      32
       2844 23.70000000000   32.29608   286.84431               -18.601      0.000      32
       2845 23.70833333333   32.23569   286.53376               -18.730      0.000      32
       2846 23.71666666667   32.17358   286.22381               -18.688      0.000      32
       2847 23.72500000000   32.10978   285.91446               -18.670      0.000      32
       2848 23.73333333333   32.04428   285.60573               -18.666      0.000      32
       2849 23.74166666667   31.97709   285.29764               -18.862      0.000      32
       2850 23.75000000000   31.90822   284.99021               -18.891      0.000      32
       2851 23.75833333333   31.83767   284.68346               -18.876      0.000      32
       2852 23.76666666667   31.76545   284.37740               -18.809      0.000      32
       2853 23.77500000000   31.69157   284.07204               -18.795      0.000      32
       2854 23.78333333333   31.61603   283.76741               -18.809      0.000      32
       2855 23.79166666667   31.53885   283.46352               -18.816      0.000      32
       2856 23.80000000000   31.46003   283.16039               -18.698      0.000      32
       2857 23.80833333333   31.37957   282.85803               -18.624      0.000      32
       2858 23.81666666667   31.29749   282.55646               -18.637      0.000      32
       2859 23.82500000000   31.21379   282.25569               -18.715      0.000      32
       2860 23.83333333333   31.12848   281.95574               -18.735      0.000      32
       2861 23.84166666667   31.04157   281.65663               -18.785      0.000      32
       2862 23.85000000000   30.95307   281.35836               -18.836      0.000      32
       2863 23.85833333333   30.86298   281.06095               -18.851      0.000      32
       2864 23.86666666667   30.77132   280.76441               -18.900      0.000      32
       2865 23.87500000000   30.67810   280.46877               -18.986      0.000      32
       2866 23.88333333333   30.58332   280.17403               -19.250      0.000      32
       2867 23.89166666667   30.48698   279.88020               -19.346      0.000      32
       2868 23.90000000000   30.38911   279.58730               -19.491      0.000      32
       2869 23.90833333333   30.28971   279.29534               -19.533      0.000      32
       2870 23.91666666667   30.18879   279.00434               -19.627      0.000      32
       2871 23.92500000000   30.08636   278.71430               -19.637      0.000      32
       2872 23.93333333333   29.98243   278.42524               -19.827      0.000      32
       2873 23.94166666667   29.87700   278.13716               -19.793      0.000      32
       2874 23.95000000000   29.77010   277.85009               -19.867      0.000      32
       2875 23.95833333333   29.66172   277.56402               -19.887      0.000      32
       2876 23.96666666667   29.55188   277.27898               -19.767      0.000      32
       2877 23.97500000000   29.44059   276.99497               -19.874      0.000      32
       2878 23.98333333333   29.32786   276.71200               -19.851      0.000      32
       2879 23.99166666667   29.21370   276.43008               -19.966      0.000      32
