# Created on 2022-09-13 07:27:27 
# Sources: obs\TPKL1681.22O, nav\TPKL1681.22N
# Satellite: G29
# Interval: 30.0
# Sampling interval: 0.0 (not used).
# Site: TPKL
# Position (L, B, H): 78.5290569025, 42.4638637031, 1886.01891334
# Position (X, Y, Z): 937429.6846, 4619604.6444, 4285027.6573
# datetime format: %Y-%m-%dT%H:%M:%S
# Columns: tsn, hour, el, az, tec.l1l2, tec.p1p2, validity
# (I11,1X,F14.11,1X,F10.5,1X,F11.5,1X,F21.3,1X,F10.3,1X,I7)
        763  6.35833333333   11.80690   290.35727              -132.391    140.834    4096
        764  6.36666666667   11.97258   290.49111              -132.636    142.728    4096
        765  6.37500000000   12.13848   290.62479              -132.824    141.805    4096
        766  6.38333333333   12.30458   290.75832              -133.104    141.910    4096
        767  6.39166666667   12.47090   290.89168              -133.449    136.190    4096
        768  6.40000000000   12.63744   291.02489              -133.727    141.358    4096
        769  6.40833333333   12.80419   291.15793              -133.993    142.424    4096
        770  6.41666666667   12.97115   291.29081              -134.088  -2296.834    4096
        771  6.42500000000   13.13834   291.42352              -134.388    143.023    4096
        772  6.43333333333   13.30574   291.55607              -134.617    131.431    4096
        773  6.44166666667   13.47336   291.68845              -134.911    140.977    4096
        774  6.45000000000   13.64120   291.82066              -135.106    134.029    4096
        775  6.45833333333   13.80927   291.95270              -135.327    142.319    4096
        776  6.46666666667   13.97755   292.08457              -135.708    147.373    4096
        777  6.47500000000   14.14606   292.21627              -135.908    144.775    4096
        778  6.48333333333   14.31479   292.34779              -136.000    132.915    4096
        779  6.49166666667   14.48375   292.47914              -136.215    134.286    4096
        780  6.50000000000   14.65293   292.61031              -136.488    138.636    4096
        781  6.50833333333   14.82233   292.74130              -136.830    135.371    4096
        782  6.51666666667   14.99197   292.87212              -136.941    148.049    4096
        783  6.52500000000   15.16183   293.00275              -137.211    143.547    4096
        784  6.53333333333   15.33192   293.13320              -137.378    136.742    4096
        785  6.54166666667   15.50224   293.26347              -137.667    139.311    4096
        786  6.55000000000   15.67279   293.39355              -137.837    142.062    4096
        787  6.55833333333   15.84357   293.52345              -138.014    143.699    4096
        788  6.56666666667   16.01458   293.65316             18902.522  -2295.863    4096
        789  6.57500000000   16.18582   293.78268              -138.542    135.923    4096
        790  6.58333333333   16.35730   293.91201              -138.725    136.218    4096
        791  6.59166666667   16.52902   294.04114              -138.914    136.894    4096
        792  6.60000000000   16.70096   294.17009              -139.205    131.583    4096
        793  6.60833333333   16.87315   294.29884              -139.490    129.384    4096
        794  6.61666666667   17.04557   294.42739              -139.776    137.008    4096
        795  6.62500000000   17.21823   294.55575              -139.974    134.286    4096
        796  6.63333333333   17.39112   294.68391              -140.248    128.261    4096
        797  6.64166666667   17.56426   294.81186              -140.352    140.948    4096
        798  6.65000000000   17.73764   294.93962              -140.581    148.867    4096
        799  6.65833333333   17.91125   295.06717              -140.923    144.917    4096
        800  6.66666666667   18.08511   295.19452              -141.165    130.764    4096
        801  6.67500000000   18.25921   295.32166              -141.207    132.801    4096
        802  6.68333333333   18.43356   295.44859              -141.416    124.321    4096
        803  6.69166666667   18.60814   295.57531              -141.726  -2309.207    4096
        804  6.70000000000   18.78298   295.70183              -141.941    128.823    4096
        805  6.70833333333   18.95806   295.82813              -142.134    126.377    4096
        806  6.71666666667   19.13338   295.95422              -142.294    113.842    4096
        807  6.72500000000   19.30895   296.08009              -142.329    130.612    4096
        808  6.73333333333   19.48477   296.20574             18898.298    134.438    4096
        809  6.74166666667   19.66084   296.33118              -142.745    133.325    4096
        810  6.75000000000   19.83716   296.45640              -142.953    134.400    4096
        811  6.75833333333   20.01373   296.58139              -143.237    136.332    4096
        812  6.76666666667   20.19055   296.70616              -143.368    126.672    4096
        813  6.77500000000   20.36762   296.83071              -143.540    123.131    4096
        814  6.78333333333   20.54494   296.95503              -143.723    121.056    4096
        815  6.79166666667   20.72252   297.07913              -143.960    130.460    4096
        816  6.80000000000   20.90035   297.20299              -144.237    125.139    4096
        817  6.80833333333   21.07844   297.32663              -144.452    121.199    4096
        818  6.81666666667   21.25678   297.45003              -144.607    137.969    4096
        819  6.82500000000   21.43538   297.57319              -144.871    128.309    4096
        820  6.83333333333   21.61423   297.69612              -145.019    129.908    4096
        821  6.84166666667   21.79334   297.81882              -145.288    110.825    4096
        822  6.85000000000   21.97271   297.94127              -145.474    116.288    4096
        823  6.85833333333   22.15234   298.06348              -145.669    120.238    4096
        824  6.86666666667   22.33223   298.18545              -145.834    126.110    4096
        825  6.87500000000   22.51238   298.30718              -146.128    128.414    4096
        826  6.88333333333   22.69280   298.42866              -146.364    128.423    4096
        827  6.89166666667   22.87347   298.54989              -146.515    125.739    4096
        828  6.90000000000   23.05441   298.67087              -146.723    132.354    4096
        829  6.90833333333   23.23561   298.79160              -147.024    122.018    4096
        830  6.91666666667   23.41707   298.91208              -147.118    116.031    4096
        831  6.92500000000   23.59880   299.03230              -147.303    135.923    4096
        832  6.93333333333   23.78079   299.15226              -147.500    121.761    4096
        833  6.94166666667   23.96305   299.27197              -147.635    112.357    4096
        834  6.95000000000   24.14558   299.39142              -147.833    115.888    4096
        835  6.95833333333   24.32838   299.51060              -148.057    126.634    4096
        836  6.96666666667   24.51144   299.62952              -148.175    123.655    4096
        837  6.97500000000   24.69477   299.74817              -148.330    115.479    4096
        838  6.98333333333   24.87837   299.86656              -148.517  -2310.996    4096
        839  6.99166666667   25.06225   299.98468              -148.784    120.428    4096
        840  7.00000000000   25.24639   300.10252              -148.976    122.836    4096
        841  7.00833333333   25.43080   300.22009              -149.189    125.292    4096
        842  7.01666666667   25.61549   300.33739              -149.339    116.849    4096
        843  7.02500000000   25.80045   300.45440              -149.453    129.936    4096
        844  7.03333333333   25.98568   300.57114              -149.744    134.029    4096
        845  7.04166666667   26.17119   300.68760              -149.876    122.065    4096
        846  7.05000000000   26.35697   300.80377              -150.117    127.224    4096
        847  7.05833333333   26.54303   300.91965              -150.262    123.807    4096
        848  7.06666666667   26.72936   301.03525              -150.411    128.157    4096
        849  7.07500000000   26.91597   301.15056              -150.576    125.396    4096
        850  7.08333333333   27.10286   301.26557              -150.832    120.685    4096
        851  7.09166666667   27.29002   301.38030              -150.978  -2299.803    4096
        852  7.10000000000   27.47747   301.49472              -151.054    141.757    4096
        853  7.10833333333   27.66519   301.60885              -151.232    133.877    4096
        854  7.11666666667   27.85319   301.72267             18889.467  -2304.144    4096
        855  7.12500000000   28.04147   301.83620              -151.676    138.645    4096
        856  7.13333333333   28.23003   301.94942              -151.814    131.840    4096
        857  7.14166666667   28.41887   302.06233              -151.928    126.815    4096
        858  7.15000000000   28.60800   302.17493              -152.184  -2309.321    4096
        859  7.15833333333   28.79741   302.28721              -152.329    127.224    4096
        860  7.16666666667   28.98710   302.39919              -152.558    133.877    4096
        861  7.17500000000   29.17707   302.51084              -152.679    123.655    4096
        862  7.18333333333   29.36733   302.62218              -152.820    126.520    4096
        863  7.19166666667   29.55787   302.73320              -153.019    130.983    4096
        864  7.20000000000   29.74869   302.84389              -153.152    121.761    4096
        865  7.20833333333   29.93981   302.95425              -153.308    124.882    4096
        866  7.21666666667   30.13120   303.06429              -153.535    124.216    4096
        867  7.22500000000   30.32289   303.17399              -153.608    124.473    4096
        868  7.23333333333   30.51486   303.28336              -153.780    117.116    4096
        869  7.24166666667   30.70712   303.39240              -153.857    112.652    4096
        870  7.25000000000   30.89966   303.50109              -154.037    114.108    4096
        871  7.25833333333   31.09250   303.60944              -154.170    127.186    4096
        872  7.26666666667   31.28562   303.71745              -154.309    119.162    4096
        873  7.27500000000   31.47903   303.82511              -154.454    123.950    4096
        874  7.28333333333   31.67274   303.93242              -154.590    119.419    4096
        875  7.29166666667   31.86673   304.03937              -154.796    123.655    4096
        876  7.30000000000   32.06101   304.14597              -154.918  -2317.906    4096
        877  7.30833333333   32.25559   304.25222            -14992.149    114.955    4096
        878  7.31666666667   32.45045   304.35810              -155.224    121.903    4096
        879  7.32500000000   32.64561   304.46361              -155.293    126.672    4096
        880  7.33333333333   32.84106   304.56876              -155.464    121.047    4096
        881  7.34166666667   33.03680   304.67354              -155.597    107.855    4096
        882  7.35000000000   33.23284   304.77794              -155.704    123.502    4096
        883  7.35833333333   33.42917   304.88197              -155.784    123.093    4096
        884  7.36666666667   33.62579   304.98562              -155.995    122.722    4096
        885  7.37500000000   33.82271   305.08888              -156.114    115.365    4096
        886  7.38333333333   34.01992   305.19176              -156.223    122.731    4096
        887  7.39166666667   34.21742   305.29425              -156.315    118.191    4096
        888  7.40000000000   34.41522   305.39634              -156.453    114.546    4096
        889  7.40833333333   34.61332   305.49804              -156.541    112.357    4096
        890  7.41666666667   34.81171   305.59935              -156.722    120.533    4096
        891  7.42500000000   35.01040   305.70024              -156.832    121.237    4096
        892  7.43333333333   35.20938   305.80074              -156.990    117.154    4096
        893  7.44166666667   35.40867   305.90082              -157.079    104.029    4096
        894  7.45000000000   35.60824   306.00049              -157.247    115.070    4096
        895  7.45833333333   35.80812   306.09974              -157.303    121.646    4096
        896  7.46666666667   36.00829   306.19857              -157.432    123.921    4096
        897  7.47500000000   36.20876   306.29697              -157.604    112.909    4096
        898  7.48333333333   36.40953   306.39495              -157.645    116.145    4096
        899  7.49166666667   36.61059   306.49250              -157.784    112.766    4096
        900  7.50000000000   36.81196   306.58961             18883.084  -2324.864    4096
        901  7.50833333333   37.01362   306.68628              -158.004    116.440    4096
        902  7.51666666667   37.21558   306.78250              -158.087    121.466    4096
        903  7.52500000000   37.41784   306.87828              -158.212    113.280    4096
        904  7.53333333333   37.62040   306.97360              -158.321    120.942    4096
        905  7.54166666667   37.82326   307.06847              -158.425    121.875    4096
        906  7.55000000000   38.02642   307.16288              -158.476    118.487    4096
        907  7.55833333333   38.22987   307.25682              -158.579    118.077    4096
        908  7.56666666667   38.43363   307.35029              -158.707    117.525    4096
        909  7.57500000000   38.63769   307.44329              -158.759    118.753    4096
        910  7.58333333333   38.84204   307.53581              -158.877    106.370    4096
        911  7.59166666667   39.04670   307.62784              -158.971    111.234    4096
        912  7.60000000000   39.25166   307.71939              -159.053    106.627    4096
        913  7.60833333333   39.45691   307.81044              -159.126    108.569    4096
        914  7.61666666667   39.66247   307.90100              -159.188    116.707    4096
        915  7.62500000000   39.86832   307.99105              -159.308    117.963    4096
        916  7.63333333333   40.07448   308.08060              -159.429    110.834    4096
        917  7.64166666667   40.28094   308.16963              -159.489     99.670    4096
        918  7.65000000000   40.48769   308.25814              -159.593    113.994    4096
        919  7.65833333333   40.69475   308.34613              -159.696    106.218    4096
        920  7.66666666667   40.90210   308.43359              -159.735    111.386    4096
        921  7.67500000000   41.10976   308.52052              -159.851    116.964    4096
        922  7.68333333333   41.31772   308.60691              -159.904    119.714    4096
        923  7.69166666667   41.52597   308.69275              -160.029    111.386    4096
        924  7.70000000000   41.73453   308.77804              -160.102    109.083    4096
        925  7.70833333333   41.94338   308.86277              -160.145    110.301    4096
        926  7.71666666667   42.15254   308.94693              -160.254    122.731    4096
        927  7.72500000000   42.36199   309.03053              -160.372    115.108    4096
        928  7.73333333333   42.57174   309.11355              -160.446    112.614    4096
        929  7.74166666667   42.78179   309.19599              -160.526    108.417    4096
        930  7.75000000000   42.99214   309.27784              -160.629    113.318    4096
        931  7.75833333333   43.20279   309.35910              -160.734    111.938    4096
        932  7.76666666667   43.41374   309.43975              -160.818    105.400    4096
        933  7.77500000000   43.62499   309.51979              -160.885    107.893    4096
        934  7.78333333333   43.83653   309.59922              -160.945    113.728    4096
        935  7.79166666667   44.04837   309.67802              -161.078    111.539    4096
        936  7.80000000000   44.26051   309.75620              -161.125    116.849    4096
        937  7.80833333333   44.47294   309.83373              -161.230    122.570    4096
        938  7.81666666667   44.68567   309.91062              -161.315    111.681    4096
        939  7.82500000000   44.89870   309.98686              -161.377    112.919    4096
        940  7.83333333333   45.11203   310.06243              -161.451    114.813    4096
        941  7.84166666667   45.32564   310.13734              -161.561    112.652    4096
        942  7.85000000000   45.53956   310.21157              -161.654    119.971    4096
        943  7.85833333333   45.75377   310.28511              -161.772    115.327    4096
        944  7.86666666667   45.96827   310.35796              -161.824    114.508    4096
        945  7.87500000000   46.18307   310.43011              -161.905    108.674    4096
        946  7.88333333333   46.39816   310.50154              -161.992    117.525    4096
        947  7.89166666667   46.61354   310.57226              -162.093    109.749    4096
        948  7.90000000000   46.82921   310.64224              -162.089    101.869    4096
        949  7.90833333333   47.04518   310.71149             18878.788  -2331.003    4096
        950  7.91666666667   47.26143   310.77998              -162.219    101.612    4096
        951  7.92500000000   47.47798   310.84772              -162.246    104.067    4096
        952  7.93333333333   47.69482   310.91469              -162.356    100.346    4096
        953  7.94166666667   47.91194   310.98088              -162.396    108.379    4096
        954  7.95000000000   48.12936   311.04627              -162.453    107.969    4096
        955  7.95833333333   48.34706   311.11087              -162.557    109.787    4096
        956  7.96666666667   48.56505   311.17466              -162.575    108.150    4096
        957  7.97500000000   48.78332   311.23762              -162.640    106.884    4096
        958  7.98333333333   49.00188   311.29975              -162.736  -2328.128    4096
        959  7.99166666667   49.22073   311.36104              -162.833    113.280    4096
        960  8.00000000000   49.43986   311.42146              -162.897    109.645    4096
        961  8.00833333333   49.65927   311.48102              -162.999    113.994    4096
        962  8.01666666667   49.87896   311.53969              -163.100    119.457    4096
        963  8.02500000000   50.09893   311.59746              -163.163    108.664    4096
        964  8.03333333333   50.31919   311.65433              -163.214    104.029    4096
        965  8.04166666667   50.53972   311.71028              -163.282    107.179    4096
        966  8.05000000000   50.76053   311.76529              -163.361    110.720    4096
        967  8.05833333333   50.98162   311.81934              -163.432    105.400    4096
        968  8.06666666667   51.20298   311.87244              -163.496  -2324.188    4096
        969  8.07500000000   51.42462   311.92455              -163.556    111.129    4096
        970  8.08333333333   51.64653   311.97567              -163.616    115.070    4096
        971  8.09166666667   51.86871   312.02578              -163.674    110.168    4096
        972  8.10000000000   52.09116   312.07486              -163.730    110.720    4096
        973  8.10833333333   52.31389   312.12290              -163.802    118.496    4096
        974  8.11666666667   52.53688   312.16988              -163.853    107.446    4096
        975  8.12500000000   52.76014   312.21579              -163.936    112.100    4096
        976  8.13333333333   52.98367   312.26060              -163.970    113.842    4096
        977  8.14166666667   53.20745   312.30430              -164.013    111.386    4096
        978  8.15000000000   53.43151   312.34686             18876.875  -2322.665    4096
        979  8.15833333333   53.65582   312.38828              -164.142    110.863    4096
        980  8.16666666667   53.88039   312.42853              -164.195    106.742    4096
        981  8.17500000000   54.10522   312.46759              -164.245    109.645    4096
        982  8.18333333333   54.33031   312.50544              -164.298    109.492    4096
        983  8.19166666667   54.55565   312.54206              -164.361    109.635    4096
        984  8.20000000000   54.78125   312.57743              -164.408    109.492    4096
        985  8.20833333333   55.00709   312.61152              -164.417    110.977    4096
        986  8.21666666667   55.23319   312.64431              -164.503    103.763    4096
        987  8.22500000000   55.45953   312.67579              -164.546    107.189    4096
        988  8.23333333333   55.68612   312.70592              -164.622    108.369    4096
        989  8.24166666667   55.91295   312.73468              -164.699    112.881    4096
        990  8.25000000000   56.14002   312.76204              -164.754    106.627    4096
        991  8.25833333333   56.36733   312.78799              -164.784    111.015    4096
        992  8.26666666667   56.59488   312.81249              -164.827    113.623    4096
        993  8.27500000000   56.82266   312.83551              -164.892    110.863    4096
        994  8.28333333333   57.05068   312.85702              -164.921    109.340    4096
        995  8.29166666667   57.27892   312.87701              -164.978    110.311    4096
        996  8.30000000000   57.50739   312.89542              -165.047    113.699    4096
        997  8.30833333333   57.73609   312.91225              -165.094    112.881    4096
        998  8.31666666667   57.96501   312.92745              -165.144    109.235    4096
        999  8.32500000000   58.19415   312.94099              -165.200    111.015    4096
       1000  8.33333333333   58.42351   312.95283              -165.276    107.741    4096
       1001  8.34166666667   58.65308   312.96295              -165.271    104.581    4096
       1002  8.35000000000   58.88286   312.97131              -165.340    109.388    4096
       1003  8.35833333333   59.11285   312.97786              -165.392    111.834    4096
       1004  8.36666666667   59.34304   312.98257              -165.436    107.332    4096
       1005  8.37500000000   59.57344   312.98541              -165.482    107.969    4096
       1006  8.38333333333   59.80403   312.98632                -0.477    110.454    4098
       1007  8.39166666667   60.03482   312.98528                -0.515    108.560    4098
       1008  8.40000000000   60.26580   312.98223                 4.099    108.674    4096
       1009  8.40833333333   60.49697   312.97713                -0.565    111.386    4096
       1010  8.41666666667   60.72832   312.96994                 1.704    113.023    4098
       1011  8.42500000000   60.95985   312.96060                 0.000      0.000    5200
       1012  8.43333333333   61.19156   312.94908                 8.597    104.438    4096
       1013  8.44166666667   61.42344   312.93531                 0.000      0.000    5200
       1014  8.45000000000   61.65550   312.91924                 6.183    110.311    4096
       1015  8.45833333333   61.88771   312.90083                 3.788    108.007    4098
       1016  8.46666666667   62.12008   312.88002                 0.000      0.000    5232
       1017  8.47500000000   62.35261   312.85674                 8.382    105.961    4096
       1018  8.48333333333   62.58529   312.83093                 0.000      0.000    5200
       1019  8.49166666667   62.81811   312.80255                 8.294    102.278    4096
       1020  8.50000000000   63.05108   312.77152                 3.610    107.598    4096
       1021  8.50833333333   63.28417   312.73777                 5.901    108.264    4096
       1022  8.51666666667   63.51740   312.70124                 8.171    106.627    4098
       1023  8.52500000000   63.75075   312.66185                 0.000      0.000    5200
       1024  8.53333333333   63.98422   312.61954                 0.000      0.000    5200
       1025  8.54166666667   64.21781   312.57422                12.795     99.822    4096
       1026  8.55000000000   64.45149   312.52582                12.780    100.231    4096
       1027  8.55833333333   64.68528   312.47425                12.782    102.135    4096
       1028  8.56666666667   64.91916   312.41943                 8.120    107.893    4098
       1029  8.57500000000   65.15313   312.36128                 5.753    108.816    4098
       1030  8.58333333333   65.38718   312.29969                10.348    107.589    4098
       1031  8.59166666667   65.62129   312.23458                 5.695    110.872    4096
       1032  8.60000000000   65.85548   312.16585                 0.000      0.000    5200
       1033  8.60833333333   66.08971   312.09339                10.347    103.915    4096
       1034  8.61666666667   66.32400   312.01709                 7.950    103.763    4098
       1035  8.62500000000   66.55833   311.93686                 7.898    104.058    4096
       1036  8.63333333333   66.79268   311.85256                12.540  -2334.420    4096
       1037  8.64166666667   67.02706   311.76409                 0.000      0.000    5232
       1038  8.65000000000   67.26145   311.67132                 0.000      0.000    5200
       1039  8.65833333333   67.49585   311.57411                 7.885    100.898    4096
       1040  8.66666666667   67.73023   311.47234                 7.873    107.598    4096
       1041  8.67500000000   67.96460   311.36586                 7.820    111.015    4098
       1042  8.68333333333   68.19894   311.25453                 0.000      0.000    5200
       1043  8.69166666667   68.43323   311.13819                10.076    109.340    4096
       1044  8.70000000000   68.66748   311.01669                 5.422    116.326    4098
       1045  8.70833333333   68.90166   310.88987                 0.000      0.000    5200
       1046  8.71666666667   69.13576   310.75754                 0.000      0.000    5232
       1047  8.72500000000   69.36976   310.61953                10.005    108.816    4096
       1048  8.73333333333   69.60366   310.47566                12.238    105.552    4098
       1049  8.74166666667   69.83744   310.32572                 9.933    103.658    4096
       1050  8.75000000000   70.07109   310.16951                 7.640    107.037    4098
       1051  8.75833333333   70.30458   310.00682                 0.000      0.000    5200
       1052  8.76666666667   70.53790   309.83743                 0.000      0.000    5200
       1053  8.77500000000   70.77103   309.66109                 7.584    107.341    4096
       1054  8.78333333333   71.00396   309.47758                 7.584    104.886    4098
       1055  8.79166666667   71.23667   309.28663                12.244    101.050    4098
       1056  8.80000000000   71.46913   309.08797                14.602    101.716    4096
       1057  8.80833333333   71.70132   308.88133                 7.584    105.552    4098
       1058  8.81666666667   71.93323   308.66641                12.297  -2333.449    4098
       1059  8.82500000000   72.16482   308.44291                12.202    105.666    4098
       1060  8.83333333333   72.39608   308.21051                12.214    101.612    4096
       1061  8.84166666667   72.62697   307.96887                 0.000      0.000    5232
       1062  8.85000000000   72.85748   307.71764                14.549  -2335.381    4096
       1063  8.85833333333   73.08757   307.45644                 0.000      0.000    5200
       1064  8.86666666667   73.31722   307.18490                12.253    104.591    4096
       1065  8.87500000000   73.54638   306.90260                 9.915    104.067    4096
       1066  8.88333333333   73.77504   306.60913                 0.000      0.000    5200
       1067  8.89166666667   74.00315   306.30402                 9.924    105.961    4096
       1068  8.90000000000   74.23068   305.98682                 0.000      0.000    5200
       1069  8.90833333333   74.45759   305.65703                 7.606    104.476    4096
       1070  8.91666666667   74.68383   305.31413                 0.000      0.000    5200
       1071  8.92500000000   74.90937   304.95757                 0.000      0.000    5232
       1072  8.93333333333   75.13416   304.58680                 0.000      0.000    5232
       1073  8.94166666667   75.35816   304.20120                 9.925    102.392    4096
       1074  8.95000000000   75.58130   303.80015                 9.916    108.007    4098
       1075  8.95833333333   75.80354   303.38300                 5.246    111.272    4096
       1076  8.96666666667   76.02483   302.94903                 0.000      0.000    5200
       1077  8.97500000000   76.24509   302.49753                 0.000      0.000    5200
       1078  8.98333333333   76.46427   302.02773                12.220    107.037    4096
       1079  8.99166666667   76.68229   301.53884                 7.543    106.627    4098
       1080  9.00000000000   76.89910   301.02999                 0.000      0.000    5232
       1081  9.00833333333   77.11460   300.50033                 0.000      0.000    5200
       1082  9.01666666667   77.32872   299.94891                 0.000      0.000    5200
       1083  9.02500000000   77.54138   299.37478                 0.000      0.000    5200
       1084  9.03333333333   77.75248   298.77691                 0.000      0.000    5200
       1085  9.04166666667   77.96193   298.15426                 0.000      0.000    5200
       1086  9.05000000000   78.16961   297.50572                 0.000      0.000    5200
       1087  9.05833333333   78.37543   296.83013                 0.000      0.000    5200
       1088  9.06666666667   78.57927   296.12630                 0.000      0.000    5200
       1089  9.07500000000   78.78100   295.39300                 0.000      0.000    5200
       1090  9.08333333333   78.98049   294.62892                 0.000      0.000    5200
       1091  9.09166666667   79.17760   293.83273                 0.000      0.000    5232
       1092  9.10000000000   79.37219   293.00308                 0.000      0.000    5200
       1093  9.10833333333   79.56409   292.13854                 0.000      0.000    5200
       1094  9.11666666667   79.75314   291.23768                 0.000      0.000    5200
       1095  9.12500000000   79.93917   290.29904                 0.000      0.000    5200
       1096  9.13333333333   80.12198   289.32113                 0.000      0.000    5200
       1097  9.14166666667   80.30138   288.30248                 0.000      0.000    5200
       1098  9.15000000000   80.47715   287.24160                 0.000      0.000    5200
       1099  9.15833333333   80.64908   286.13703                 0.000      0.000    5200
       1100  9.16666666667   80.81694   284.98735                 5.572    106.922    4096
       1101  9.17500000000   80.98047   283.79120                 0.000      0.000    5232
       1102  9.18333333333   81.13942   282.54729                 0.000      0.000    5200
       1103  9.19166666667   81.29354   281.25447                 0.000      0.000    5232
       1104  9.20000000000   81.44252   279.91170                 0.000      0.000    5200
       1105  9.20833333333   81.58610   278.51811                 7.993    106.513    4096
       1106  9.21666666667   81.72396   277.07305                 0.000      0.000    5200
       1107  9.22500000000   81.85580   275.57613                 0.000      0.000    5232
       1108  9.23333333333   81.98130   274.02722                 0.000      0.000    5232
       1109  9.24166666667   82.10016   272.42653                 0.000      0.000    5200
       1110  9.25000000000   82.21203   270.77465                 0.000      0.000    5200
       1111  9.25833333333   82.31661   269.07257                 0.000      0.000    5200
       1112  9.26666666667   82.41358   267.32173                 0.000      0.000    5200
       1113  9.27500000000   82.50261   265.52404                 0.000      0.000    5200
       1114  9.28333333333   82.58341   263.68191                 0.000      0.000    5200
       1115  9.29166666667   82.65569   261.79829                 0.000      0.000    5200
       1116  9.30000000000   82.71918   259.87660                 0.000      0.000    5200
       1117  9.30833333333   82.77363   257.92080                 6.007    107.446    4096
       1118  9.31666666667   82.81882   255.93531                 6.049    105.552    4096
       1119  9.32500000000   82.85455   253.92498                 0.000      0.000    5200
       1120  9.33333333333   82.88067   251.89507                 0.000      0.000    5200
       1121  9.34166666667   82.89706   249.85109                 8.434    106.665    4096
       1122  9.35000000000   82.90363   247.79884                 0.000      0.000    5200
       1123  9.35833333333   82.90034   245.74420                 0.000      0.000    5200
       1124  9.36666666667   82.88719   243.69310                 1.568    106.627    4096
       1125  9.37500000000   82.86422   241.65143                 0.000      0.000    5232
       1126  9.38333333333   82.83151   239.62490                 6.268    106.627    4096
       1127  9.39166666667   82.78918   237.61898                 0.000      0.000    5200
       1128  9.40000000000   82.73738   235.63880                 0.000      0.000    5200
       1129  9.40833333333   82.67631   233.68910                 0.000      0.000    5200
       1130  9.41666666667   82.60617   231.77419                 0.000      0.000    5200
       1131  9.42500000000   82.52722   229.89788                 4.109    105.809    4096
       1132  9.43333333333   82.43971   228.06347                 0.000      0.000    5200
       1133  9.44166666667   82.34394   226.27374                 0.000      0.000    5200
       1134  9.45000000000   82.24018   224.53098                 0.000      0.000    5200
       1135  9.45833333333   82.12876   222.83696                 1.943    109.645    4096
       1136  9.46666666667   82.00999   221.19301                 0.000      0.000    5200
       1137  9.47500000000   81.88416   219.59998                 0.000      0.000    5200
       1138  9.48333333333   81.75161   218.05837                 0.000      0.000    5200
       1139  9.49166666667   81.61263   216.56829                 0.000      0.000    5200
       1140  9.50000000000   81.46754   215.12954                 2.167    109.235    4096
       1141  9.50833333333   81.31664   213.74165                 0.000      0.000    5200
       1142  9.51666666667   81.16021   212.40389                 0.000      0.000    5200
       1143  9.52500000000   80.99854   211.11536                 2.267    111.129    4096
       1144  9.53333333333   80.83189   209.87499                 0.000      0.000    5200
       1145  9.54166666667   80.66053   208.68157                 0.000      0.000    5232
       1146  9.55000000000   80.48471   207.53381                 0.000      0.000    5200
       1147  9.55833333333   80.30467   206.43031                 0.000      0.000    5232
       1148  9.56666666667   80.12062   205.36964                 0.000      0.000    5200
       1149  9.57500000000   79.93279   204.35035                 0.000      0.000    5232
       1150  9.58333333333   79.74138   203.37094                -2.068    113.023    4096
       1151  9.59166666667   79.54658   202.42993                -2.006    112.357    4096
       1152  9.60000000000   79.34857   201.52585                -1.951    110.311    4096
       1153  9.60833333333   79.14753   200.65723                 0.422    108.407    4096
       1154  9.61666666667   78.94362   199.82265                 0.464    106.780    4096
       1155  9.62500000000   78.73699   199.02071                 0.500    108.303    4096
       1156  9.63333333333   78.52779   198.25005                 0.000      0.000    5200
       1157  9.64166666667   78.31615   197.50934                 0.000      0.000    5200
       1158  9.65000000000   78.10219   196.79732                -3.988    115.070    4096
       1159  9.65833333333   77.88606   196.11274                 0.000      0.000    5200
       1160  9.66666666667   77.66784   195.45443                 0.000      0.000    5200
       1161  9.67500000000   77.44766   194.82125                 0.000      0.000    5232
       1162  9.68333333333   77.22561   194.21211                 0.000      0.000    5200
       1163  9.69166666667   77.00178   193.62596                -6.071    113.585    4096
       1164  9.70000000000   76.77628   193.06180                 0.000      0.000    5200
       1165  9.70833333333   76.54917   192.51867                 0.000      0.000    5200
       1166  9.71666666667   76.32054   191.99567                 0.000      0.000    5232
       1167  9.72500000000   76.09047   191.49192                -5.818    109.749    4096
       1168  9.73333333333   75.85903   191.00659                 0.000      0.000    5200
       1169  9.74166666667   75.62628   190.53889                 0.000      0.000    5200
       1170  9.75000000000   75.39228   190.08806                 0.000      0.000    5200
       1171  9.75833333333   75.15710   189.65339                 0.000      0.000    5200
       1172  9.76666666667   74.92079   189.23419                 0.000      0.000    5200
       1173  9.77500000000   74.68340   188.82980                -3.159    106.218    4096
       1174  9.78333333333   74.44499   188.43962                -7.770    108.007    4096
       1175  9.79166666667   74.20560   188.06304                 0.000      0.000    5232
       1176  9.80000000000   73.96528   187.69950                 0.000      0.000    5200
       1177  9.80833333333   73.72407   187.34846                 0.000      0.000    5200
       1178  9.81666666667   73.48200   187.00943                 0.000      0.000    5200
       1179  9.82500000000   73.23913   186.68190                 0.000      0.000    5200
       1180  9.83333333333   72.99549   186.36541                -7.411    112.243    4096
       1181  9.84166666667   72.75110   186.05954                 0.000      0.000    5200
       1182  9.85000000000   72.50601   185.76384                 0.000      0.000    5200
       1183  9.85833333333   72.26025   185.47793                 0.000      0.000    5232
       1184  9.86666666667   72.01384   185.20141                 0.000      0.000    5200
       1185  9.87500000000   71.76681   184.93394                 0.000      0.000    5200
       1186  9.88333333333   71.51920   184.67515                -9.306    110.720    4096
       1187  9.89166666667   71.27102   184.42471               -11.551    111.577    4098
       1188  9.90000000000   71.02230   184.18231                -6.862    111.015    4098
       1189  9.90833333333   70.77307   183.94765                 0.000      0.000    5200
       1190  9.91666666667   70.52335   183.72044                 0.000      0.000    5200
       1191  9.92500000000   70.27316   183.50040                -8.932    112.652    4096
       1192  9.93333333333   70.02252   183.28726                 0.000      0.000    5200
       1193  9.94166666667   69.77145   183.08079                 0.000      0.000    5200
       1194  9.95000000000   69.51997   182.88072                 0.000      0.000    5200
       1195  9.95833333333   69.26809   182.68684                 0.000      0.000    5200
       1196  9.96666666667   69.01585   182.49893                 0.000      0.000    5232
       1197  9.97500000000   68.76324   182.31676                 0.000      0.000    5232
       1198  9.98333333333   68.51029   182.14015                 0.000      0.000    5200
       1199  9.99166666667   68.25702   181.96889                 0.000      0.000    5200
       1200 10.00000000000   68.00346   181.80279                 0.000      0.000    5200
       1201 10.00833333333   67.74955   181.64171               -12.846    111.938    4096
       1202 10.01666666667   67.49538   181.48544                 0.000      0.000    5200
       1203 10.02500000000   67.24095   181.33383                 0.000      0.000    5200
       1204 10.03333333333   66.98625   181.18672                 0.000      0.000    5232
       1205 10.04166666667   66.73132   181.04397                 0.000      0.000    5232
       1206 10.05000000000   66.47615   180.90542                 0.000      0.000    5232
       1207 10.05833333333   66.22075   180.77094               -12.335   -268.172    4096
       1208 10.06666666667   65.96515   180.64040                 0.000      0.000    5200
       1209 10.07500000000   65.70935   180.51366                 0.000      0.000    5200
       1210 10.08333333333   65.45336   180.39061                 0.000      0.000    5200
       1211 10.09166666667   65.19719   180.27112                 0.000      0.000    5200
       1212 10.10000000000   64.94086   180.15509               -11.965    109.749    4096
       1213 10.10833333333   64.68436   180.04240                 0.000      0.000    5200
       1214 10.11666666667   64.42771   179.93294                 0.000      0.000    5200
       1215 10.12500000000   64.17093   179.82662               -16.424    114.651    4096
       1216 10.13333333333   63.91400   179.72334               -14.024    114.803    4096
       1217 10.14166666667   63.65696   179.62301               -13.970    110.311    4096
       1218 10.15000000000   63.39980   179.52552               -16.219    113.575    4096
       1219 10.15833333333   63.14253   179.43080               -13.824    116.707    4098
       1220 10.16666666667   62.88516   179.33877               -18.401    115.365    4096
       1221 10.17500000000   62.62769   179.24933                 0.000      0.000    5200
       1222 10.18333333333   62.37014   179.16242                 0.000      0.000    5200
       1223 10.19166666667   62.11251   179.07795               -13.491    110.463    4096
       1224 10.20000000000   61.85481   178.99585                 0.000      0.000    5200
       1225 10.20833333333   61.59704   178.91606               -15.717    116.183    4096
       1226 10.21666666667   61.33922   178.83850               -15.628    117.668    4096
       1227 10.22500000000   61.08134   178.76311               -20.172    118.230    4098
       1228 10.23333333333   60.82342   178.68982               -22.419    116.592    4096
       1229 10.24166666667   60.56545   178.61858               -17.675    112.614    4098
       1230 10.25000000000   60.30746   178.54932               -17.588    113.433    4098
       1231 10.25833333333   60.04943   178.48199               -24.459    119.419    4098
       1232 10.26666666667   59.79138   178.41653               -26.700    114.660    4096
       1233 10.27500000000   59.53331   178.35289               -21.962    117.820    4098
       1234 10.28333333333   59.27523   178.29101               -21.865  -2326.796    4096
       1235 10.29166666667   59.01715   178.23085               -21.802    113.433    4098
       1236 10.30000000000   58.75906   178.17235               -24.044    118.487    4098
       1237 10.30833333333   58.50098   178.11547               -23.930    113.842    4096
       1238 10.31666666667   58.24290   178.06017                 0.000      0.000    5200
       1239 10.32500000000   57.98484   178.00639                 0.000      0.000    5200
       1240 10.33333333333   57.72680   177.95410               -28.302    119.714    4096
       1241 10.34166666667   57.46878   177.90326               -25.871  -2320.362    4098
       1242 10.35000000000   57.21079   177.85381                 0.000      0.000    5200
       1243 10.35833333333   56.95283   177.80574               -28.030    113.985    4096
       1244 10.36666666667   56.69490   177.75899               -23.265    110.349    4098
       1245 10.37500000000   56.43702   177.71353               -27.852    114.803    4098
       1246 10.38333333333   56.17918   177.66932                 0.000      0.000    5200
       1247 10.39166666667   55.92138   177.62633                 0.000      0.000    5200
       1248 10.40000000000   55.66365   177.58453                 0.000      0.000    5232
       1249 10.40833333333   55.40596   177.54389                 0.000      0.000    5200
       1250 10.41666666667   55.14834   177.50436               -29.676    115.517    4096
       1251 10.42500000000   54.89079   177.46592               -29.556  -2324.454    4096
       1252 10.43333333333   54.63330   177.42854               -29.458    114.813    4096
       1253 10.44166666667   54.37588   177.39220               -29.399    112.500    4096
       1254 10.45000000000   54.11854   177.35685             19011.641  -2321.732    4096
       1255 10.45833333333   53.86128   177.32249               -29.196    116.592    4096
       1256 10.46666666667   53.60410   177.28907               -29.071    119.714    4096
       1257 10.47500000000   53.34701   177.25657               -28.959    120.390    4096
       1258 10.48333333333   53.09000   177.22497               -28.865    118.753    4096
       1259 10.49166666667   52.83309   177.19424               -28.775    117.668    4096
       1260 10.50000000000   52.57628   177.16435               -28.617    123.360    4096
       1261 10.50833333333   52.31956   177.13530               -28.539    113.433    4096
       1262 10.51666666667   52.06295   177.10704               -28.445    114.917    4096
       1263 10.52500000000   51.80645   177.07957               -28.331    113.166    4096
       1264 10.53333333333   51.55005   177.05285               -28.204    117.925    4096
       1265 10.54166666667   51.29376   177.02686               -28.134    118.753    4096
       1266 10.55000000000   51.03759   177.00160               -28.009    115.212    4096
       1267 10.55833333333   50.78154   176.97703               -37.188    117.525    4098
       1268 10.56666666667   50.52561   176.95314                 0.000      0.000    5200
       1269 10.57500000000   50.26980   176.92990               -39.269    117.563    4096
       1270 10.58333333333   50.01412   176.90731               -39.129    117.820    4096
       1271 10.59166666667   49.75857   176.88533               -36.724    115.774    4096
       1272 10.60000000000   49.50315   176.86396                 0.000      0.000    5200
       1273 10.60833333333   49.24786   176.84317                 0.000      0.000    5200
       1274 10.61666666667   48.99272   176.82296               -43.295    119.419    4096
       1275 10.62500000000   48.73771   176.80330               -43.180    115.879    4096
       1276 10.63333333333   48.48284   176.78417               -43.112    122.322    4096
       1277 10.64166666667   48.22812   176.76557               -42.959    127.738    4096
       1278 10.65000000000   47.97355   176.74747               -42.841    121.608    4096
       1279 10.65833333333   47.71913   176.72986               -42.695    127.862    4096
       1280 10.66666666667   47.46486   176.71273               -42.489    127.072    4096
       1281 10.67500000000   47.21075   176.69606               -42.379    119.048    4096
       1282 10.68333333333   46.95680   176.67984               -42.266  -2309.883    4096
       1283 10.69166666667   46.70300   176.66406               -42.100    120.276    4096
       1284 10.70000000000   46.44937   176.64869               -42.006    122.950    4096
       1285 10.70833333333   46.19590   176.63374               -41.874  -2320.105    4096
       1286 10.71666666667   45.94260   176.61918               -41.706    127.186    4096
       1287 10.72500000000   45.68947   176.60500               -41.594    125.035    4096
       1288 10.73333333333   45.43651   176.59120               -41.420    127.043    4096
       1289 10.74166666667   45.18372   176.57776               -41.299    119.562    4096
       1290 10.75000000000   44.93111   176.56466               -41.152    121.094    4096
       1291 10.75833333333   44.67867   176.55190               -41.074    120.533    4096
       1292 10.76666666667   44.42642   176.53947               -40.889    120.790    4096
       1293 10.77500000000   44.17435   176.52735               -40.732    120.799    4096
       1294 10.78333333333   43.92246   176.51553               -40.599    116.145    4096
       1295 10.79166666667   43.67076   176.50401               -40.449    120.647    4096
       1296 10.80000000000   43.41925   176.49277               -40.288    119.829    4096
       1297 10.80833333333   43.16793   176.48181               -40.144    117.668    4096
       1298 10.81666666667   42.91680   176.47110               -40.007    124.216    4096
       1299 10.82500000000   42.66587   176.46066               -39.889    121.351    4096
       1300 10.83333333333   42.41513   176.45045            -14876.794    122.836    4096
       1301 10.84166666667   42.16459   176.44048               -39.558    120.381    4096
       1302 10.85000000000   41.91425   176.43074               -39.394    129.232    4096
       1303 10.85833333333   41.66411   176.42121               -39.211    126.110    4096
       1304 10.86666666667   41.41417   176.41190               -39.083    125.035    4096
       1305 10.87500000000   41.16444   176.40278               -38.906    126.006    4096
       1306 10.88333333333   40.91492   176.39385               -38.705    125.292    4096
       1307 10.89166666667   40.66561   176.38511               -38.541    125.701    4096
       1308 10.90000000000   40.41650   176.37655               -38.384    121.466    4096
       1309 10.90833333333   40.16761   176.36815               -38.262    119.200    4096
       1310 10.91666666667   39.91894   176.35991               -38.090    121.504    4096
       1311 10.92500000000   39.67048   176.35182               -37.963    123.655    4096
       1312 10.93333333333   39.42224   176.34388               -37.785    135.818    4096
       1313 10.94166666667   39.17421   176.33607               -37.590    128.556    4096
       1314 10.95000000000   38.92641   176.32840               -37.416    123.502    4096
       1315 10.95833333333   38.67883   176.32084               -37.238    130.346    4096
       1316 10.96666666667   38.43148   176.31341               -37.045    135.666    4096
       1317 10.97500000000   38.18435   176.30608               -36.861    121.608    4096
       1318 10.98333333333   37.93744   176.29886               -36.684    128.975    4096
       1319 10.99166666667   37.69077   176.29173               -36.544    127.900    4096
       1320 11.00000000000   37.44433   176.28469               -36.341    129.527    4096
       1321 11.00833333333   37.19812   176.27773               -36.100    134.695    4096
       1322 11.01666666667   36.95214   176.27085               -35.856    129.946    4096
       1323 11.02500000000   36.70640   176.26404               -35.639    125.701    4096
       1324 11.03333333333   36.46089   176.25730               -35.477    122.284    4096
       1325 11.04166666667   36.21562   176.25062               -35.310    118.753    4096
       1326 11.05000000000   35.97060   176.24398               -35.150    119.305    4096
       1327 11.05833333333   35.72581   176.23740               -34.976    119.819    4096
       1328 11.06666666667   35.48126   176.23085               -34.747    134.809    4096
       1329 11.07500000000   35.23696   176.22435               -34.538    129.384    4096
       1330 11.08333333333   34.99290   176.21787               -34.293    126.929    4096
       1331 11.09166666667   34.74909   176.21142               -34.098    125.444    4096
       1332 11.10000000000   34.50553   176.20498               -33.855    129.794    4096
       1333 11.10833333333   34.26221   176.19857               -33.590    117.639    4096
       1334 11.11666666667   34.01915   176.19216               -33.422    112.471    4096
       1335 11.12500000000   33.77634   176.18575               -33.289    130.574    4096
       1336 11.13333333333   33.53378   176.17934               -33.038    130.612    4096
       1337 11.14166666667   33.29147   176.17293               -32.878    123.664    4096
       1338 11.15000000000   33.04942   176.16651               -32.673    127.643    4096
       1339 11.15833333333   32.80763   176.16007               -32.432    131.830    4096
       1340 11.16666666667   32.56609   176.15361               -32.196    135.780    4096
       1341 11.17500000000   32.32482   176.14713               -31.934    125.292    4096
       1342 11.18333333333   32.08380   176.14062               -31.696    119.153    4096
       1343 11.19166666667   31.84305   176.13407               -31.484    126.786    4096
       1344 11.20000000000   31.60256   176.12749               -31.206    135.780    4096
       1345 11.20833333333   31.36233   176.12086               -30.978    130.203    4096
       1346 11.21666666667   31.12237   176.11419               -30.708    133.210    4096
       1347 11.22500000000   30.88268   176.10746               -30.510    124.730    4096
       1348 11.23333333333   30.64325   176.10068               -30.270    122.874    4096
       1349 11.24166666667   30.40409   176.09384               -29.995    121.618    4096
       1350 11.25000000000   30.16520   176.08693               -29.752    134.809    4096
       1351 11.25833333333   29.92658   176.07996               -29.500    130.203    4096
       1352 11.26666666667   29.68824   176.07292               -29.250    126.367    4096
       1353 11.27500000000   29.45017   176.06580               -28.980    140.130    4096
       1354 11.28333333333   29.21237   176.05859               -28.667    133.477    4096
       1355 11.29166666667   28.97484   176.05131               -28.446    130.355    4096
       1356 11.30000000000   28.73760   176.04394               -28.150    125.301    4096
       1357 11.30833333333   28.50063   176.03648               -27.889    128.975    4096
       1358 11.31666666667   28.26394   176.02892               -27.644    133.877    4096
       1359 11.32500000000   28.02753   176.02126               -27.337    134.962    4096
       1360 11.33333333333   27.79140   176.01350               -27.063    142.062    4096
       1361 11.34166666667   27.55555   176.00564               -26.754    134.286    4096
       1362 11.35000000000   27.31998   175.99766               -26.467    135.514    4096
       1363 11.35833333333   27.08470   175.98958               -26.097    133.467    4096
       1364 11.36666666667   26.84970   175.98137               -25.774    129.537    4096
       1365 11.37500000000   26.61499   175.97305               -25.471    122.465    4096
       1366 11.38333333333   26.38056   175.96460               -25.179    117.516    4096
       1367 11.39166666667   26.14643   175.95603               -24.885    120.228    4096
       1368 11.40000000000   25.91258   175.94733               -24.526    127.186    4096
       1369 11.40833333333   25.67902   175.93849               -24.206    121.085    4096
       1370 11.41666666667   25.44575   175.92952               -23.890    122.836    4096
       1371 11.42500000000   25.21277   175.92041               -23.541    123.398    4096
       1372 11.43333333333   24.98008   175.91115               -23.144    126.634    4096
       1373 11.44166666667   24.74769   175.90175               -22.820    133.734    4096
       1374 11.45000000000   24.51559   175.89220               -22.486    126.263    4096
       1375 11.45833333333   24.28379   175.88250               -22.207    122.132    4096
       1376 11.46666666667   24.05228   175.87264               -21.874    133.734    4096
       1377 11.47500000000   23.82107   175.86262               -21.488    133.210    4096
       1378 11.48333333333   23.59016   175.85245               -21.077    131.431    4096
       1379 11.49166666667   23.35955   175.84210               -20.739    130.869    4096
       1380 11.50000000000   23.12923   175.83159               -20.348    138.236    4096
       1381 11.50833333333   22.89922   175.82091               -19.997    132.249    4096
       1382 11.51666666667   22.66951   175.81006               -19.565    136.599    4096
       1383 11.52500000000   22.44010   175.79903               -19.216    135.219    4096
       1384 11.53333333333   22.21099   175.78782               -18.843    131.983    4096
       1385 11.54166666667   21.98218   175.77644               -18.542    130.346    4096
       1386 11.55000000000   21.75369   175.76486               -18.091    129.232    4096
       1387 11.55833333333   21.52549   175.75310               -17.714    136.637    4096
       1388 11.56666666667   21.29761   175.74115               -17.258    141.101    4096
       1389 11.57500000000   21.07003   175.72900               -16.833    138.493    4096
       1390 11.58333333333   20.84275   175.71666               -16.412    144.365    4096
       1391 11.59166666667   20.61579   175.70413               -15.903    153.065    4096
       1392 11.60000000000   20.38914   175.69139               -15.408    146.297    4096
       1393 11.60833333333   20.16279   175.67844               -14.930    147.078    4096
       1394 11.61666666667   19.93676   175.66529               -14.445    145.032    4096
       1395 11.62500000000   19.71104   175.65194               -14.030    143.842    4096
       1396 11.63333333333   19.48564   175.63837               -13.495    143.804    4096
       1397 11.64166666667   19.26054   175.62458               -13.066    143.804    4096
       1398 11.65000000000   19.03577   175.61058               -12.540    144.775    4096
       1399 11.65833333333   18.81130   175.59637               -12.176    141.234    4096
       1400 11.66666666667   18.58715   175.58192               -11.603    145.593    4096
       1401 11.67500000000   18.36332   175.56726               -11.078    140.016    4096
       1402 11.68333333333   18.13981   175.55237               -10.623    143.242    4096
       1403 11.69166666667   17.91662   175.53725               -10.118    145.032    4096
       1404 11.70000000000   17.69374   175.52189                -9.614    146.259    4096
       1405 11.70833333333   17.47118   175.50631                -9.015    153.369    4096
       1406 11.71666666667   17.24895   175.49048                -8.497    155.111    4096
       1407 11.72500000000   17.02703   175.47442                -7.860    154.435    4096
       1408 11.73333333333   16.80544   175.45812                -7.303  -2275.961    4096
       1409 11.74166666667   16.58417   175.44157                -6.794    148.867    4096
       1410 11.75000000000   16.36323   175.42478                -6.260    151.018    4096
       2270 18.91666666667    6.00196    47.85904              -102.669  -2345.822    4096
       2271 18.92500000000    6.02706    47.65890              -102.637     91.389    4096
       2272 18.93333333333    6.05124    47.45872              -102.663     91.085    4096
       2273 18.94166666667    6.07451    47.25851              -102.688    116.745    4096
       2274 18.95000000000    6.09687    47.05829              -103.073    113.061    4096
       2275 18.95833333333    6.11832    46.85804              -103.119    105.438    4096
       2276 18.96666666667    6.13885    46.65779              -103.054     99.679    4096
       2277 18.97500000000    6.15846    46.45753              -103.245    119.572    4096
       2278 18.98333333333    6.17715    46.25727              -103.118     47.817    4096
       2279 18.99166666667    6.19491    46.05701              -103.149     92.494    4096
       2280 19.00000000000    6.21175    45.85676              -103.292  -2322.960    4096
       2281 19.00833333333    6.22767    45.65652              -103.289     94.540    4096
       2282 19.01666666667    6.24265    45.45631              -103.368     88.106    4096
       2283 19.02500000000    6.25670    45.25611              -103.354    101.497    4096
       2284 19.03333333333    6.26982    45.05595              -103.342     94.806    4096
       2285 19.04166666667    6.28201    44.85582              -103.272    124.740    4096
       2286 19.05000000000    6.29326    44.65572              -103.241    108.816    4096
       2287 19.05833333333    6.30357    44.45568              -103.213    110.158    4096
       2288 19.06666666667    6.31295    44.25568              -103.360     88.677    4096
       2289 19.07500000000    6.32138    44.05573              -103.479    123.103    4096
       2290 19.08333333333    6.32887    43.85585              -103.398  -2332.069    4096
       2291 19.09166666667    6.33542    43.65603              -103.286     93.436    4096
       2292 19.10000000000    6.34103    43.45628              -103.211    107.303    4096
       2293 19.10833333333    6.34569    43.25661              -103.307    110.206    4096
       2294 19.11666666667    6.34940    43.05702              -103.430    107.855    4096
       2295 19.12500000000    6.35217    42.85751              -103.388    120.381    4096
       2296 19.13333333333    6.35398    42.65810              -103.454     99.718    4096
       2297 19.14166666667    6.35485    42.45878              -103.609    113.176    4096
       2298 19.15000000000    6.35476    42.25957              -103.545    112.909    4096
       2299 19.15833333333    6.35373    42.06046              -103.441    118.077    4096
       2300 19.16666666667    6.35174    41.86147              -103.358    117.820    4096
       2301 19.17500000000    6.34880    41.66260              -103.642     99.565    4096
       2302 19.18333333333    6.34490    41.46385              -103.441    118.639    4096
       2303 19.19166666667    6.34005    41.26523              -103.571     99.413    4096
       2304 19.20000000000    6.33424    41.06674              -103.483    132.249    4096
       2305 19.20833333333    6.32748    40.86840              -103.630    115.622    4096
       2306 19.21666666667    6.31977    40.67020              -103.585    125.996    4096
       2307 19.22500000000    6.31109    40.47215              -103.461    124.997    4096
       2308 19.23333333333    6.30146    40.27427              -103.413    115.222    4096
       2309 19.24166666667    6.29087    40.07654              -103.421    111.643    4096
       2310 19.25000000000    6.27933    39.87898              -103.457    112.243    4096
       2311 19.25833333333    6.26683    39.68159              -103.440    118.372    4096
       2312 19.26666666667    6.25336    39.48438              -103.515    113.328    4096
       2313 19.27500000000    6.23895    39.28736              -103.592    103.096    4096
       2314 19.28333333333    6.22357    39.09052              -103.668     90.714    4096
       2315 19.29166666667    6.20724    38.89388              -103.786    105.295    4096
       2316 19.30000000000    6.18995    38.69745              -103.784    107.189    4096
       2317 19.30833333333    6.17170    38.50121              -103.815    104.067    4096
       2318 19.31666666667    6.15249    38.30519              -103.863     86.773    4096
       2319 19.32500000000    6.13233    38.10938              -104.011    104.467    4096
       2320 19.33333333333    6.11122    37.91380              -104.031    102.687    4096
       2321 19.34166666667    6.08914    37.71845              -104.138    108.826    4096
       2322 19.35000000000    6.06611    37.52332              -104.110    111.015    4096
       2323 19.35833333333    6.04213    37.32844              -104.151    104.619    4096
       2324 19.36666666667    6.01719    37.13380              -104.249     93.169    4096
       2325 19.37500000000    5.99130    36.93940              -104.374     98.452    4096
       2326 19.38333333333    5.96446    36.74526              -104.239    101.726    4096
       2327 19.39166666667    5.93666    36.55139              -104.350    101.612    4096
       2328 19.40000000000    5.90791    36.35777              -104.263    109.083    4096
       2329 19.40833333333    5.87821    36.16443              -104.392    109.492    4096
       2330 19.41666666667    5.84757    35.97136              -104.325    100.945    4096
       2331 19.42500000000    5.81597    35.77857              -104.404  -2333.182    4096
       2332 19.43333333333    5.78343    35.58607              -104.407    111.129    4096
       2333 19.44166666667    5.74994    35.39385              -104.318    101.050    4096
       2334 19.45000000000    5.71550    35.20194              -104.309    113.575    4096
       2335 19.45833333333    5.68012    35.01032              -104.415    111.129    4096
       2336 19.46666666667    5.64380    34.81901              -104.358    115.888    4096
       2337 19.47500000000    5.60654    34.62802              -104.400    108.816    4096
       2338 19.48333333333    5.56834    34.43734              -104.481    119.305    4096
       2339 19.49166666667    5.52920    34.24698              -104.536    112.357    4096
       2340 19.50000000000    5.48912    34.05694              -104.658    113.585    4096
       2341 19.50833333333    5.44811    33.86724              -104.644    108.712    4096
       2342 19.51666666667    5.40616    33.67788              -104.661    119.867    4096
       2343 19.52500000000    5.36328    33.48885              -104.663    110.349    4096
       2344 19.53333333333    5.31947    33.30018              -104.681    103.801    4096
       2345 19.54166666667    5.27474    33.11185              -104.706    104.324    4096
       2346 19.55000000000    5.22907    32.92388              -104.831     98.452    4096
       2347 19.55833333333    5.18248    32.73627              -104.925    108.264    4096
       2348 19.56666666667    5.13497    32.54902              -104.861    110.463    4096
       2349 19.57500000000    5.08654    32.36215              -104.958    103.763    4096
       2350 19.58333333333    5.03718    32.17565              -104.918    116.031    4096
       2351 19.59166666667    4.98691    31.98953              -104.966    115.212    4096
       2352 19.60000000000    4.93573    31.80379              -105.031  -2321.999    4096
       2353 19.60833333333    4.88363    31.61844              -105.004    114.955    4096
       2354 19.61666666667    4.83062    31.43349              -104.995    119.610    4096
       2355 19.62500000000    4.77670    31.24893              -105.104    117.145    4096
       2356 19.63333333333    4.72188    31.06477              -105.148    114.698    4096
       2357 19.64166666667    4.66615    30.88103              -105.056    115.622    4096
       2358 19.65000000000    4.60952    30.69769              -105.168    111.015    4096
       2359 19.65833333333    4.55199    30.51476              -105.139    116.450    4096
       2360 19.66666666667    4.49357    30.33226              -105.320    110.311    4096
       2361 19.67500000000    4.43425    30.15018              -105.335    111.015    4096
       2362 19.68333333333    4.37404    29.96853              -105.434    115.365    4096
       2363 19.69166666667    4.31294    29.78731              -105.541    107.598    4096
       2364 19.70000000000    4.25095    29.60652              -105.516    102.544    4096
       2365 19.70833333333    4.18808    29.42618              -105.618    107.712    4096
       2366 19.71666666667    4.12433    29.24628              -105.655    120.790    4096
       2367 19.72500000000    4.05971    29.06683              -105.651    111.386    4096
       2368 19.73333333333    3.99420    28.88783              -105.624    102.173    4096
       2369 19.74166666667    3.92783    28.70928              -105.678    104.210    4096
       2370 19.75000000000    3.86058    28.53120              -105.715    121.094    4096
       2371 19.75833333333    3.79247    28.35358              -105.722    109.902    4096
       2372 19.76666666667    3.72349    28.17642              -105.822    116.145    4096
       2373 19.77500000000    3.65365    27.99974              -105.672  -2329.356    4096
       2374 19.78333333333    3.58296    27.82353              -105.690    103.249    4096
       2375 19.79166666667    3.51140    27.64781              -105.682    106.627    4096
       2376 19.80000000000    3.43900    27.47256              -105.859    109.492    4096
       2377 19.80833333333    3.36575    27.29780              -105.679    103.353    4096
       2378 19.81666666667    3.29165    27.12352              -105.863    102.125    4096
       2379 19.82500000000    3.21672    26.94974              -105.722     99.451    4096
       2380 19.83333333333    3.14094    26.77646              -105.686    106.523    4096
