# Created on 2022-09-13 07:27:37 
# Sources: obs\TPKL1681.22O, nav\TPKL1681.22N
# Satellite: G04
# Interval: 30.0
# Sampling interval: 0.0 (not used).
# Site: TPKL
# Position (L, B, H): 78.5290569025, 42.4638637031, 1886.01891334
# Position (X, Y, Z): 937429.6846, 4619604.6444, 4285027.6573
# datetime format: %Y-%m-%dT%H:%M:%S
# Columns: tsn, hour, el, az, tec.l1l2, tec.p1p2, validity
# (I11,1X,F14.11,1X,F10.5,1X,F11.5,1X,F21.3,1X,F10.3,1X,I7)
       2034 16.95000000000   12.55911   275.29680              -137.397    140.016    4096
       2035 16.95833333333   12.71812   275.44494              -137.743    146.259    4096
       2036 16.96666666667   12.87723   275.59313              -137.901    140.691    4096
       2037 16.97500000000   13.03646   275.74135              -138.296    133.991    4096
       2038 16.98333333333   13.19581   275.88960              -138.680    122.570    4096
       2039 16.99166666667   13.35527   276.03790              -138.812    130.869    4096
       2040 17.00000000000   13.51484   276.18622              -138.985    132.915    4096
       2041 17.00833333333   13.67453   276.33459              -139.301    133.734    4096
       2042 17.01666666667   13.83434   276.48298              -139.618    132.354    4096
       2043 17.02500000000   13.99427   276.63141              -139.933    140.282    4096
       2044 17.03333333333   14.15432   276.77986              -140.153    140.158    4096
       2045 17.04166666667   14.31449   276.92835              -140.318    142.024    4096
       2046 17.05000000000   14.47478   277.07687              -140.706    126.006    4096
       2047 17.05833333333   14.63520   277.22542              -140.992    129.784    4096
       2048 17.06666666667   14.79573   277.37399              -141.265    135.628    4096
       2049 17.07500000000   14.95639   277.52259              -141.513    129.908    4096
       2050 17.08333333333   15.11717   277.67122              -141.823    126.919    4096
       2051 17.09166666667   15.27808   277.81987              -142.078    138.931    4096
       2052 17.10000000000   15.43912   277.96855              -142.324    128.975    4096
       2053 17.10833333333   15.60028   278.11725              -142.491    134.962    4096
       2054 17.11666666667   15.76157   278.26597              -142.894    115.108    4096
       2055 17.12500000000   15.92299   278.41472              -143.082    116.145    4096
       2056 17.13333333333   16.08454   278.56349              -143.380    131.830    4096
       2057 17.14166666667   16.24622   278.71227              -143.698    122.988    4096
       2058 17.15000000000   16.40803   278.86108              -144.063    132.506    4096
       2059 17.15833333333   16.56997   279.00991              -144.200    136.589    4096
       2060 17.16666666667   16.73205   279.15875              -144.592    126.929    4096
       2061 17.17500000000   16.89426   279.30761              -144.907    123.655    4096
       2062 17.18333333333   17.05661   279.45649              -145.161    119.867    4096
       2063 17.19166666667   17.21909   279.60538              -145.418    129.679    4096
       2064 17.20000000000   17.38170   279.75429              -145.744  -2318.058    4096
       2065 17.20833333333   17.54446   279.90322              -145.949    128.452    4096
       2066 17.21666666667   17.70735   280.05215              -146.307    119.724    4096
       2067 17.22500000000   17.87038   280.20110              -146.440    126.367    4096
       2068 17.23333333333   18.03355   280.35006              -146.728    118.496    4096
       2069 17.24166666667   18.19687   280.49903              -146.981    104.467    4096
       2070 17.25000000000   18.36032   280.64801              -147.273    129.232    4096
       2071 17.25833333333   18.52392   280.79700              -147.511    120.952    4096
       2072 17.26666666667   18.68766   280.94600              -147.827  -2317.545    4096
       2073 17.27500000000   18.85154   281.09501              -148.145    128.566    4096
       2074 17.28333333333   19.01557   281.24402              -148.379    131.431    4096
       2075 17.29166666667   19.17974   281.39304              -148.664    124.359    4096
       2076 17.30000000000   19.34407   281.54207              -149.096    144.365    4096
       2077 17.30833333333   19.50854   281.69110              -149.323    122.170    4096
       2078 17.31666666667   19.67315   281.84014              -149.540    115.926    4096
       2079 17.32500000000   19.83792   281.98917              -149.842    117.525    4096
       2080 17.33333333333   20.00284   282.13822              -150.080    117.002    4096
       2081 17.34166666667   20.16791   282.28726              -150.335    123.502    4096
       2082 17.35000000000   20.33313   282.43630              -150.518    126.110    4096
       2083 17.35833333333   20.49850   282.58535              -150.859    141.653    4096
       2084 17.36666666667   20.66403   282.73439              -151.120  -2306.751    4096
       2085 17.37500000000   20.82971   282.88344              -151.299    128.157    4096
       2086 17.38333333333   20.99555   283.03248              -151.432    118.487    4096
       2087 17.39166666667   21.16154   283.18152              -151.627    125.967    4096
       2088 17.40000000000   21.32769   283.33055              -151.809    120.647    4096
       2089 17.40833333333   21.49400   283.47958              -151.929    125.149    4096
       2090 17.41666666667   21.66047   283.62861              -152.118    126.405    4096
       2091 17.42500000000   21.82710   283.77763              -152.370    131.688    4096
       2092 17.43333333333   21.99389   283.92665              -152.509    124.207    4096
       2093 17.44166666667   22.16083   284.07566              -152.634    127.224    4096
       2094 17.45000000000   22.32795   284.22466              -152.788    117.411    4096
       2095 17.45833333333   22.49522   284.37366              -152.900    130.193    4096
       2096 17.46666666667   22.66266   284.52264              -153.084    127.072    4096
       2097 17.47500000000   22.83026   284.67162              -153.271    107.484    4096
       2098 17.48333333333   22.99803   284.82058              -153.341    119.010    4096
       2099 17.49166666667   23.16597   284.96954              -153.416    127.376    4096
       2100 17.50000000000   23.33407   285.11848              -153.587    126.263    4096
       2101 17.50833333333   23.50235   285.26741              -153.675    112.614    4096
       2102 17.51666666667   23.67079   285.41633              -153.759    122.579    4096
       2103 17.52500000000   23.83940   285.56524              -153.861    137.817    4096
       2104 17.53333333333   24.00818   285.71413              -154.093    133.068    4096
       2105 17.54166666667   24.17714   285.86301              -154.207    126.624    4096
       2106 17.55000000000   24.34626   286.01187              -154.291    123.693    4096
       2107 17.55833333333   24.51556   286.16072              -154.362    120.276    4096
       2108 17.56666666667   24.68504   286.30955              -154.415    126.006    4096
       2109 17.57500000000   24.85469   286.45836              -154.570    125.035    4096
       2110 17.58333333333   25.02452   286.60715              -154.814    122.988    4096
       2111 17.59166666667   25.19452   286.75593              -154.791    108.826    4096
       2112 17.60000000000   25.36470   286.90469              -154.934    127.081    4096
       2113 17.60833333333   25.53506   287.05342              -155.027    117.411    4096
       2114 17.61666666667   25.70560   287.20214              -155.151    120.276    4096
       2115 17.62500000000   25.87632   287.35084              -155.364    117.259    4096
       2116 17.63333333333   26.04722   287.49951              -155.340    132.392    4096
       2117 17.64166666667   26.21830   287.64817              -155.484    135.923    4096
       2118 17.65000000000   26.38957   287.79680              -155.722    128.975    4096
       2119 17.65833333333   26.56101   287.94541              -155.651    125.701    4096
       2120 17.66666666667   26.73265   288.09399              -155.651    118.753    4096
       2121 17.67500000000   26.90447   288.24255              -155.746    117.934    4096
       2122 17.68333333333   27.07647   288.39109              -155.947    132.097    4096
       2123 17.69166666667   27.24867   288.53960            -14993.161    120.799    4096
       2124 17.70000000000   27.42105   288.68808              -156.038    128.004    4096
       2125 17.70833333333   27.59361   288.83654              -156.190    134.552    4096
       2126 17.71666666667   27.76637   288.98497              -156.265    133.734    4096
       2127 17.72500000000   27.93932   289.13337              -156.337  -2309.064    4096
       2128 17.73333333333   28.11246   289.28175              -156.440    136.190    4096
       2129 17.74166666667   28.28580   289.43010              -156.523    107.075    4096
       2130 17.75000000000   28.45932   289.57842              -156.574    110.720    4096
       2131 17.75833333333   28.63304   289.72670              -156.570  -2342.709    4096
       2132 17.76666666667   28.80695   289.87496              -156.623    102.021    4096
       2133 17.77500000000   28.98106   290.02319              -156.677     97.671    4096
       2134 17.78333333333   29.15537   290.17139              -156.712     97.224    4096
       2135 17.79166666667   29.32987   290.31956              -156.732    112.652    4096
       2136 17.80000000000   29.50457   290.46769              -156.798    112.395    4096
       2137 17.80833333333   29.67947   290.61579              -156.801    100.793    4096
       2138 17.81666666667   29.85457   290.76386              -156.801    114.518    4096
       2139 17.82500000000   30.02987   290.91190              -156.961    136.332    4096
       2140 17.83333333333   30.20537   291.05990              -157.000    126.367    4096
       2141 17.84166666667   30.38107   291.20787              -157.130  -2314.489    4096
       2142 17.85000000000   30.55698   291.35580              -157.233    132.649    4096
       2143 17.85833333333   30.73308   291.50370              -157.246    130.051    4096
       2144 17.86666666667   30.90940   291.65157              -157.357    129.936    4096
       2145 17.87500000000   31.08591   291.79939              -157.482    115.479    4096
       2146 17.88333333333   31.26264   291.94719              -157.524    101.469    4096
       2147 17.89166666667   31.43957   292.09494              -157.635    127.043    4096
       2148 17.90000000000   31.61671   292.24266              -157.759    131.012    4096
       2149 17.90833333333   31.79405   292.39034              -157.825    121.199    4096
       2150 17.91666666667   31.97161   292.53798              -157.859    116.031    4096
       2151 17.92500000000   32.14937   292.68559              -157.909    121.504    4096
       2152 17.93333333333   32.32735   292.83316              -157.982    129.270    4096
       2153 17.94166666667   32.50554   292.98069              -158.018    120.086    4096
       2154 17.95000000000   32.68394   293.12818              -157.989    108.293    4096
       2155 17.95833333333   32.86255   293.27563              -158.043    101.155    4096
       2156 17.96666666667   33.04138   293.42304              -158.181    105.400    4096
       2157 17.97500000000   33.22042   293.57041              -158.204     93.579    4096
       2158 17.98333333333   33.39968   293.71774              -158.312  -2310.806    4096
       2159 17.99166666667   33.57915   293.86503              -158.353    140.986    4096
       2160 18.00000000000   33.75884   294.01228              -158.472    129.651    4096
       2161 18.00833333333   33.93875   294.15949              -158.522    124.216    4096
       2162 18.01666666667   34.11887   294.30666              -158.633    127.224    4096
       2163 18.02500000000   34.29922   294.45378              -158.726    103.506    4096
       2164 18.03333333333   34.47978   294.60087              -158.875    110.606    4096
       2165 18.04166666667   34.66057   294.74791              -159.040    119.981    4096
       2166 18.05000000000   34.84157   294.89491              -159.255    112.652    4096
       2167 18.05833333333   35.02280   295.04187              -159.446    122.065    4096
       2168 18.06666666667   35.20425   295.18878              -159.591    111.129    4096
       2169 18.07500000000   35.38593   295.33565              -159.786    111.129    4096
       2170 18.08333333333   35.56783   295.48248              -159.932    113.985    4096
       2171 18.09166666667   35.74995   295.62927              -160.039    122.436    4096
       2172 18.10000000000   35.93230   295.77601              -160.131    124.073    4096
       2173 18.10833333333   36.11488   295.92271              -160.212    116.849    4096
       2174 18.11666666667   36.29768   296.06937              -160.255    123.693    4096
       2175 18.12500000000   36.48071   296.21598              -160.338    116.440    4096
       2176 18.13333333333   36.66397   296.36255              -160.437    114.546    4096
       2177 18.14166666667   36.84746   296.50907              -160.577    114.813    4096
       2178 18.15000000000   37.03118   296.65555              -160.665    106.485    4096
       2179 18.15833333333   37.21513   296.80199              -160.816    111.948    4096
       2180 18.16666666667   37.39932   296.94838              -160.867    107.741    4096
       2181 18.17500000000   37.58373   297.09473              -160.986    105.542    4096
       2182 18.18333333333   37.76838   297.24104              -161.067    107.179    4096
       2183 18.19166666667   37.95326   297.38730              -161.175    112.395    4096
       2184 18.20000000000   38.13837   297.53352              -161.308    117.963    4096
       2185 18.20833333333   38.32372   297.67969              -161.395    111.948    4096
       2186 18.21666666667   38.50930   297.82582              -161.477    119.867    4096
       2187 18.22500000000   38.69512   297.97190              -161.577    118.487    4096
       2188 18.23333333333   38.88118   298.11794              -161.701    114.955    4096
       2189 18.24166666667   39.06747   298.26394              -161.721    119.010    4096
       2190 18.25000000000   39.25401   298.40989              -161.730    125.149    4096
       2191 18.25833333333   39.44078   298.55580              -161.658    117.373    4096
       2192 18.26666666667   39.62779   298.70167              -161.679    125.292    4096
       2193 18.27500000000   39.81504   298.84749              -161.567    123.512    4096
       2194 18.28333333333   40.00253   298.99327              -161.553    125.292    4096
       2195 18.29166666667   40.19026   299.13901              -161.415    105.695    4096
       2196 18.30000000000   40.37824   299.28470              -161.292    104.619    4096
       2197 18.30833333333   40.56645   299.43036              -161.213    118.905    4096
       2198 18.31666666667   40.75491   299.57596              -161.149    113.023    4096
       2199 18.32500000000   40.94362   299.72153             18879.850    113.690    4096
       2200 18.33333333333   41.13257   299.86706              -161.095    113.433    4096
       2201 18.34166666667   41.32176   300.01254              -161.033    102.687    4096
       2202 18.35000000000   41.51120   300.15798              -160.965    102.021    4096
       2203 18.35833333333   41.70088   300.30338              -160.941    113.052    4096
       2204 18.36666666667   41.89081   300.44874              -160.858    115.479    4096
       2205 18.37500000000   42.08099   300.59406              -160.963    120.266    4096
       2206 18.38333333333   42.27141   300.73934              -161.015    116.031    4096
       2207 18.39166666667   42.46209   300.88458              -161.109    112.500    4096
       2208 18.40000000000   42.65301   301.02978              -161.307    123.283    4096
       2209 18.40833333333   42.84418   301.17495              -161.479    115.888    4096
       2210 18.41666666667   43.03560   301.32007              -161.631    116.707    4096
       2211 18.42500000000   43.22728   301.46516              -161.730    115.888    4096
       2212 18.43333333333   43.41920   301.61021              -161.921    118.487    4096
       2213 18.44166666667   43.61138   301.75522              -162.146    112.881    4096
       2214 18.45000000000   43.80380   301.90020              -162.314    108.931    4096
       2215 18.45833333333   43.99648   302.04514              -162.563    114.660    4096
       2216 18.46666666667   44.18941   302.19005              -162.798    110.463    4096
       2217 18.47500000000   44.38260   302.33492              -163.032    110.454    4096
       2218 18.48333333333   44.57604   302.47976              -163.272  -2324.854    4096
       2219 18.49166666667   44.76974   302.62456              -163.376    113.575    4096
       2220 18.50000000000   44.96369   302.76934              -163.598    108.407    4096
       2221 18.50833333333   45.15789   302.91408              -163.797    109.749    4096
       2222 18.51666666667   45.35235   303.05880              -163.980    109.226    4096
       2223 18.52500000000   45.54707   303.20348              -164.156    102.687    4096
       2224 18.53333333333   45.74205   303.34813              -164.262  -2325.159    4096
       2225 18.54166666667   45.93728   303.49276              -164.355    104.181    4096
       2226 18.55000000000   46.13277   303.63736              -164.488    105.143    4096
       2227 18.55833333333   46.32852   303.78193              -164.578    112.091    4096
       2228 18.56666666667   46.52452   303.92648              -164.662    107.855    4096
       2229 18.57500000000   46.72079   304.07100              -164.767    112.091    4096
       2230 18.58333333333   46.91732   304.21550              -164.848    112.909    4096
       2231 18.59166666667   47.11410   304.35998              -164.953    112.471    4096
       2232 18.60000000000   47.31115   304.50444              -165.038    108.674    4096
       2233 18.60833333333   47.50845   304.64888              -165.114    115.070    4096
       2234 18.61666666667   47.70602   304.79330              -165.196  -2325.673    4096
       2235 18.62500000000   47.90385   304.93770              -165.270    111.129    4096
       2236 18.63333333333   48.10194   305.08209              -165.324    109.635    4096
       2237 18.64166666667   48.30029   305.22646              -165.356    113.061    4096
       2238 18.65000000000   48.49891   305.37082              -165.473    107.446    4096
       2239 18.65833333333   48.69778   305.51517              -165.515    115.212    4096
       2240 18.66666666667   48.89693   305.65950              -165.524    102.944    4096
       2241 18.67500000000   49.09633   305.80383              -165.564    103.610    4096
       2242 18.68333333333   49.29600   305.94815              -165.614    102.164    4096
       2243 18.69166666667   49.49593   306.09247              -165.686    106.075    4096
       2244 18.70000000000   49.69613   306.23678              -165.715    104.990    4096
       2245 18.70833333333   49.89659   306.38109              -165.791    108.150    4096
       2246 18.71666666667   50.09732   306.52539              -165.871    103.915    4096
       2247 18.72500000000   50.29831   306.66970              -165.950    110.454    4096
       2248 18.73333333333   50.49957   306.81402              -165.993  -2327.985    4096
       2249 18.74166666667   50.70109   306.95833              -166.043    108.150    4096
       2250 18.75000000000   50.90288   307.10266              -166.079    112.757    4096
       2251 18.75833333333   51.10494   307.24699              -166.175    108.702    4096
       2252 18.76666666667   51.30726   307.39134              -166.213    106.066    4096
       2253 18.77500000000   51.50985   307.53569              -166.278    108.303    4096
       2254 18.78333333333   51.71271   307.68007              -166.329    118.344    4096
       2255 18.79166666667   51.91583   307.82446              -166.380    107.893    4096
       2256 18.80000000000   52.11922   307.96887              -166.370    112.766    4096
       2257 18.80833333333   52.32288   308.11331              -166.452    116.336    4096
       2258 18.81666666667   52.52681   308.25777              -166.481    102.392    4096
       2259 18.82500000000   52.73101   308.40226              -166.513    114.394    4096
       2260 18.83333333333   52.93547   308.54677              -166.487    103.610    4096
       2261 18.84166666667   53.14020   308.69133              -166.522     94.245    4096
       2262 18.85000000000   53.34520   308.83591              -166.544    100.498    4096
       2263 18.85833333333   53.55047   308.98054              -166.610    101.469    4096
       2264 18.86666666667   53.75601   309.12521              -166.613    102.135    4096
       2265 18.87500000000   53.96181   309.26993              -166.625    110.606    4096
       2266 18.88333333333   54.16789   309.41469              -166.640    101.754    4096
       2267 18.89166666667   54.37423   309.55951              -166.634    106.780    4096
       2268 18.90000000000   54.58084   309.70438              -166.668    108.417    4096
       2269 18.90833333333   54.78773   309.84931              -166.667    110.568    4096
       2270 18.91666666667   54.99488   309.99430              -166.747    115.070    4096
       2271 18.92500000000   55.20230   310.13935              -166.769    110.863    4096
       2272 18.93333333333   55.40999   310.28448              -166.879    111.282    4096
       2273 18.94166666667   55.61795   310.42968              -166.870    107.037    4096
       2274 18.95000000000   55.82618   310.57496              -166.906    110.197    4096
       2275 18.95833333333   56.03467   310.72032              -166.898    109.388    4096
       2276 18.96666666667   56.24344   310.86577              -166.964    100.793    4096
       2277 18.97500000000   56.45248   311.01131              -167.015    103.353    4096
       2278 18.98333333333   56.66179   311.15695              -167.013    104.848    4096
       2279 18.99166666667   56.87136   311.30268              -167.123  -2334.524    4096
       2280 19.00000000000   57.08121   311.44852              -167.155     98.299    4096
       2281 19.00833333333   57.29132   311.59447              -167.183    110.168    4096
       2282 19.01666666667   57.50170   311.74054              -167.243    108.674    4096
       2283 19.02500000000   57.71235   311.88672              -167.284    107.332    4096
       2284 19.03333333333   57.92327   312.03304              -167.344    102.801    4096
       2285 19.04166666667   58.13446   312.17948              -167.377    105.809    4096
       2286 19.05000000000   58.34592   312.32607              -167.421    102.535    4096
       2287 19.05833333333   58.55765   312.47279              -167.453    101.726    4096
       2288 19.06666666667   58.76965   312.61967              -167.546    105.105    4096
       2289 19.07500000000   58.98191   312.76670              -167.596    103.249    4096
       2290 19.08333333333   59.19444   312.91390              -167.654    108.816    4096
       2291 19.09166666667   59.40724   313.06127              -167.696    102.544    4096
       2292 19.10000000000   59.62031   313.20882              -167.737    108.969    4096
       2293 19.10833333333   59.83364   313.35655              -167.815    108.264    4096
       2294 19.11666666667   60.04724   313.50447              -167.920    107.741    4096
       2295 19.12500000000   60.26111   313.65259              -167.959    105.400    4096
       2296 19.13333333333   60.47525   313.80092              -168.038    102.944    4096
       2297 19.14166666667   60.68965   313.94947              -168.125    101.202    4096
       2298 19.15000000000   60.90432   314.09825              -168.207    106.627    4096
       2299 19.15833333333   61.11925   314.24726              -168.212    104.581    4096
       2300 19.16666666667   61.33445   314.39651              -168.253    104.324    4096
       2301 19.17500000000   61.54991   314.54601              -168.304    102.982    4096
       2302 19.18333333333   61.76564   314.69578              -168.367    106.104    4096
       2303 19.19166666667   61.98164   314.84583              -168.446    109.073    4096
       2304 19.20000000000   62.19790   314.99615              -168.577    106.780    4096
       2305 19.20833333333   62.41442   315.14677              -168.666    104.172    4096
       2306 19.21666666667   62.63120   315.29770              -168.681    103.648    4096
       2307 19.22500000000   62.84825   315.44895              -168.754    101.307    4096
       2308 19.23333333333   63.06556   315.60052              -168.835    100.231    4096
       2309 19.24166666667   63.28313   315.75244              -168.855    103.211    4096
       2310 19.25000000000   63.50097   315.90472              -168.861    106.770    4096
       2311 19.25833333333   63.71906   316.05737              -168.877     99.299    4096
       2312 19.26666666667   63.93742   316.21040              -168.890    101.316    4096
       2313 19.27500000000   64.15603   316.36382              -168.850    108.417    4096
       2314 19.28333333333   64.37491   316.51767              -168.829    104.581    4096
       2315 19.29166666667   64.59404   316.67194              -168.839    102.278    4096
       2316 19.30000000000   64.81343   316.82665              -168.778    100.231    4096
       2317 19.30833333333   65.03308   316.98183              -168.755    100.793    4096
       2318 19.31666666667   65.25299   317.13749              -168.767    101.193    4096
       2319 19.32500000000   65.47315   317.29365              -168.774    103.801    4096
       2320 19.33333333333   65.69357   317.45033              -168.775    105.028    4096
       2321 19.34166666667   65.91424   317.60754              -168.778    101.869    4096
       2322 19.35000000000   66.13517   317.76531              -168.800    108.826    4096
       2323 19.35833333333   66.35635   317.92366              -168.811    101.307    4096
       2324 19.36666666667   66.57778   318.08261              -168.901    104.733    4096
       2325 19.37500000000   66.79946   318.24218              -168.964    105.847    4096
       2326 19.38333333333   67.02140   318.40241              -168.965    105.695    4096
       2327 19.39166666667   67.24359   318.56330              -168.997    106.266    4096
       2328 19.40000000000   67.46602   318.72490              -169.026     98.042    4096
       2329 19.40833333333   67.68870   318.88722              -169.086    108.150    4096
       2330 19.41666666667   67.91163   319.05030              -169.138    104.181    4096
       2331 19.42500000000   68.13481   319.21417              -169.142    105.285    4096
       2332 19.43333333333   68.35823   319.37885              -169.196    101.869    4096
       2333 19.44166666667   68.58190   319.54438              -169.257    104.733    4096
       2334 19.45000000000   68.80581   319.71079              -169.286     99.527    4096
       2335 19.45833333333   69.02997   319.87812              -169.293    104.886    4096
       2336 19.46666666667   69.25436   320.04640              -169.343    103.772    4096
       2337 19.47500000000   69.47899   320.21568              -169.353    105.847    4096
       2338 19.48333333333   69.70387   320.38599              -169.381    107.741    4096
       2339 19.49166666667   69.92898   320.55737              -169.383    105.809    4096
       2340 19.50000000000   70.15432   320.72988              -169.389    111.567    4096
       2341 19.50833333333   70.37990   320.90355              -169.401    102.839    4096
       2342 19.51666666667   70.60572   321.07844              -169.373    106.780    4096
       2343 19.52500000000   70.83176   321.25459              -169.380    109.388    4096
       2344 19.53333333333   71.05804   321.43207              -169.429    111.796    4096
       2345 19.54166666667   71.28455   321.61092              -169.413    102.544    4096
       2346 19.55000000000   71.51128   321.79121              -169.444    106.332    4096
       2347 19.55833333333   71.73824   321.97300              -169.422     99.270    4096
       2348 19.56666666667   71.96542   322.15635              -169.391     99.413    4096
       2349 19.57500000000   72.19283   322.34133              -169.428     99.670    4096
       2350 19.58333333333   72.42046   322.52803              -169.406     95.882    4096
       2351 19.59166666667   72.64830   322.71650              -169.415     97.785    4096
       2352 19.60000000000   72.87636   322.90684              -169.401    100.231    4096
       2353 19.60833333333   73.10464   323.09912              -169.390    102.135    4096
       2354 19.61666666667   73.33312   323.29345              -169.398    103.249    4096
       2355 19.62500000000   73.56182   323.48992              -169.404    102.830    4096
       2356 19.63333333333   73.79073   323.68862              -169.405    107.189    4096
       2357 19.64166666667   74.01984   323.88966              -169.415    108.521    4096
       2358 19.65000000000   74.24915   324.09316              -169.399    103.391    4096
       2359 19.65833333333   74.47866   324.29924              -169.381    105.400    4096
       2360 19.66666666667   74.70837   324.50803              -169.376    107.446    4096
       2361 19.67500000000   74.93828   324.71965              -169.354    106.370    4096
       2362 19.68333333333   75.16838   324.93427              -169.345    108.264    4096
       2363 19.69166666667   75.39866   325.15202              -169.366    107.189    4096
       2364 19.70000000000   75.62913   325.37308              -169.406    104.219    4096
       2365 19.70833333333   75.85978   325.59762              -169.457    105.666    4096
       2366 19.71666666667   76.09060   325.82582              -169.476    106.370    4096
       2367 19.72500000000   76.32160   326.05789              -169.515    107.303    4096
       2368 19.73333333333   76.55277   326.29404              -169.523    105.704    4096
       2369 19.74166666667   76.78411   326.53449              -169.524    102.278    4096
       2370 19.75000000000   77.01560   326.77950              -169.523    102.954    4096
       2371 19.75833333333   77.24725   327.02933              -169.542    106.113    4096
       2372 19.76666666667   77.47904   327.28426              -169.563    112.509    4096
       2373 19.77500000000   77.71099   327.54459              -169.599    107.969    4096
       2374 19.78333333333   77.94307   327.81065              -169.603    105.704    4096
       2375 19.79166666667   78.17528   328.08280              -169.613  -2326.900    4096
       2376 19.80000000000   78.40761   328.36143              -169.637    109.787    4096
       2377 19.80833333333   78.64006   328.64694              -169.677    109.378    4096
       2378 19.81666666667   78.87263   328.93978              -169.720    106.884    4096
       2379 19.82500000000   79.10529   329.24045              -169.762    108.978    4096
       2380 19.83333333333   79.33804   329.54948              -169.781    108.264    4096
       2381 19.84166666667   79.57088   329.86745              -169.793    107.893    4096
       2382 19.85000000000   79.80378   330.19498              -169.828    105.143    4096
       2383 19.85833333333   80.03675   330.53277              -169.806    107.037    4096
       2384 19.86666666667   80.26976   330.88158              -169.811    100.793    4096
       2385 19.87500000000   80.50280   331.24223              -169.823    102.021    4096
       2386 19.88333333333   80.73586   331.61565              -169.809    101.726    4096
       2387 19.89166666667   80.96892   332.00285              -169.819  -2334.933    4096
       2388 19.90000000000   81.20196   332.40492              -169.856  -2335.343    4096
       2389 19.90833333333   81.43496   332.82312              -169.886    104.733    4096
       2390 19.91666666667   81.66790   333.25882              -169.914  -2330.993    4096
       2391 19.92500000000   81.90076   333.71353              -169.905    103.249    4096
       2392 19.93333333333   82.13350   334.18898              -169.942    101.612    4096
       2393 19.94166666667   82.36610   334.68705              -169.953    103.096    4096
       2394 19.95000000000   82.59851   335.20991              -169.938    104.181    4096
       2395 19.95833333333   82.83071   335.75996             18871.008  -2335.495    4096
       2396 19.96666666667   83.06264   336.33994              -169.916     97.519    4096
       2397 19.97500000000   83.29427   336.95295              -169.891     97.214    4096
       2398 19.98333333333   83.52552   337.60250              -169.882     98.185    4096
       2399 19.99166666667   83.75633   338.29263              -169.912     93.845    4096
       2400 20.00000000000   83.98664   339.02798              -169.947     99.004    4096
       2401 20.00833333333   84.21634   339.81379              -169.909    101.497    4096
       2402 20.01666666667   84.44534   340.65630              -169.917    100.536    4096
       2403 20.02500000000   84.67353   341.56262              -169.912     98.490    4096
       2404 20.03333333333   84.90077   342.54109              -169.919    101.050    4096
       2405 20.04166666667   85.12688   343.60150              -169.947     99.822    4096
       2406 20.05000000000   85.35169   344.75536              -169.959    102.687    4096
       2407 20.05833333333   85.57494   346.01629              -169.983    106.627    4096
       2408 20.06666666667   85.79638   347.40052              -169.966    105.409    4096
       2409 20.07500000000   86.01565   348.92738              -169.943    101.869    4096
       2410 20.08333333333   86.23234   350.62008              -169.948    102.021    4096
       2411 20.09166666667   86.44594   352.50650              -169.980    100.231    4096
       2412 20.10000000000   86.65582   354.62024              -169.974    102.021    4096
       2413 20.10833333333   86.86119   357.00172              -169.985    105.400    4096
       2414 20.11666666667   87.06106   359.69941              -169.983    106.475    4096
       2415 20.12500000000   87.25417     2.77087              -169.998    110.863    4096
       2416 20.13333333333   87.43895     6.28323              -169.961    105.847    4096
       2417 20.14166666667   87.61340    10.31225              -169.908    103.353    4096
       2418 20.15000000000   87.77505    14.93853              -169.916    107.189    4096
       2419 20.15833333333   87.92083    20.23867              -169.950    105.809    4096
       2420 20.16666666667   88.04713    26.26886              -169.933    107.598    4096
       2421 20.17500000000   88.14988    33.03965              -169.912    106.104    4096
       2422 20.18333333333   88.22493    40.48544              -169.923    107.855    4096
       2423 20.19166666667   88.26859    48.44120              -169.887    105.400    4096
       2424 20.20000000000   88.27841    56.64583              -169.856    104.581    4096
       2425 20.20833333333   88.25374    64.78435              -169.839    100.793    4096
       2426 20.21666666667   88.19594    72.55650              -169.828    102.021    4096
       2427 20.22500000000   88.10798    79.73779              -169.788    106.742    4096
       2428 20.23333333333   87.99376    86.20562              -169.758    102.535    4096
       2429 20.24166666667   87.85743    91.92930              -169.746    103.915    4096
       2430 20.25000000000   87.70287    96.94168              -169.725    102.801    4096
       2431 20.25833333333   87.53346   101.30992              -169.708    106.780    4096
       2432 20.26666666667   87.35201   105.11374              -169.686    106.361    4096
       2433 20.27500000000   87.16079   108.43249              -169.709    102.021    4096
       2434 20.28333333333   86.96161   111.33864              -169.685    103.353    4096
       2435 20.29166666667   86.75590   113.89539              -169.678    102.125    4096
       2436 20.30000000000   86.54480   116.15646              -169.660     98.452    4096
       2437 20.30833333333   86.32922   118.16687              -169.617    101.050    4096
       2438 20.31666666667   86.10986   119.96411              -169.582    103.363    4096
       2439 20.32500000000   85.88731   121.57927              -169.569    104.324    4096
       2440 20.33333333333   85.66205   123.03822              -169.550    100.241    4096
       2441 20.34166666667   85.43444   124.36248              -169.484    103.658    4096
       2442 20.35000000000   85.20481   125.57002              -169.476    104.990    4096
       2443 20.35833333333   84.97342   126.67594              -169.424    103.620    4096
       2444 20.36666666667   84.74047   127.69294             18871.551  -2334.933    4096
       2445 20.37500000000   84.50616   128.63180              -169.337    101.869    4096
       2446 20.38333333333   84.27063   129.50165              -169.322    103.772    4096
       2447 20.39166666667   84.03401   130.31033              -169.267    101.869    4096
       2448 20.40000000000   83.79642   131.06456              -169.243    100.117    4096
       2449 20.40833333333   83.55796   131.77012              -169.211     99.004    4096
       2450 20.41666666667   83.31869   132.43203              -169.129    100.793    4096
       2451 20.42500000000   83.07870   133.05466              -169.049    102.839    4096
       2452 20.43333333333   82.83804   133.64181              -169.005    104.990    4096
       2453 20.44166666667   82.59678   134.19683              -168.966    103.648    4096
       2454 20.45000000000   82.35495   134.72266              -168.998    101.983    4096
       2455 20.45833333333   82.11261   135.22190              -168.950  -2335.638    4096
       2456 20.46666666667   81.86978   135.69683              -168.954    102.535    4096
       2457 20.47500000000   81.62651   136.14952              -168.965    101.754    4096
       2458 20.48333333333   81.38282   136.58177              -168.945    101.050    4096
       2459 20.49166666667   81.13875   136.99522              -168.922    102.573    4096
       2460 20.50000000000   80.89430   137.39133              -168.912    108.264    4096
       2461 20.50833333333   80.64952   137.77142              -168.839    107.703    4096
       2462 20.51666666667   80.40441   138.13666              -168.718    108.417    4096
       2463 20.52500000000   80.15900   138.48812              -168.649    104.886    4096
       2464 20.53333333333   79.91331   138.82678              -168.620    100.641    4096
       2465 20.54166666667   79.66734   139.15352              -168.606     99.822    4096
       2466 20.55000000000   79.42111   139.46913              -168.546    101.202    4096
       2467 20.55833333333   79.17464   139.77435              -168.557    102.801    4096
       2468 20.56666666667   78.92793   140.06983              -168.526    101.050    4096
       2469 20.57500000000   78.68100   140.35620              -168.549    100.650    4096
       2470 20.58333333333   78.43386   140.63401              -168.522    103.763    4096
       2471 20.59166666667   78.18652   140.90376              -168.518    101.726    4096
       2472 20.60000000000   77.93899   141.16595              -168.506    100.089    4096
       2473 20.60833333333   77.69128   141.42099              -168.472    103.239    4096
       2474 20.61666666667   77.44338   141.66930              -168.417    106.627    4096
       2475 20.62500000000   77.19532   141.91124              -168.414    102.687    4096
       2476 20.63333333333   76.94710   142.14715              -168.384    104.876    4096
       2477 20.64166666667   76.69872   142.37736              -168.398    103.610    4096
       2478 20.65000000000   76.45020   142.60217              -168.346    103.096    4096
       2479 20.65833333333   76.20153   142.82183              -168.320    104.619    4096
       2480 20.66666666667   75.95272   143.03663              -168.259    105.409    4096
       2481 20.67500000000   75.70379   143.24678              -168.225    102.421    4096
       2482 20.68333333333   75.45473   143.45251              -168.209    108.560    4096
       2483 20.69166666667   75.20555   143.65404              -168.167    107.998    4096
       2484 20.70000000000   74.95625   143.85155              -168.106    105.666    4096
       2485 20.70833333333   74.70684   144.04523              -168.076    104.172    4096
       2486 20.71666666667   74.45732   144.23525              -168.012    108.303    4096
       2487 20.72500000000   74.20770   144.42176              -167.977    107.294    4096
       2488 20.73333333333   73.95799   144.60492              -167.959    105.666    4096
       2489 20.74166666667   73.70818   144.78487              -167.929    102.573    4096
       2490 20.75000000000   73.45827   144.96173              -167.907     99.974    4096
       2491 20.75833333333   73.20829   145.13565              -167.870    105.028    4096
       2492 20.76666666667   72.95821   145.30673              -167.825    104.733    4096
       2493 20.77500000000   72.70806   145.47508              -167.788    108.417    4096
       2494 20.78333333333   72.45783   145.64081              -167.779    111.386    4096
       2495 20.79166666667   72.20753   145.80401              -167.723    111.681    4096
       2496 20.80000000000   71.95716   145.96479              -167.690    107.179    4096
       2497 20.80833333333   71.70673   146.12323              -167.673    104.876    4096
       2498 20.81666666667   71.45623   146.27942              -167.626    110.863    4096
       2499 20.82500000000   71.20567   146.43342              -167.594    112.614    4096
       2500 20.83333333333   70.95505   146.58532              -167.566    111.938    4096
       2501 20.84166666667   70.70439   146.73520              -167.463    109.902    4096
       2502 20.85000000000   70.45366   146.88311              -167.447    105.809    4096
       2503 20.85833333333   70.20289   147.02912              -167.444    107.560    4096
       2504 20.86666666667   69.95208   147.17329              -167.443    106.627    4096
       2505 20.87500000000   69.70122   147.31569              -167.452    109.902    4096
       2506 20.88333333333   69.45033   147.45636              -167.437    110.006    4096
       2507 20.89166666667   69.19939   147.59536              -167.420    107.741    4096
       2508 20.90000000000   68.94842   147.73274              -167.460    105.961    4096
       2509 20.90833333333   68.69742   147.86854              -167.443    110.311    4096
       2510 20.91666666667   68.44639   148.00282              -167.426    111.539    4096
       2511 20.92500000000   68.19533   148.13562              -167.394    108.160    4096
       2512 20.93333333333   67.94425   148.26697              -167.386    109.235    4096
       2513 20.94166666667   67.69315   148.39692              -167.403    107.712    4096
       2514 20.95000000000   67.44202   148.52551              -167.392    104.724    4096
       2515 20.95833333333   67.19088   148.65277              -167.450  -2329.765    4096
       2516 20.96666666667   66.93972   148.77874              -167.462    105.552    4096
       2517 20.97500000000   66.68856   148.90344              -167.485    108.150    4096
       2518 20.98333333333   66.43738   149.02692              -167.486    104.876    4096
       2519 20.99166666667   66.18619   149.14920              -167.483    105.000    4096
       2520 21.00000000000   65.93500   149.27032              -167.458    105.247    4096
       2521 21.00833333333   65.68380   149.39029              -167.462  -2326.196    4096
       2522 21.01666666667   65.43261   149.50915              -167.412    110.054    4096
       2523 21.02500000000   65.18141   149.62692              -167.377    106.066    4096
       2524 21.03333333333   64.93022   149.74363              -167.385    109.787    4096
       2525 21.04166666667   64.67904   149.85930              -167.363    106.218    4096
       2526 21.05000000000   64.42786   149.97395              -167.345    110.711    4096
       2527 21.05833333333   64.17669   150.08761              -167.328  -2326.643    4096
       2528 21.06666666667   63.92554   150.20030              -167.333    108.112    4096
       2529 21.07500000000   63.67440   150.31203              -167.277    112.500    4096
       2530 21.08333333333   63.42327   150.42283             18873.707    107.332    4096
       2531 21.09166666667   63.17217   150.53272              -167.190    107.598    4096
       2532 21.10000000000   62.92108   150.64171              -167.197    106.370    4096
       2533 21.10833333333   62.67002   150.74982              -167.134    108.112    4096
       2534 21.11666666667   62.41898   150.85706              -167.075    106.780    4096
       2535 21.12500000000   62.16797   150.96347              -167.071    108.826    4096
       2536 21.13333333333   61.91699   151.06904              -166.962    108.264    4096
       2537 21.14166666667   61.66603   151.17380              -166.912    107.855    4096
       2538 21.15000000000   61.41512   151.27775              -166.882    112.909    4096
       2539 21.15833333333   61.16423   151.38092              -166.849    113.318    4096
       2540 21.16666666667   60.91338   151.48331              -166.820    113.023    4096
       2541 21.17500000000   60.66258   151.58495              -166.827    109.492    4096
       2542 21.18333333333   60.41181   151.68584              -166.818    112.766    4096
       2543 21.19166666667   60.16108   151.78599              -166.797    109.340    4096
       2544 21.20000000000   59.91040   151.88541              -166.758    108.150    4096
       2545 21.20833333333   59.65977   151.98413              -166.704    109.226    4096
       2546 21.21666666667   59.40918   152.08214              -166.696    109.902    4096
       2547 21.22500000000   59.15865   152.17946              -166.626    107.855    4096
       2548 21.23333333333   58.90817   152.27610              -166.599    110.054    4096
       2549 21.24166666667   58.65774   152.37207              -166.510    110.349    4096
       2550 21.25000000000   58.40737   152.46737              -166.422    107.037    4096
       2551 21.25833333333   58.15705   152.56203              -166.400    108.674    4096
       2552 21.26666666667   57.90680   152.65604              -166.365    110.606    4096
       2553 21.27500000000   57.65660   152.74942              -166.314    109.340    4096
       2554 21.28333333333   57.40647   152.84217              -166.285    102.535    4096
       2555 21.29166666667   57.15641   152.93430              -166.280    112.766    4096
       2556 21.30000000000   56.90641   153.02582              -166.265    113.176    4096
       2557 21.30833333333   56.65648   153.11674              -166.274    107.446    4096
       2558 21.31666666667   56.40663   153.20706              -166.236    106.066    4096
       2559 21.32500000000   56.15684   153.29679              -166.228    101.602    4096
       2560 21.33333333333   55.90713   153.38595              -166.189    107.598    4096
       2561 21.34166666667   55.65749   153.47452              -166.121    107.446    4096
       2562 21.35000000000   55.40794   153.56253              -166.026    104.886    4096
       2563 21.35833333333   55.15846   153.64998              -166.067    107.446    4096
       2564 21.36666666667   54.90906   153.73687              -166.045    101.060    4096
       2565 21.37500000000   54.65975   153.82321              -166.093    110.311    4096
       2566 21.38333333333   54.41052   153.90901              -166.068    113.052    4096
       2567 21.39166666667   54.16138   153.99427              -165.990    108.122    4096
       2568 21.40000000000   53.91232   154.07900              -165.939    101.754    4096
       2569 21.40833333333   53.66336   154.16320              -165.920    104.324    4096
       2570 21.41666666667   53.41448   154.24687              -165.856    102.687    4096
       2571 21.42500000000   53.16571   154.33003              -165.882    113.728    4096
       2572 21.43333333333   52.91702   154.41267              -165.922    104.581    4096
       2573 21.44166666667   52.66843   154.49481              -165.870    108.788    4096
       2574 21.45000000000   52.41994   154.57644              -165.855    116.297    4096
       2575 21.45833333333   52.17155   154.65757              -165.845  -2326.234    4096
       2576 21.46666666667   51.92326   154.73821              -165.825    105.285    4096
       2577 21.47500000000   51.67508   154.81836              -165.782    104.067    4096
       2578 21.48333333333   51.42699   154.89802              -165.757    108.826    4096
       2579 21.49166666667   51.17902   154.97719              -165.731    109.083    4096
       2580 21.50000000000   50.93115   155.05589              -165.702    103.096    4096
       2581 21.50833333333   50.68339   155.13411              -165.658    112.205    4096
       2582 21.51666666667   50.43575   155.21186              -165.596    108.007    4096
       2583 21.52500000000   50.18821   155.28914              -165.584    105.552    4096
       2584 21.53333333333   49.94079   155.36595              -165.537    107.741    4096
       2585 21.54166666667   49.69349   155.44230              -165.429    110.977    4096
       2586 21.55000000000   49.44630   155.51820              -165.334    112.348    4096
       2587 21.55833333333   49.19923   155.59363              -165.247    110.415    4096
       2588 21.56666666667   48.95228   155.66862              -165.107    111.272    4096
       2589 21.57500000000   48.70546   155.74315              -164.972    106.361    4096
       2590 21.58333333333   48.45875   155.81724              -164.819    102.982    4096
       2591 21.59166666667   48.21218   155.89088              -164.840    104.467    4096
       2592 21.60000000000   47.96572   155.96409              -164.810    105.552    4096
       2593 21.60833333333   47.71940   156.03685              -164.803    108.264    4096
       2594 21.61666666667   47.47320   156.10918              -164.810    100.641    4096
       2595 21.62500000000   47.22714   156.18107              -164.827    100.498    4096
       2596 21.63333333333   46.98121   156.25253              -164.876    101.307    4096
       2597 21.64166666667   46.73541   156.32356              -164.903    112.614    4096
       2598 21.65000000000   46.48975   156.39417              -164.895    108.007    4096
       2599 21.65833333333   46.24422   156.46435              -164.830    105.666    4096
       2600 21.66666666667   45.99883   156.53411              -164.802    102.954    4096
       2601 21.67500000000   45.75358   156.60344              -164.823    109.645    4096
       2602 21.68333333333   45.50847   156.67236              -164.828    111.015    4096
       2603 21.69166666667   45.26351   156.74086              -164.843    109.530    4096
       2604 21.70000000000   45.01868   156.80895              -164.830    109.635    4096
       2605 21.70833333333   44.77401   156.87662              -164.743    117.411    4096
       2606 21.71666666667   44.52948   156.94389              -164.691    112.652    4096
       2607 21.72500000000   44.28509   157.01074              -164.625    106.228    4096
       2608 21.73333333333   44.04086   157.07719              -164.584    112.652    4096
       2609 21.74166666667   43.79677   157.14323              -164.464    111.272    4096
       2610 21.75000000000   43.55284   157.20886              -164.385    104.733    4096
       2611 21.75833333333   43.30906   157.27409              -164.349    107.589    4096
       2612 21.76666666667   43.06543   157.33892              -164.286    107.484    4096
       2613 21.77500000000   42.82196   157.40336              -164.259    104.219    4096
       2614 21.78333333333   42.57865   157.46739              -164.150    102.544    4096
       2615 21.79166666667   42.33549   157.53102              -164.101    100.384    4096
       2616 21.80000000000   42.09250   157.59426              -164.017    102.544    4096
       2617 21.80833333333   41.84966   157.65711              -163.932    102.944    4096
       2618 21.81666666667   41.60699   157.71956              -163.906     99.042    4096
       2619 21.82500000000   41.36448   157.78162              -163.811    108.674    4096
       2620 21.83333333333   41.12214   157.84329              -163.672    110.197    4096
       2621 21.84166666667   40.87996   157.90457              -163.621    108.007    4096
       2622 21.85000000000   40.63795   157.96546              -163.568    107.484    4096
       2623 21.85833333333   40.39610   158.02596              -163.504    104.724    4096
       2624 21.86666666667   40.15443   158.08607              -163.454    106.894    4096
       2625 21.87500000000   39.91292   158.14580              -163.376    113.471    4096
       2626 21.88333333333   39.67159   158.20515              -163.321     98.861    4096
       2627 21.89166666667   39.43043   158.26411              -163.241    109.083    4096
       2628 21.90000000000   39.18945   158.32269              -163.170    116.592    4096
       2629 21.90833333333   38.94864   158.38088              -163.147    105.000    4096
       2630 21.91666666667   38.70801   158.43870              -163.103    112.919    4096
       2631 21.92500000000   38.46756   158.49614              -163.031    109.083    4096
       2632 21.93333333333   38.22728   158.55319              -162.985    113.690    4096
       2633 21.94166666667   37.98719   158.60987              -162.975    114.955    4096
       2634 21.95000000000   37.74727   158.66616              -162.875    112.357    4096
       2635 21.95833333333   37.50754   158.72209              -162.894    110.311    4096
       2636 21.96666666667   37.26799   158.77763              -162.788    112.871    4096
       2637 21.97500000000   37.02863   158.83280              -162.803    117.373    4096
       2638 21.98333333333   36.78945   158.88759              -162.718    113.023    4096
       2639 21.99166666667   36.55046   158.94201              -162.600    113.994    4096
       2640 22.00000000000   36.31163   158.99602              -162.489    108.712    4096
       2641 22.00833333333   36.07304   159.04972              -162.432    117.820    4096
       2642 22.01666666667   35.83462   159.10301              -162.235    106.218    4096
       2643 22.02500000000   35.59639   159.15594              -162.182    111.272    4096
       2644 22.03333333333   35.35835   159.20849              -162.058    108.521    4096
       2645 22.04166666667   35.12050   159.26067              -161.920  -2331.659    4096
       2646 22.05000000000   34.88285   159.31247              -161.901    105.666    4096
       2647 22.05833333333   34.64539   159.36391              -161.876    102.982    4096
       2648 22.06666666667   34.40813   159.41497              -161.856    116.592    4096
       2649 22.07500000000   34.17107   159.46567              -161.844    107.303    4096
       2650 22.08333333333   33.93420   159.51599              -161.762    116.964    4096
       2651 22.09166666667   33.69754   159.56595              -161.686  -2334.410    4096
       2652 22.10000000000   33.46107   159.61553              -161.565     98.452    4096
       2653 22.10833333333   33.22481   159.66475              -161.503    100.384    4096
       2654 22.11666666667   32.98875   159.71360              -161.430    110.463    4096
       2655 22.12500000000   32.75289   159.76208              -161.356    107.484    4096
       2656 22.13333333333   32.51724   159.81019              -161.295    107.712    4096
       2657 22.14166666667   32.28179   159.85793              -161.259    104.619    4096
       2658 22.15000000000   32.04655   159.90530              -161.235    102.430    4096
       2659 22.15833333333   31.81151   159.95231              -161.227    113.023    4096
       2660 22.16666666667   31.57669   159.99895              -161.220    107.189    4096
       2661 22.17500000000   31.34207   160.04522              -161.079    108.007    4096
       2662 22.18333333333   31.10766   160.09112              -161.062  -2330.184    4096
       2663 22.19166666667   30.87347   160.13666              -160.937    101.726    4096
       2664 22.20000000000   30.63949   160.18182              -160.933    104.990    4096
       2665 22.20833333333   30.40571   160.22663              -160.877    109.226    4096
       2666 22.21666666667   30.17216   160.27106              -160.798    114.518    4096
       2667 22.22500000000   29.93882   160.31513              -160.732    114.955    4096
       2668 22.23333333333   29.70569   160.35883              -160.606  -2323.369    4096
       2669 22.24166666667   29.47278   160.40216             18880.401  -2317.944    4096
       2670 22.25000000000   29.24009   160.44512              -160.397    108.969    4096
       2671 22.25833333333   29.00762   160.48772              -160.304    116.031    4096
       2672 22.26666666667   28.77536   160.52995              -160.201    115.070    4096
       2673 22.27500000000   28.54333   160.57182              -160.119    115.888    4096
       2674 22.28333333333   28.31151   160.61331              -160.035    121.094    4096
       2675 22.29166666667   28.07992   160.65444              -159.944    115.622    4096
       2676 22.30000000000   27.84855   160.69520              -159.977    110.568    4096
       2677 22.30833333333   27.61741   160.73559              -160.064    108.264    4096
       2678 22.31666666667   27.38649   160.77562              -160.057    114.394    4096
       2679 22.32500000000   27.15579   160.81528              -159.996    110.711    4096
       2680 22.33333333333   26.92532   160.85457              -159.963    110.463    4096
       2681 22.34166666667   26.69508   160.89349              -159.919    111.796    4096
       2682 22.35000000000   26.46506   160.93204              -159.959    108.160    4096
       2683 22.35833333333   26.23528   160.97022              -159.886    112.909    4096
       2684 22.36666666667   26.00572   161.00804              -159.762    105.666    4096
       2685 22.37500000000   25.77639   161.04548              -159.701    108.969    4096
       2686 22.38333333333   25.54730   161.08256              -159.551    120.542    4096
       2687 22.39166666667   25.31843   161.11927              -159.567    114.660    4096
       2688 22.40000000000   25.08980   161.15560              -159.468    106.884    4096
       2689 22.40833333333   24.86140   161.19157              -159.347    112.871    4096
       2690 22.41666666667   24.63324   161.22717              -159.263    106.884    4096
       2691 22.42500000000   24.40531   161.26239              -159.192    110.872    4096
       2692 22.43333333333   24.17761   161.29725              -159.128     99.013    4096
       2693 22.44166666667   23.95015   161.33173              -159.032    115.631    4096
       2694 22.45000000000   23.72293   161.36584              -158.806    115.774    4096
       2695 22.45833333333   23.49595   161.39958              -158.674    101.983    4096
       2696 22.46666666667   23.26921   161.43295              -158.561    112.614    4096
       2697 22.47500000000   23.04270   161.46594              -158.400    113.880    4096
       2698 22.48333333333   22.81644   161.49856              -158.289    114.289    4096
       2699 22.49166666667   22.59041   161.53081              -158.147    125.701    4096
       2700 22.50000000000   22.36463   161.56269              -158.041    117.002    4096
       2701 22.50833333333   22.13909   161.59418              -157.933    118.601    4096
       2702 22.51666666667   21.91379   161.62531              -157.808    116.450    4096
       2703 22.52500000000   21.68874   161.65606              -157.639    106.104    4096
       2704 22.53333333333   21.46393   161.68643              -157.601    106.066    4096
       2705 22.54166666667   21.23937   161.71643              -157.539    117.145    4096
       2706 22.55000000000   21.01505   161.74605              -157.527    104.067    4096
       2707 22.55833333333   20.79098   161.77529              -157.430    123.512    4096
       2708 22.56666666667   20.56716   161.80416              -157.369    121.047    4096
       2709 22.57500000000   20.34359   161.83265              -157.302    106.066    4096
       2710 22.58333333333   20.12026   161.86076              -157.230    115.479    4096
       2711 22.59166666667   19.89718   161.88849              -157.124  -2318.867    4096
       2712 22.60000000000   19.67436   161.91584              -157.028    114.099    4096
       2713 22.60833333333   19.45178   161.94281              -157.015    118.896    4096
       2714 22.61666666667   19.22946   161.96940              -156.995     98.747    4096
       2715 22.62500000000   19.00739   161.99561              -156.954     99.422    4096
       2716 22.63333333333   18.78557   162.02144              -156.895    113.994    4096
       2717 22.64166666667   18.56400   162.04688              -156.855    107.332    4096
       2718 22.65000000000   18.34269   162.07194              -156.751    129.537    4096
       2719 22.65833333333   18.12164   162.09662              -156.715    114.813    4096
       2720 22.66666666667   17.90084   162.12091              -156.673    117.106    4096
       2721 22.67500000000   17.68029   162.14482              -156.696    107.855    4096
       2722 22.68333333333   17.46001   162.16834              -156.592    112.500    4096
       2723 22.69166666667   17.23998   162.19148              -156.519    119.162    4096
       2724 22.70000000000   17.02021   162.21423              -156.544    127.338    4096
       2725 22.70833333333   16.80070   162.23659              -156.417  -2321.437    4096
       2726 22.71666666667   16.58145   162.25857              -156.345    101.726    4096
       2727 22.72500000000   16.36246   162.28015              -156.287    114.099    4096
       2728 22.73333333333   16.14373   162.30135              -156.328    125.958    4096
       2729 22.74166666667   15.92526   162.32215              -156.326    115.327    4096
       2730 22.75000000000   15.70705   162.34257              -156.214    121.875    4096
       2731 22.75833333333   15.48911   162.36259              -156.132    115.222    4096
       2732 22.76666666667   15.27143   162.38222              -156.082    113.061    4096
       2733 22.77500000000   15.05401   162.40146              -156.060    112.766    4096
       2734 22.78333333333   14.83686   162.42031              -156.146    126.367    4096
       2735 22.79166666667   14.61998   162.43876              -155.888    113.994    4096
       2736 22.80000000000   14.40336   162.45681              -155.830    117.668    4096
       2737 22.80833333333   14.18700   162.47447              -155.644    119.162    4096
       2738 22.81666666667   13.97092   162.49173                 0.000      0.000    5232
