# Created on 2022-09-13 07:27:25 
# Sources: obs\TPKL1681.22O, nav\TPKL1681.22N
# Satellite: G20
# Interval: 30.0
# Sampling interval: 0.0 (not used).
# Site: TPKL
# Position (L, B, H): 78.5290569025, 42.4638637031, 1886.01891334
# Position (X, Y, Z): 937429.6846, 4619604.6444, 4285027.6573
# datetime format: %Y-%m-%dT%H:%M:%S
# Columns: tsn, hour, el, az, tec.l1l2, tec.p1p2, validity
# (I11,1X,F14.11,1X,F10.5,1X,F11.5,1X,F21.3,1X,F10.3,1X,I7)
        605  5.04166666667   17.12485   172.45914              -140.346    159.603    4096
        606  5.05000000000   17.33245   172.39889              -140.789    168.607    4096
        607  5.05833333333   17.54036   172.33868              -140.941    156.738    4096
        608  5.06666666667   17.74858   172.27849              -141.405    156.738    4096
        609  5.07500000000   17.95711   172.21833              -141.782    167.788    4096
        610  5.08333333333   18.16594   172.15819              -142.191    154.587    4096
        611  5.09166666667   18.37508   172.09807              -142.671    157.157    4096
        612  5.10000000000   18.58453   172.03795              -143.110    149.276    4096
        613  5.10833333333   18.79428   171.97784              -143.659    141.653    4096
        614  5.11666666667   19.00433   171.91774              -144.141    144.108    4096
        615  5.12500000000   19.21468   171.85763              -144.640    144.622    4096
        616  5.13333333333   19.42533   171.79751              -145.117    143.138    4096
        617  5.14166666667   19.63628   171.73738              -145.681    134.952    4096
        618  5.15000000000   19.84753   171.67723              -146.164    132.801    4096
        619  5.15833333333   20.05907   171.61706              -146.643    134.029    4096
        620  5.16666666667   20.27090   171.55686              -147.151    146.002    4096
        621  5.17500000000   20.48303   171.49664              -147.654    136.999    4096
        622  5.18333333333   20.69545   171.43637              -148.085    138.750    4096
        623  5.19166666667   20.90815   171.37606              -148.521    143.651    4096
        624  5.20000000000   21.12115   171.31571              -149.032    153.617    4096
        625  5.20833333333   21.33443   171.25530              -149.430    151.580    4096
        626  5.21666666667   21.54800   171.19483              -149.898    152.693    4096
        627  5.22500000000   21.76185   171.13430              -150.304    150.238    4096
        628  5.23333333333   21.97598   171.07371              -150.677    144.223    4096
        629  5.24166666667   22.19039   171.01304              -151.026    148.191    4096
        630  5.25000000000   22.40508   170.95229              -151.413    147.078    4096
        631  5.25833333333   22.62005   170.89145              -151.764    145.184    4096
        632  5.26666666667   22.83530   170.83053              -152.147    141.243    4096
        633  5.27500000000   23.05082   170.76951              -152.527    141.396    4096
        634  5.28333333333   23.26661   170.70838              -152.877    135.361    4096
        635  5.29166666667   23.48267   170.64715              -153.223    135.361    4096
        636  5.30000000000   23.69901   170.58581              -153.514    125.958    4096
        637  5.30833333333   23.91561   170.52435              -153.777    147.782    4096
        638  5.31666666667   24.13247   170.46276              -154.104    135.514    4096
        639  5.32500000000   24.34961   170.40105              -154.376    137.560    4096
        640  5.33333333333   24.56700   170.33919              -154.651    146.412    4096
        641  5.34166666667   24.78465   170.27719              -154.914    153.626    4096
        642  5.35000000000   25.00257   170.21505              -155.276    153.626    4096
        643  5.35833333333   25.22074   170.15274              -155.673    147.896    4096
        644  5.36666666667   25.43917   170.09028              -155.968    147.896    4096
        645  5.37500000000   25.65785   170.02764              -156.291    135.666    4096
        646  5.38333333333   25.87678   169.96483              -156.628    142.024    4096
        647  5.39166666667   26.09597   169.90184              -156.841    132.801    4096
        648  5.40000000000   26.31540   169.83866              -157.096    132.506    4096
        649  5.40833333333   26.53508   169.77529              -157.381    143.956    4096
        650  5.41666666667   26.75501   169.71171              -157.756    136.599    4096
        651  5.42500000000   26.97517   169.64793              -158.098    138.341    4096
        652  5.43333333333   27.19558   169.58392              -158.417    138.084    4096
        653  5.44166666667   27.41623   169.51970              -158.726    131.431    4096
        654  5.45000000000   27.63711   169.45524              -159.089    137.122    4096
        655  5.45833333333   27.85823   169.39055              -159.386    136.190    4096
        656  5.46666666667   28.07958   169.32561              -159.687    125.844    4096
        657  5.47500000000   28.30116   169.26042              -159.964    131.164    4096
        658  5.48333333333   28.52297   169.19496              -160.291    127.224    4096
        659  5.49166666667   28.74501   169.12924              -160.609    124.882    4096
        660  5.50000000000   28.96727   169.06325              -160.936    136.999    4096
        661  5.50833333333   29.18976   168.99697              -161.173    118.220    4096
        662  5.51666666667   29.41246   168.93040              -161.444    124.882    4096
        663  5.52500000000   29.63539   168.86353              -161.677    124.216    4096
        664  5.53333333333   29.85852   168.79635              -161.894    137.303    4096
        665  5.54166666667   30.08188   168.72885              -162.179    125.853    4096
        666  5.55000000000   30.30544   168.66103              -162.401    135.514    4096
        667  5.55833333333   30.52921   168.59288              -162.595    125.330    4096
        668  5.56666666667   30.75319   168.52438              -162.811    127.186    4096
        669  5.57500000000   30.97737   168.45553              -163.047    135.666    4096
        670  5.58333333333   31.20176   168.38633              -163.244    138.084    4096
        671  5.59166666667   31.42634   168.31675              -163.410    131.021    4096
        672  5.60000000000   31.65112   168.24680              -163.609    139.721    4096
        673  5.60833333333   31.87609   168.17645              -163.771    139.721    4096
        674  5.61666666667   32.10126   168.10572              -163.933    140.939    4096
        675  5.62500000000   32.32662   168.03457              -164.052    132.915    4096
        676  5.63333333333   32.55216   167.96301              -164.214    137.265    4096
        677  5.64166666667   32.77788   167.89102              -164.390    136.190    4096
        678  5.65000000000   33.00379   167.81860              -164.505    139.568    4096
        679  5.65833333333   33.22988   167.74573              -164.712    140.682    4096
        680  5.66666666667   33.45614   167.67241              -164.802    122.836    4096
        681  5.67500000000   33.68257   167.59862              -164.940    131.840    4096
        682  5.68333333333   33.90918   167.52435              -165.089    140.273    4096
        683  5.69166666667   34.13595   167.44959              -165.307    138.226    4096
        684  5.70000000000   34.36288   167.37434              -165.543    135.666    4096
        685  5.70833333333   34.58998   167.29857              -165.722    127.186    4096
        686  5.71666666667   34.81724   167.22228              -165.866    128.452    4096
        687  5.72500000000   35.04465   167.14546              -166.072    124.216    4096
        688  5.73333333333   35.27221   167.06810              -166.271    116.849    4096
        689  5.74166666667   35.49992   166.99018              -166.476    124.483    4096
        690  5.75000000000   35.72778   166.91169              -166.699    123.245    4096
        691  5.75833333333   35.95578   166.83262              -166.888    126.672    4096
        692  5.76666666667   36.18392   166.75296              -166.888    126.672    4096
        693  5.77500000000   36.41220   166.67269              -167.253    118.601    4096
        694  5.78333333333   36.64061   166.59181              -167.432    130.612    4096
        695  5.79166666667   36.86914   166.51029              -167.624    134.657    4096
        696  5.80000000000   37.09781   166.42813              -167.832    129.489    4096
        697  5.80833333333   37.32659   166.34532              -168.004    129.489    4096
        698  5.81666666667   37.55550   166.26183              -168.204    131.174    4096
        699  5.82500000000   37.78452   166.17766              -168.358    131.830    4096
        700  5.83333333333   38.01365   166.09279              -168.500    128.566    4096
        701  5.84166666667   38.24289   166.00721              -168.689    126.253    4096
        702  5.85000000000   38.47224   165.92090              -168.840    130.051    4096
        703  5.85833333333   38.70168   165.83385              -169.006    130.203    4096
        704  5.86666666667   38.93122   165.74605              -169.180    133.467    4096
        705  5.87500000000   39.16086   165.65747              -169.271    120.942    4096
        706  5.88333333333   39.39058   165.56810              -169.382    128.157    4096
        707  5.89166666667   39.62038   165.47794              -169.499    134.962    4096
        708  5.90000000000   39.85027   165.38695              -169.663    129.127    4096
        709  5.90833333333   40.08023   165.29513              -169.742    125.844    4096
        710  5.91666666667   40.31026   165.20246              -169.903    131.983    4096
        711  5.92500000000   40.54036   165.10892              -170.032    126.110    4096
        712  5.93333333333   40.77053   165.01450              -170.187    121.504    4096
        713  5.94166666667   41.00075   164.91917              -170.264    121.504    4096
        714  5.95000000000   41.23102   164.82293              -170.394    125.292    4096
        715  5.95833333333   41.46135   164.72574              -170.491    126.929    4096
        716  5.96666666667   41.69172   164.62760              -170.584    126.929    4096
        717  5.97500000000   41.92213   164.52849              -170.809    126.110    4096
        718  5.98333333333   42.15257   164.42838              -170.940    128.261    4096
        719  5.99166666667   42.38305   164.32727              -171.131    127.072    4096
        720  6.00000000000   42.61355   164.22512              -171.308    128.709    4096
        721  6.00833333333   42.84406   164.12192              -171.488    130.308    4096
        722  6.01666666667   43.07460   164.01764              -171.682    121.618    4096
        723  6.02500000000   43.30514   163.91228              -171.805    127.224    4096
        724  6.03333333333   43.53569   163.80580              -171.991    130.193    4096
        725  6.04166666667   43.76623   163.69819              -172.182    130.193    4096
        726  6.05000000000   43.99677   163.58942              -172.424    125.558    4096
        727  6.05833333333   44.22730   163.47948              -172.638    126.110    4096
        728  6.06666666667   44.45780   163.36833              -172.850    122.018    4096
        729  6.07500000000   44.68829   163.25597              -173.028    115.879    4096
        730  6.08333333333   44.91874   163.14235              -173.232    121.199    4096
        731  6.09166666667   45.14916   163.02747              -173.425    122.170    4096
        732  6.10000000000   45.37953   162.91129              -173.644    125.587    4096
        733  6.10833333333   45.60986   162.79380              -173.850    129.641    4096
        734  6.11666666667   45.84013   162.67496              -174.072    124.921    4096
        735  6.12500000000   46.07034   162.55476              -174.240    124.921    4096
        736  6.13333333333   46.30049   162.43316              -174.402    117.934    4096
        737  6.14166666667   46.53055   162.31014              -174.601    123.912    4096
        738  6.15000000000   46.76054   162.18568              -174.744    114.917    4096
        739  6.15833333333   46.99044   162.05974              -174.892    129.384    4096
        740  6.16666666667   47.22024   161.93230              -175.087    133.467    4096
        741  6.17500000000   47.44994   161.80333              -175.245    131.840    4096
        742  6.18333333333   47.67954   161.67280              -175.411    121.723    4096
        743  6.19166666667   47.90901   161.54068              -175.536    119.981    4096
        744  6.20000000000   48.13836   161.40694              -175.689    120.124    4096
        745  6.20833333333   48.36757   161.27156              -175.815    124.730    4096
        746  6.21666666667   48.59665   161.13450              -175.958    128.975    4096
        747  6.22500000000   48.82558   160.99573              -176.104    124.625    4096
        748  6.23333333333   49.05435   160.85521              -176.214    120.495    4096
        749  6.24166666667   49.28295   160.71292              -176.347    123.512    4096
        750  6.25000000000   49.51139   160.56883              -176.482    125.139    4096
        751  6.25833333333   49.73964   160.42289              -176.647    130.612    4096
        752  6.26666666667   49.96770   160.27507              -176.773    125.292    4096
        753  6.27500000000   50.19556   160.12535              -176.923    116.707    4096
        754  6.28333333333   50.42321   159.97367              -177.058    111.272    4096
        755  6.29166666667   50.65064   159.82002              -177.164    114.955    4096
        756  6.30000000000   50.87784   159.66434              -177.296    118.334    4096
        757  6.30833333333   51.10481   159.50660              -177.445    115.774    4096
        758  6.31666666667   51.33153   159.34677              -177.593    119.829    4096
        759  6.32500000000   51.55800   159.18480              -177.727    116.326    4096
        760  6.33333333333   51.78419   159.02066              -177.855    112.357    4096
        761  6.34166666667   52.01011   158.85430              -177.960    115.108    4096
        762  6.35000000000   52.23574   158.68568              -178.072    111.424    4096
        763  6.35833333333   52.46107   158.51476              -178.181    117.668    4096
        764  6.36666666667   52.68609   158.34150              -178.325    109.492    4096
        765  6.37500000000   52.91079   158.16586              -178.440    107.446    4096
        766  6.38333333333   53.13515   157.98778              -178.544    112.500    4096
        767  6.39166666667   53.35917   157.80723              -178.642    116.440    4096
        768  6.40000000000   53.58283   157.62415              -178.762    111.691    4096
        769  6.40833333333   53.80612   157.43851              -178.857    111.120    4096
        770  6.41666666667   54.02903   157.25025              -178.923    115.774    4096
        771  6.42500000000   54.25155   157.05933              -179.051    119.305    4096
        772  6.43333333333   54.47365   156.86569              -179.167    122.836    4096
        773  6.44166666667   54.69534   156.66929              -179.288    109.902    4096
        774  6.45000000000   54.91659   156.47007              -179.362    116.040    4096
        775  6.45833333333   55.13740   156.26798              -179.472    114.813    4096
        776  6.46666666667   55.35774   156.06298              -179.552    110.977    4096
        777  6.47500000000   55.57761   155.85500              -179.663    110.872    4096
        778  6.48333333333   55.79698   155.64399              -179.759    119.191    4096
        779  6.49166666667   56.01584   155.42989              -179.905    120.533    4096
        780  6.50000000000   56.23419   155.21265              -180.046    119.971    4096
        781  6.50833333333   56.45200   154.99222              -180.153    114.813    4096
        782  6.51666666667   56.66925   154.76852              -180.259    114.099    4096
        783  6.52500000000   56.88593   154.54151              -180.367    119.305    4096
        784  6.53333333333   57.10203   154.31112              -180.467    114.403    4096
        785  6.54166666667   57.31752   154.07729              -180.593    119.010    4096
        786  6.55000000000   57.53240   153.83996              -180.719    119.010    4096
        787  6.55833333333   57.74663   153.59906              -180.719    117.411    4096
        788  6.56666666667   57.96021   153.35454              -180.960    117.411    4096
        789  6.57500000000   58.17311   153.10632              -181.036    115.365    4096
        790  6.58333333333   58.38531   152.85433              -181.146    118.077    4096
        791  6.59166666667   58.59681   152.59853              -181.265    124.882    4096
        792  6.60000000000   58.80757   152.33882              -181.357    118.230    4096
        793  6.60833333333   59.01757   152.07515              -181.459    116.183    4096
        794  6.61666666667   59.22680   151.80744              -181.528    116.745    4096
        795  6.62500000000   59.43524   151.53563              -181.592    118.896    4096
        796  6.63333333333   59.64286   151.25964              -181.694    123.093    4096
        797  6.64166666667   59.84964   150.97940              -181.800    120.238    4096
        798  6.65000000000   60.05556   150.69483              -181.875    119.039    4096
        799  6.65833333333   60.26059   150.40587              -181.963    116.592    4096
        800  6.66666666667   60.46472   150.11243              -182.025    118.753    4096
        801  6.67500000000   60.66792   149.81444              -182.115    117.563    4096
        802  6.68333333333   60.87016   149.51182              -182.182    113.318    4096
        803  6.69166666667   61.07142   149.20450              -182.282    117.668    4096
        804  6.70000000000   61.27168   148.89239              -182.359    119.200    4096
        805  6.70833333333   61.47090   148.57543              -182.418    118.344    4096
